Ausbildungsfeld,Canton,Ausbildungstyp,Geschlecht_Total,Geschlecht_Vollschulisch,Geschlecht_Dual,Mann_Total,Mann_Vollschulisch,Mann_Dual,Frau_Total,Frau_Vollschulisch,Frau_Dual
Total,,abt-total,78292,7351,70941,44886,4079,40807,33406,3272,30134
Total,,EFZ,71341,7144,64197,41007,3959,37048,30334,3185,27149
Total,,EBA,6909,168,6741,3872,114,3758,3037,54,2983
Total,,nReglementiert,42,39,3,7,6,1,35,33,2
Total,ZH,abt-total,12405,210,12195,6762,166,6596,5643,44,5599
Total,ZH,EFZ,11296,203,11093,6175,159,6016,5121,44,5077
Total,ZH,EBA,1109,7,1102,587,7,580,522,0,522
Total,ZH,nReglementiert,0,0,0,0,0,0,0,0,0
Total,BE,abt-total,10199,495,9704,5704,341,5363,4495,154,4341
Total,BE,EFZ,9219,385,8834,5123,255,4868,4096,130,3966
Total,BE,EBA,980,110,870,581,86,495,399,24,375
Total,BE,nReglementiert,0,0,0,0,0,0,0,0,0
Total,LU,abt-total,4187,15,4172,2353,7,2346,1834,8,1826
Total,LU,EFZ,3722,15,3707,2102,7,2095,1620,8,1612
Total,LU,EBA,465,0,465,251,0,251,214,0,214
Total,LU,nReglementiert,0,0,0,0,0,0,0,0,0
Total,UR,abt-total,403,0,403,234,0,234,169,0,169
Total,UR,EFZ,381,0,381,219,0,219,162,0,162
Total,UR,EBA,22,0,22,15,0,15,7,0,7
Total,UR,nReglementiert,0,0,0,0,0,0,0,0,0
Total,SZ,abt-total,1252,21,1231,741,15,726,511,6,505
Total,SZ,EFZ,1132,21,1111,678,15,663,454,6,448
Total,SZ,EBA,120,0,120,63,0,63,57,0,57
Total,SZ,nReglementiert,0,0,0,0,0,0,0,0,0
Total,OW,abt-total,387,0,387,245,0,245,142,0,142
Total,OW,EFZ,365,0,365,230,0,230,135,0,135
Total,OW,EBA,22,0,22,15,0,15,7,0,7
Total,OW,nReglementiert,0,0,0,0,0,0,0,0,0
Total,NW,abt-total,395,0,395,214,0,214,181,0,181
Total,NW,EFZ,365,0,365,201,0,201,164,0,164
Total,NW,EBA,30,0,30,13,0,13,17,0,17
Total,NW,nReglementiert,0,0,0,0,0,0,0,0,0
Total,GL,abt-total,460,0,460,262,0,262,198,0,198
Total,GL,EFZ,410,0,410,236,0,236,174,0,174
Total,GL,EBA,50,0,50,26,0,26,24,0,24
Total,GL,nReglementiert,0,0,0,0,0,0,0,0,0
Total,ZG,abt-total,1218,33,1185,680,15,665,538,18,520
Total,ZG,EFZ,1119,33,1086,635,15,620,484,18,466
Total,ZG,EBA,99,0,99,45,0,45,54,0,54
Total,ZG,nReglementiert,0,0,0,0,0,0,0,0,0
Total,FR,abt-total,2852,155,2697,1773,111,1662,1079,44,1035
Total,FR,EFZ,2667,155,2512,1668,111,1557,999,44,955
Total,FR,EBA,185,0,185,105,0,105,80,0,80
Total,FR,nReglementiert,0,0,0,0,0,0,0,0,0
Total,SO,abt-total,2287,43,2244,1325,25,1300,962,18,944
Total,SO,EFZ,1997,43,1954,1170,25,1145,827,18,809
Total,SO,EBA,290,0,290,155,0,155,135,0,135
Total,SO,nReglementiert,0,0,0,0,0,0,0,0,0
Total,BS,abt-total,1986,58,1928,1015,34,981,971,24,947
Total,BS,EFZ,1720,53,1667,898,30,868,822,23,799
Total,BS,EBA,266,5,261,117,4,113,149,1,148
Total,BS,nReglementiert,0,0,0,0,0,0,0,0,0
Total,BL,abt-total,2031,0,2031,1258,0,1258,773,0,773
Total,BL,EFZ,1751,0,1751,1105,0,1105,646,0,646
Total,BL,EBA,280,0,280,153,0,153,127,0,127
Total,Bl,nReglementiert,0,0,0,0,0,0,0,0,0
Total,SH,abt-total,901,47,854,502,25,477,399,22,377
Total,SH,EFZ,818,47,771,455,25,430,363,22,341
Total,SH,EBA,83,0,83,47,0,47,36,0,36
Total,SH,nReglementiert,0,0,0,0,0,0,0,0,0
Total,AR,abt-total,517,11,506,285,7,278,232,4,228
Total,AR,EFZ,460,11,449,248,7,241,212,4,208
Total,AR,EBA,57,0,57,37,0,37,20,0,20
Total,AR,nReglementiert,0,0,0,0,0,0,0,0,0
Total,AI,abt-total,167,0,167,105,0,105,62,0,62
Total,AI,EFZ,159,0,159,101,0,101,58,0,58
Total,AI,EBA,8,0,8,4,0,4,4,0,4
Total,AI,nReglementiert,0,0,0,0,0,0,0,0,0
Total,SG,abt-total,5648,125,5523,3165,67,3098,2483,58,2425
Total,SG,EFZ,5119,125,4994,2868,67,2801,2251,58,2193
Total,SG,EBA,529,0,529,297,0,297,232,0,232
Total,SG,nReglementiert,0,0,0,0,0,0,0,0,0
Total,GR,abt-total,2021,14,2007,1147,10,1137,874,4,870
Total,GR,EFZ,1860,13,1847,1053,9,1044,807,4,803
Total,GR,EBA,161,1,160,94,1,93,67,0,67
Total,GR,nReglementiert,0,0,0,0,0,0,0,0,0
Total,AG,abt-total,5705,0,5705,3303,0,3303,2402,0,2402
Total,AG,EFZ,5125,0,5125,2987,0,2987,2138,0,2138
Total,AG,EBA,580,0,580,316,0,316,264,0,264
Total,AG,nReglementiert,0,0,0,0,0,0,0,0,0
Total,TG,abt-total,2462,80,2382,1492,50,1442,970,30,940
Total,TG,EFZ,2209,80,2129,1339,50,1289,870,30,840
Total,TG,EBA,253,0,253,153,0,153,100,0,100
Total,TG,nReglementiert,0,0,0,0,0,0,0,0,0
Total,TI,abt-total,4385,2062,2323,2520,922,1598,1865,1140,725
Total,TI,EFZ,4166,2062,2104,2391,922,1469,1775,1140,635
Total,TI,EBA,219,0,219,129,0,129,90,0,90
Total,TI,nReglementiert,0,0,0,0,0,0,0,0,0
Total,VD,abt-total,6362,1177,5185,3639,643,2996,2723,534,2189
Total,VD,EFZ,5961,1177,4784,3388,643,2745,2573,534,2039
Total,VD,EBA,401,0,401,251,0,251,150,0,150
Total,VD,nReglementiert,0,0,0,0,0,0,0,0,0
Total,VS,abt-total,3021,333,2688,1837,125,1712,1184,208,976
Total,VS,EFZ,2738,283,2455,1679,119,1560,1059,164,895
Total,VS,EBA,243,11,232,151,0,151,92,11,81
Total,VS,nReglementiert,40,39,1,7,6,1,33,33,0
Total,NE,abt-total,2172,597,1575,1279,364,915,893,233,660
Total,NE,EFZ,2031,597,1434,1205,364,841,826,233,593
Total,NE,EBA,139,0,139,74,0,74,65,0,65
Total,NE,nReglementiert,2,0,2,0,0,0,2,0,2
Total,GE,abt-total,3926,1629,2297,2471,1029,1442,1455,600,855
Total,GE,EFZ,3673,1603,2070,2316,1014,1302,1357,589,768
Total,GE,EBA,253,26,227,155,15,140,98,11,87
Total,GE,nReglementiert,0,0,0,0,0,0,0,0,0
Total,JU,abt-total,943,246,697,575,123,452,368,123,245
Total,JU,EFZ,878,238,640,537,122,415,341,116,225
Total,JU,EBA,65,8,57,38,1,37,27,7,20
Total,JU,nReglementiert,0,0,0,0,0,0,0,0,0
Musik und darstellende Kunst,,abt-total,51,32,19,14,7,7,37,25,12
Musik und darstellende Kunst,,EFZ,51,32,19,14,7,7,37,25,12
Musik und darstellende Kunst,,EBA,0,0,0,0,0,0,0,0,0
Musik und darstellende Kunst,,nReglementiert,0,0,0,0,0,0,0,0,0
Musik und darstellende Kunst,ZH,abt-total,16,0,16,7,0,7,9,0,9
Musik und darstellende Kunst,ZH,EFZ,16,0,16,7,0,7,9,0,9
Musik und darstellende Kunst,ZH,EBA,0,0,0,0,0,0,0,0,0
Musik und darstellende Kunst,ZH,nReglementiert,0,0,0,0,0,0,0,0,0
Musik und darstellende Kunst,BE,abt-total,0,0,0,0,0,0,0,0,0
Musik und darstellende Kunst,BE,EFZ,0,0,0,0,0,0,0,0,0
Musik und darstellende Kunst,BE,EBA,0,0,0,0,0,0,0,0,0
Musik und darstellende Kunst,BE,nReglementiert,0,0,0,0,0,0,0,0,0
Musik und darstellende Kunst,LU,abt-total,0,0,0,0,0,0,0,0,0
Musik und darstellende Kunst,LU,EFZ,0,0,0,0,0,0,0,0,0
Musik und darstellende Kunst,LU,EBA,0,0,0,0,0,0,0,0,0
Musik und darstellende Kunst,LU,nReglementiert,0,0,0,0,0,0,0,0,0
Musik und darstellende Kunst,UR,abt-total,0,0,0,0,0,0,0,0,0
Musik und darstellende Kunst,UR,EFZ,0,0,0,0,0,0,0,0,0
Musik und darstellende Kunst,UR,EBA,0,0,0,0,0,0,0,0,0
Musik und darstellende Kunst,UR,nReglementiert,0,0,0,0,0,0,0,0,0
Musik und darstellende Kunst,SZ,abt-total,0,0,0,0,0,0,0,0,0
Musik und darstellende Kunst,SZ,EFZ,0,0,0,0,0,0,0,0,0
Musik und darstellende Kunst,SZ,EBA,0,0,0,0,0,0,0,0,0
Musik und darstellende Kunst,SZ,nReglementiert,0,0,0,0,0,0,0,0,0
Musik und darstellende Kunst,OW,abt-total,0,0,0,0,0,0,0,0,0
Musik und darstellende Kunst,OW,EFZ,0,0,0,0,0,0,0,0,0
Musik und darstellende Kunst,OW,EBA,0,0,0,0,0,0,0,0,0
Musik und darstellende Kunst,OW,nReglementiert,0,0,0,0,0,0,0,0,0
Musik und darstellende Kunst,NW,abt-total,0,0,0,0,0,0,0,0,0
Musik und darstellende Kunst,NW,EFZ,0,0,0,0,0,0,0,0,0
Musik und darstellende Kunst,NW,EBA,0,0,0,0,0,0,0,0,0
Musik und darstellende Kunst,NW,nReglementiert,0,0,0,0,0,0,0,0,0
Musik und darstellende Kunst,GL,abt-total,0,0,0,0,0,0,0,0,0
Musik und darstellende Kunst,GL,EFZ,0,0,0,0,0,0,0,0,0
Musik und darstellende Kunst,GL,EBA,0,0,0,0,0,0,0,0,0
Musik und darstellende Kunst,GL,nReglementiert,0,0,0,0,0,0,0,0,0
Musik und darstellende Kunst,ZG,abt-total,0,0,0,0,0,0,0,0,0
Musik und darstellende Kunst,ZG,EFZ,0,0,0,0,0,0,0,0,0
Musik und darstellende Kunst,ZG,EBA,0,0,0,0,0,0,0,0,0
Musik und darstellende Kunst,ZG,nReglementiert,0,0,0,0,0,0,0,0,0
Musik und darstellende Kunst,FR,abt-total,0,0,0,0,0,0,0,0,0
Musik und darstellende Kunst,FR,EFZ,0,0,0,0,0,0,0,0,0
Musik und darstellende Kunst,FR,EBA,0,0,0,0,0,0,0,0,0
Musik und darstellende Kunst,FR,nReglementiert,0,0,0,0,0,0,0,0,0
Musik und darstellende Kunst,SO,abt-total,0,0,0,0,0,0,0,0,0
Musik und darstellende Kunst,SO,EFZ,0,0,0,0,0,0,0,0,0
Musik und darstellende Kunst,SO,EBA,0,0,0,0,0,0,0,0,0
Musik und darstellende Kunst,SO,nReglementiert,0,0,0,0,0,0,0,0,0
Musik und darstellende Kunst,BS,abt-total,17,14,3,4,4,0,13,10,3
Musik und darstellende Kunst,BS,EFZ,17,14,3,4,4,0,13,10,3
Musik und darstellende Kunst,BS,EBA,0,0,0,0,0,0,0,0,0
Musik und darstellende Kunst,BS,nReglementiert,0,0,0,0,0,0,0,0,0
Musik und darstellende Kunst,BL,abt-total,0,0,0,0,0,0,0,0,0
Musik und darstellende Kunst,BL,EFZ,0,0,0,0,0,0,0,0,0
Musik und darstellende Kunst,BL,EBA,0,0,0,0,0,0,0,0,0
Musik und darstellende Kunst,Bl,nReglementiert,0,0,0,0,0,0,0,0,0
Musik und darstellende Kunst,SH,abt-total,0,0,0,0,0,0,0,0,0
Musik und darstellende Kunst,SH,EFZ,0,0,0,0,0,0,0,0,0
Musik und darstellende Kunst,SH,EBA,0,0,0,0,0,0,0,0,0
Musik und darstellende Kunst,SH,nReglementiert,0,0,0,0,0,0,0,0,0
Musik und darstellende Kunst,AR,abt-total,0,0,0,0,0,0,0,0,0
Musik und darstellende Kunst,AR,EFZ,0,0,0,0,0,0,0,0,0
Musik und darstellende Kunst,AR,EBA,0,0,0,0,0,0,0,0,0
Musik und darstellende Kunst,AR,nReglementiert,0,0,0,0,0,0,0,0,0
Musik und darstellende Kunst,AI,abt-total,0,0,0,0,0,0,0,0,0
Musik und darstellende Kunst,AI,EFZ,0,0,0,0,0,0,0,0,0
Musik und darstellende Kunst,AI,EBA,0,0,0,0,0,0,0,0,0
Musik und darstellende Kunst,AI,nReglementiert,0,0,0,0,0,0,0,0,0
Musik und darstellende Kunst,SG,abt-total,0,0,0,0,0,0,0,0,0
Musik und darstellende Kunst,SG,EFZ,0,0,0,0,0,0,0,0,0
Musik und darstellende Kunst,SG,EBA,0,0,0,0,0,0,0,0,0
Musik und darstellende Kunst,SG,nReglementiert,0,0,0,0,0,0,0,0,0
Musik und darstellende Kunst,GR,abt-total,0,0,0,0,0,0,0,0,0
Musik und darstellende Kunst,GR,EFZ,0,0,0,0,0,0,0,0,0
Musik und darstellende Kunst,GR,EBA,0,0,0,0,0,0,0,0,0
Musik und darstellende Kunst,GR,nReglementiert,0,0,0,0,0,0,0,0,0
Musik und darstellende Kunst,AG,abt-total,0,0,0,0,0,0,0,0,0
Musik und darstellende Kunst,AG,EFZ,0,0,0,0,0,0,0,0,0
Musik und darstellende Kunst,AG,EBA,0,0,0,0,0,0,0,0,0
Musik und darstellende Kunst,AG,nReglementiert,0,0,0,0,0,0,0,0,0
Musik und darstellende Kunst,TG,abt-total,0,0,0,0,0,0,0,0,0
Musik und darstellende Kunst,TG,EFZ,0,0,0,0,0,0,0,0,0
Musik und darstellende Kunst,TG,EBA,0,0,0,0,0,0,0,0,0
Musik und darstellende Kunst,TG,nReglementiert,0,0,0,0,0,0,0,0,0
Musik und darstellende Kunst,TI,abt-total,0,0,0,0,0,0,0,0,0
Musik und darstellende Kunst,TI,EFZ,0,0,0,0,0,0,0,0,0
Musik und darstellende Kunst,TI,EBA,0,0,0,0,0,0,0,0,0
Musik und darstellende Kunst,TI,nReglementiert,0,0,0,0,0,0,0,0,0
Musik und darstellende Kunst,VD,abt-total,0,0,0,0,0,0,0,0,0
Musik und darstellende Kunst,VD,EFZ,0,0,0,0,0,0,0,0,0
Musik und darstellende Kunst,VD,EBA,0,0,0,0,0,0,0,0,0
Musik und darstellende Kunst,VD,nReglementiert,0,0,0,0,0,0,0,0,0
Musik und darstellende Kunst,VS,abt-total,0,0,0,0,0,0,0,0,0
Musik und darstellende Kunst,VS,EFZ,0,0,0,0,0,0,0,0,0
Musik und darstellende Kunst,VS,EBA,0,0,0,0,0,0,0,0,0
Musik und darstellende Kunst,VS,nReglementiert,0,0,0,0,0,0,0,0,0
Musik und darstellende Kunst,NE,abt-total,0,0,0,0,0,0,0,0,0
Musik und darstellende Kunst,NE,EFZ,0,0,0,0,0,0,0,0,0
Musik und darstellende Kunst,NE,EBA,0,0,0,0,0,0,0,0,0
Musik und darstellende Kunst,NE,nReglementiert,0,0,0,0,0,0,0,0,0
Musik und darstellende Kunst,GE,abt-total,18,18,0,3,3,0,15,15,0
Musik und darstellende Kunst,GE,EFZ,18,18,0,3,3,0,15,15,0
Musik und darstellende Kunst,GE,EBA,0,0,0,0,0,0,0,0,0
Musik und darstellende Kunst,GE,nReglementiert,0,0,0,0,0,0,0,0,0
Musik und darstellende Kunst,JU,abt-total,0,0,0,0,0,0,0,0,0
Musik und darstellende Kunst,JU,EFZ,0,0,0,0,0,0,0,0,0
Musik und darstellende Kunst,JU,EBA,0,0,0,0,0,0,0,0,0
Musik und darstellende Kunst,JU,nReglementiert,0,0,0,0,0,0,0,0,0
Audiovisuelle Techniken und Medienproduktion,,abt-total,1283,375,908,684,184,500,599,191,408
Audiovisuelle Techniken und Medienproduktion,,EFZ,1259,375,884,666,184,482,593,191,402
Audiovisuelle Techniken und Medienproduktion,,EBA,24,0,24,18,0,18,6,0,6
Audiovisuelle Techniken und Medienproduktion,,nReglementiert,0,0,0,0,0,0,0,0,0
Audiovisuelle Techniken und Medienproduktion,ZH,abt-total,174,0,174,91,0,91,83,0,83
Audiovisuelle Techniken und Medienproduktion,ZH,EFZ,173,0,173,90,0,90,83,0,83
Audiovisuelle Techniken und Medienproduktion,ZH,EBA,1,0,1,1,0,1,0,0,0
Audiovisuelle Techniken und Medienproduktion,ZH,nReglementiert,0,0,0,0,0,0,0,0,0
Audiovisuelle Techniken und Medienproduktion,BE,abt-total,177,18,159,100,5,95,77,13,64
Audiovisuelle Techniken und Medienproduktion,BE,EFZ,173,18,155,98,5,93,75,13,62
Audiovisuelle Techniken und Medienproduktion,BE,EBA,4,0,4,2,0,2,2,0,2
Audiovisuelle Techniken und Medienproduktion,BE,nReglementiert,0,0,0,0,0,0,0,0,0
Audiovisuelle Techniken und Medienproduktion,LU,abt-total,80,15,65,44,7,37,36,8,28
Audiovisuelle Techniken und Medienproduktion,LU,EFZ,77,15,62,42,7,35,35,8,27
Audiovisuelle Techniken und Medienproduktion,LU,EBA,3,0,3,2,0,2,1,0,1
Audiovisuelle Techniken und Medienproduktion,LU,nReglementiert,0,0,0,0,0,0,0,0,0
Audiovisuelle Techniken und Medienproduktion,UR,abt-total,4,0,4,1,0,1,3,0,3
Audiovisuelle Techniken und Medienproduktion,UR,EFZ,4,0,4,1,0,1,3,0,3
Audiovisuelle Techniken und Medienproduktion,UR,EBA,0,0,0,0,0,0,0,0,0
Audiovisuelle Techniken und Medienproduktion,UR,nReglementiert,0,0,0,0,0,0,0,0,0
Audiovisuelle Techniken und Medienproduktion,SZ,abt-total,11,0,11,6,0,6,5,0,5
Audiovisuelle Techniken und Medienproduktion,SZ,EFZ,10,0,10,5,0,5,5,0,5
Audiovisuelle Techniken und Medienproduktion,SZ,EBA,1,0,1,1,0,1,0,0,0
Audiovisuelle Techniken und Medienproduktion,SZ,nReglementiert,0,0,0,0,0,0,0,0,0
Audiovisuelle Techniken und Medienproduktion,OW,abt-total,5,0,5,4,0,4,1,0,1
Audiovisuelle Techniken und Medienproduktion,OW,EFZ,4,0,4,4,0,4,0,0,0
Audiovisuelle Techniken und Medienproduktion,OW,EBA,1,0,1,0,0,0,1,0,1
Audiovisuelle Techniken und Medienproduktion,OW,nReglementiert,0,0,0,0,0,0,0,0,0
Audiovisuelle Techniken und Medienproduktion,NW,abt-total,6,0,6,4,0,4,2,0,2
Audiovisuelle Techniken und Medienproduktion,NW,EFZ,6,0,6,4,0,4,2,0,2
Audiovisuelle Techniken und Medienproduktion,NW,EBA,0,0,0,0,0,0,0,0,0
Audiovisuelle Techniken und Medienproduktion,NW,nReglementiert,0,0,0,0,0,0,0,0,0
Audiovisuelle Techniken und Medienproduktion,GL,abt-total,2,0,2,1,0,1,1,0,1
Audiovisuelle Techniken und Medienproduktion,GL,EFZ,2,0,2,1,0,1,1,0,1
Audiovisuelle Techniken und Medienproduktion,GL,EBA,0,0,0,0,0,0,0,0,0
Audiovisuelle Techniken und Medienproduktion,GL,nReglementiert,0,0,0,0,0,0,0,0,0
Audiovisuelle Techniken und Medienproduktion,ZG,abt-total,23,0,23,10,0,10,13,0,13
Audiovisuelle Techniken und Medienproduktion,ZG,EFZ,23,0,23,10,0,10,13,0,13
Audiovisuelle Techniken und Medienproduktion,ZG,EBA,0,0,0,0,0,0,0,0,0
Audiovisuelle Techniken und Medienproduktion,ZG,nReglementiert,0,0,0,0,0,0,0,0,0
Audiovisuelle Techniken und Medienproduktion,FR,abt-total,72,38,34,41,22,19,31,16,15
Audiovisuelle Techniken und Medienproduktion,FR,EFZ,72,38,34,41,22,19,31,16,15
Audiovisuelle Techniken und Medienproduktion,FR,EBA,0,0,0,0,0,0,0,0,0
Audiovisuelle Techniken und Medienproduktion,FR,nReglementiert,0,0,0,0,0,0,0,0,0
Audiovisuelle Techniken und Medienproduktion,SO,abt-total,23,0,23,14,0,14,9,0,9
Audiovisuelle Techniken und Medienproduktion,SO,EFZ,22,0,22,13,0,13,9,0,9
Audiovisuelle Techniken und Medienproduktion,SO,EBA,1,0,1,1,0,1,0,0,0
Audiovisuelle Techniken und Medienproduktion,SO,nReglementiert,0,0,0,0,0,0,0,0,0
Audiovisuelle Techniken und Medienproduktion,BS,abt-total,10,0,10,5,0,5,5,0,5
Audiovisuelle Techniken und Medienproduktion,BS,EFZ,9,0,9,4,0,4,5,0,5
Audiovisuelle Techniken und Medienproduktion,BS,EBA,1,0,1,1,0,1,0,0,0
Audiovisuelle Techniken und Medienproduktion,BS,nReglementiert,0,0,0,0,0,0,0,0,0
Audiovisuelle Techniken und Medienproduktion,BL,abt-total,15,0,15,11,0,11,4,0,4
Audiovisuelle Techniken und Medienproduktion,BL,EFZ,14,0,14,10,0,10,4,0,4
Audiovisuelle Techniken und Medienproduktion,BL,EBA,1,0,1,1,0,1,0,0,0
Audiovisuelle Techniken und Medienproduktion,Bl,nReglementiert,0,0,0,0,0,0,0,0,0
Audiovisuelle Techniken und Medienproduktion,SH,abt-total,15,0,15,7,0,7,8,0,8
Audiovisuelle Techniken und Medienproduktion,SH,EFZ,13,0,13,6,0,6,7,0,7
Audiovisuelle Techniken und Medienproduktion,SH,EBA,2,0,2,1,0,1,1,0,1
Audiovisuelle Techniken und Medienproduktion,SH,nReglementiert,0,0,0,0,0,0,0,0,0
Audiovisuelle Techniken und Medienproduktion,AR,abt-total,4,0,4,3,0,3,1,0,1
Audiovisuelle Techniken und Medienproduktion,AR,EFZ,4,0,4,3,0,3,1,0,1
Audiovisuelle Techniken und Medienproduktion,AR,EBA,0,0,0,0,0,0,0,0,0
Audiovisuelle Techniken und Medienproduktion,AR,nReglementiert,0,0,0,0,0,0,0,0,0
Audiovisuelle Techniken und Medienproduktion,AI,abt-total,1,0,1,1,0,1,0,0,0
Audiovisuelle Techniken und Medienproduktion,AI,EFZ,1,0,1,1,0,1,0,0,0
Audiovisuelle Techniken und Medienproduktion,AI,EBA,0,0,0,0,0,0,0,0,0
Audiovisuelle Techniken und Medienproduktion,AI,nReglementiert,0,0,0,0,0,0,0,0,0
Audiovisuelle Techniken und Medienproduktion,SG,abt-total,80,13,67,31,5,26,49,8,41
Audiovisuelle Techniken und Medienproduktion,SG,EFZ,77,13,64,29,5,24,48,8,40
Audiovisuelle Techniken und Medienproduktion,SG,EBA,3,0,3,2,0,2,1,0,1
Audiovisuelle Techniken und Medienproduktion,SG,nReglementiert,0,0,0,0,0,0,0,0,0
Audiovisuelle Techniken und Medienproduktion,GR,abt-total,19,0,19,9,0,9,10,0,10
Audiovisuelle Techniken und Medienproduktion,GR,EFZ,19,0,19,9,0,9,10,0,10
Audiovisuelle Techniken und Medienproduktion,GR,EBA,0,0,0,0,0,0,0,0,0
Audiovisuelle Techniken und Medienproduktion,GR,nReglementiert,0,0,0,0,0,0,0,0,0
Audiovisuelle Techniken und Medienproduktion,AG,abt-total,67,0,67,40,0,40,27,0,27
Audiovisuelle Techniken und Medienproduktion,AG,EFZ,64,0,64,37,0,37,27,0,27
Audiovisuelle Techniken und Medienproduktion,AG,EBA,3,0,3,3,0,3,0,0,0
Audiovisuelle Techniken und Medienproduktion,AG,nReglementiert,0,0,0,0,0,0,0,0,0
Audiovisuelle Techniken und Medienproduktion,TG,abt-total,55,0,55,33,0,33,22,0,22
Audiovisuelle Techniken und Medienproduktion,TG,EFZ,54,0,54,32,0,32,22,0,22
Audiovisuelle Techniken und Medienproduktion,TG,EBA,1,0,1,1,0,1,0,0,0
Audiovisuelle Techniken und Medienproduktion,TG,nReglementiert,0,0,0,0,0,0,0,0,0
Audiovisuelle Techniken und Medienproduktion,TI,abt-total,48,22,26,27,11,16,21,11,10
Audiovisuelle Techniken und Medienproduktion,TI,EFZ,48,22,26,27,11,16,21,11,10
Audiovisuelle Techniken und Medienproduktion,TI,EBA,0,0,0,0,0,0,0,0,0
Audiovisuelle Techniken und Medienproduktion,TI,nReglementiert,0,0,0,0,0,0,0,0,0
Audiovisuelle Techniken und Medienproduktion,VD,abt-total,222,167,55,123,97,26,99,70,29
Audiovisuelle Techniken und Medienproduktion,VD,EFZ,221,167,54,122,97,25,99,70,29
Audiovisuelle Techniken und Medienproduktion,VD,EBA,1,0,1,1,0,1,0,0,0
Audiovisuelle Techniken und Medienproduktion,VD,nReglementiert,0,0,0,0,0,0,0,0,0
Audiovisuelle Techniken und Medienproduktion,VS,abt-total,73,35,38,40,14,26,33,21,12
Audiovisuelle Techniken und Medienproduktion,VS,EFZ,72,35,37,39,14,25,33,21,12
Audiovisuelle Techniken und Medienproduktion,VS,EBA,1,0,1,1,0,1,0,0,0
Audiovisuelle Techniken und Medienproduktion,VS,nReglementiert,0,0,0,0,0,0,0,0,0
Audiovisuelle Techniken und Medienproduktion,NE,abt-total,41,30,11,19,15,4,22,15,7
Audiovisuelle Techniken und Medienproduktion,NE,EFZ,41,30,11,19,15,4,22,15,7
Audiovisuelle Techniken und Medienproduktion,NE,EBA,0,0,0,0,0,0,0,0,0
Audiovisuelle Techniken und Medienproduktion,NE,nReglementiert,0,0,0,0,0,0,0,0,0
Audiovisuelle Techniken und Medienproduktion,GE,abt-total,52,37,15,18,8,10,34,29,5
Audiovisuelle Techniken und Medienproduktion,GE,EFZ,52,37,15,18,8,10,34,29,5
Audiovisuelle Techniken und Medienproduktion,GE,EBA,0,0,0,0,0,0,0,0,0
Audiovisuelle Techniken und Medienproduktion,GE,nReglementiert,0,0,0,0,0,0,0,0,0
Audiovisuelle Techniken und Medienproduktion,JU,abt-total,4,0,4,1,0,1,3,0,3
Audiovisuelle Techniken und Medienproduktion,JU,EFZ,4,0,4,1,0,1,3,0,3
Audiovisuelle Techniken und Medienproduktion,JU,EBA,0,0,0,0,0,0,0,0,0
Audiovisuelle Techniken und Medienproduktion,JU,nReglementiert,0,0,0,0,0,0,0,0,0
Design,,abt-total,395,65,330,109,15,94,286,50,236
Design,,EFZ,395,65,330,109,15,94,286,50,236
Design,,EBA,0,0,0,0,0,0,0,0,0
Design,,nReglementiert,0,0,0,0,0,0,0,0,0
Design,ZH,abt-total,61,0,61,11,0,11,50,0,50
Design,ZH,EFZ,61,0,61,11,0,11,50,0,50
Design,ZH,EBA,0,0,0,0,0,0,0,0,0
Design,ZH,nReglementiert,0,0,0,0,0,0,0,0,0
Design,BE,abt-total,51,0,51,16,0,16,35,0,35
Design,BE,EFZ,51,0,51,16,0,16,35,0,35
Design,BE,EBA,0,0,0,0,0,0,0,0,0
Design,BE,nReglementiert,0,0,0,0,0,0,0,0,0
Design,LU,abt-total,18,0,18,5,0,5,13,0,13
Design,LU,EFZ,18,0,18,5,0,5,13,0,13
Design,LU,EBA,0,0,0,0,0,0,0,0,0
Design,LU,nReglementiert,0,0,0,0,0,0,0,0,0
Design,UR,abt-total,2,0,2,0,0,0,2,0,2
Design,UR,EFZ,2,0,2,0,0,0,2,0,2
Design,UR,EBA,0,0,0,0,0,0,0,0,0
Design,UR,nReglementiert,0,0,0,0,0,0,0,0,0
Design,SZ,abt-total,7,0,7,4,0,4,3,0,3
Design,SZ,EFZ,7,0,7,4,0,4,3,0,3
Design,SZ,EBA,0,0,0,0,0,0,0,0,0
Design,SZ,nReglementiert,0,0,0,0,0,0,0,0,0
Design,OW,abt-total,1,0,1,0,0,0,1,0,1
Design,OW,EFZ,1,0,1,0,0,0,1,0,1
Design,OW,EBA,0,0,0,0,0,0,0,0,0
Design,OW,nReglementiert,0,0,0,0,0,0,0,0,0
Design,NW,abt-total,3,0,3,1,0,1,2,0,2
Design,NW,EFZ,3,0,3,1,0,1,2,0,2
Design,NW,EBA,0,0,0,0,0,0,0,0,0
Design,NW,nReglementiert,0,0,0,0,0,0,0,0,0
Design,GL,abt-total,2,0,2,0,0,0,2,0,2
Design,GL,EFZ,2,0,2,0,0,0,2,0,2
Design,GL,EBA,0,0,0,0,0,0,0,0,0
Design,GL,nReglementiert,0,0,0,0,0,0,0,0,0
Design,ZG,abt-total,4,0,4,1,0,1,3,0,3
Design,ZG,EFZ,4,0,4,1,0,1,3,0,3
Design,ZG,EBA,0,0,0,0,0,0,0,0,0
Design,ZG,nReglementiert,0,0,0,0,0,0,0,0,0
Design,FR,abt-total,10,0,10,3,0,3,7,0,7
Design,FR,EFZ,10,0,10,3,0,3,7,0,7
Design,FR,EBA,0,0,0,0,0,0,0,0,0
Design,FR,nReglementiert,0,0,0,0,0,0,0,0,0
Design,SO,abt-total,4,0,4,1,0,1,3,0,3
Design,SO,EFZ,4,0,4,1,0,1,3,0,3
Design,SO,EBA,0,0,0,0,0,0,0,0,0
Design,SO,nReglementiert,0,0,0,0,0,0,0,0,0
Design,BS,abt-total,9,0,9,2,0,2,7,0,7
Design,BS,EFZ,9,0,9,2,0,2,7,0,7
Design,BS,EBA,0,0,0,0,0,0,0,0,0
Design,BS,nReglementiert,0,0,0,0,0,0,0,0,0
Design,BL,abt-total,7,0,7,4,0,4,3,0,3
Design,BL,EFZ,7,0,7,4,0,4,3,0,3
Design,BL,EBA,0,0,0,0,0,0,0,0,0
Design,Bl,nReglementiert,0,0,0,0,0,0,0,0,0
Design,SH,abt-total,2,0,2,0,0,0,2,0,2
Design,SH,EFZ,2,0,2,0,0,0,2,0,2
Design,SH,EBA,0,0,0,0,0,0,0,0,0
Design,SH,nReglementiert,0,0,0,0,0,0,0,0,0
Design,AR,abt-total,0,0,0,0,0,0,0,0,0
Design,AR,EFZ,0,0,0,0,0,0,0,0,0
Design,AR,EBA,0,0,0,0,0,0,0,0,0
Design,AR,nReglementiert,0,0,0,0,0,0,0,0,0
Design,AI,abt-total,1,0,1,1,0,1,0,0,0
Design,AI,EFZ,1,0,1,1,0,1,0,0,0
Design,AI,EBA,0,0,0,0,0,0,0,0,0
Design,AI,nReglementiert,0,0,0,0,0,0,0,0,0
Design,SG,abt-total,29,0,29,4,0,4,25,0,25
Design,SG,EFZ,29,0,29,4,0,4,25,0,25
Design,SG,EBA,0,0,0,0,0,0,0,0,0
Design,SG,nReglementiert,0,0,0,0,0,0,0,0,0
Design,GR,abt-total,13,0,13,4,0,4,9,0,9
Design,GR,EFZ,13,0,13,4,0,4,9,0,9
Design,GR,EBA,0,0,0,0,0,0,0,0,0
Design,GR,nReglementiert,0,0,0,0,0,0,0,0,0
Design,AG,abt-total,37,0,37,7,0,7,30,0,30
Design,AG,EFZ,37,0,37,7,0,7,30,0,30
Design,AG,EBA,0,0,0,0,0,0,0,0,0
Design,AG,nReglementiert,0,0,0,0,0,0,0,0,0
Design,TG,abt-total,3,0,3,1,0,1,2,0,2
Design,TG,EFZ,3,0,3,1,0,1,2,0,2
Design,TG,EBA,0,0,0,0,0,0,0,0,0
Design,TG,nReglementiert,0,0,0,0,0,0,0,0,0
Design,TI,abt-total,26,20,6,8,5,3,18,15,3
Design,TI,EFZ,26,20,6,8,5,3,18,15,3
Design,TI,EBA,0,0,0,0,0,0,0,0,0
Design,TI,nReglementiert,0,0,0,0,0,0,0,0,0
Design,VD,abt-total,45,29,16,8,2,6,37,27,10
Design,VD,EFZ,45,29,16,8,2,6,37,27,10
Design,VD,EBA,0,0,0,0,0,0,0,0,0
Design,VD,nReglementiert,0,0,0,0,0,0,0,0,0
Design,VS,abt-total,9,0,9,5,0,5,4,0,4
Design,VS,EFZ,9,0,9,5,0,5,4,0,4
Design,VS,EBA,0,0,0,0,0,0,0,0,0
Design,VS,nReglementiert,0,0,0,0,0,0,0,0,0
Design,NE,abt-total,10,0,10,4,0,4,6,0,6
Design,NE,EFZ,10,0,10,4,0,4,6,0,6
Design,NE,EBA,0,0,0,0,0,0,0,0,0
Design,NE,nReglementiert,0,0,0,0,0,0,0,0,0
Design,GE,abt-total,39,16,23,19,8,11,20,8,12
Design,GE,EFZ,39,16,23,19,8,11,20,8,12
Design,GE,EBA,0,0,0,0,0,0,0,0,0
Design,GE,nReglementiert,0,0,0,0,0,0,0,0,0
Design,JU,abt-total,2,0,2,0,0,0,2,0,2
Design,JU,EFZ,2,0,2,0,0,0,2,0,2
Design,JU,EBA,0,0,0,0,0,0,0,0,0
Design,JU,nReglementiert,0,0,0,0,0,0,0,0,0
Kunstgewerbe,,abt-total,496,104,392,60,16,44,436,88,348
Kunstgewerbe,,EFZ,468,104,364,60,16,44,408,88,320
Kunstgewerbe,,EBA,28,0,28,0,0,0,28,0,28
Kunstgewerbe,,nReglementiert,0,0,0,0,0,0,0,0,0
Kunstgewerbe,ZH,abt-total,76,0,76,9,0,9,67,0,67
Kunstgewerbe,ZH,EFZ,67,0,67,9,0,9,58,0,58
Kunstgewerbe,ZH,EBA,9,0,9,0,0,0,9,0,9
Kunstgewerbe,ZH,nReglementiert,0,0,0,0,0,0,0,0,0
Kunstgewerbe,BE,abt-total,98,28,70,10,3,7,88,25,63
Kunstgewerbe,BE,EFZ,97,28,69,10,3,7,87,25,62
Kunstgewerbe,BE,EBA,1,0,1,0,0,0,1,0,1
Kunstgewerbe,BE,nReglementiert,0,0,0,0,0,0,0,0,0
Kunstgewerbe,LU,abt-total,26,0,26,2,0,2,24,0,24
Kunstgewerbe,LU,EFZ,25,0,25,2,0,2,23,0,23
Kunstgewerbe,LU,EBA,1,0,1,0,0,0,1,0,1
Kunstgewerbe,LU,nReglementiert,0,0,0,0,0,0,0,0,0
Kunstgewerbe,UR,abt-total,3,0,3,0,0,0,3,0,3
Kunstgewerbe,UR,EFZ,2,0,2,0,0,0,2,0,2
Kunstgewerbe,UR,EBA,1,0,1,0,0,0,1,0,1
Kunstgewerbe,UR,nReglementiert,0,0,0,0,0,0,0,0,0
Kunstgewerbe,SZ,abt-total,6,0,6,0,0,0,6,0,6
Kunstgewerbe,SZ,EFZ,4,0,4,0,0,0,4,0,4
Kunstgewerbe,SZ,EBA,2,0,2,0,0,0,2,0,2
Kunstgewerbe,SZ,nReglementiert,0,0,0,0,0,0,0,0,0
Kunstgewerbe,OW,abt-total,2,0,2,0,0,0,2,0,2
Kunstgewerbe,OW,EFZ,2,0,2,0,0,0,2,0,2
Kunstgewerbe,OW,EBA,0,0,0,0,0,0,0,0,0
Kunstgewerbe,OW,nReglementiert,0,0,0,0,0,0,0,0,0
Kunstgewerbe,NW,abt-total,1,0,1,0,0,0,1,0,1
Kunstgewerbe,NW,EFZ,1,0,1,0,0,0,1,0,1
Kunstgewerbe,NW,EBA,0,0,0,0,0,0,0,0,0
Kunstgewerbe,NW,nReglementiert,0,0,0,0,0,0,0,0,0
Kunstgewerbe,GL,abt-total,5,0,5,1,0,1,4,0,4
Kunstgewerbe,GL,EFZ,5,0,5,1,0,1,4,0,4
Kunstgewerbe,GL,EBA,0,0,0,0,0,0,0,0,0
Kunstgewerbe,GL,nReglementiert,0,0,0,0,0,0,0,0,0
Kunstgewerbe,ZG,abt-total,1,0,1,0,0,0,1,0,1
Kunstgewerbe,ZG,EFZ,1,0,1,0,0,0,1,0,1
Kunstgewerbe,ZG,EBA,0,0,0,0,0,0,0,0,0
Kunstgewerbe,ZG,nReglementiert,0,0,0,0,0,0,0,0,0
Kunstgewerbe,FR,abt-total,13,0,13,2,0,2,11,0,11
Kunstgewerbe,FR,EFZ,13,0,13,2,0,2,11,0,11
Kunstgewerbe,FR,EBA,0,0,0,0,0,0,0,0,0
Kunstgewerbe,FR,nReglementiert,0,0,0,0,0,0,0,0,0
Kunstgewerbe,SO,abt-total,13,0,13,1,0,1,12,0,12
Kunstgewerbe,SO,EFZ,13,0,13,1,0,1,12,0,12
Kunstgewerbe,SO,EBA,0,0,0,0,0,0,0,0,0
Kunstgewerbe,SO,nReglementiert,0,0,0,0,0,0,0,0,0
Kunstgewerbe,BS,abt-total,9,0,9,2,0,2,7,0,7
Kunstgewerbe,BS,EFZ,9,0,9,2,0,2,7,0,7
Kunstgewerbe,BS,EBA,0,0,0,0,0,0,0,0,0
Kunstgewerbe,BS,nReglementiert,0,0,0,0,0,0,0,0,0
Kunstgewerbe,BL,abt-total,6,0,6,2,0,2,4,0,4
Kunstgewerbe,BL,EFZ,5,0,5,2,0,2,3,0,3
Kunstgewerbe,BL,EBA,1,0,1,0,0,0,1,0,1
Kunstgewerbe,Bl,nReglementiert,0,0,0,0,0,0,0,0,0
Kunstgewerbe,SH,abt-total,6,0,6,1,0,1,5,0,5
Kunstgewerbe,SH,EFZ,4,0,4,1,0,1,3,0,3
Kunstgewerbe,SH,EBA,2,0,2,0,0,0,2,0,2
Kunstgewerbe,SH,nReglementiert,0,0,0,0,0,0,0,0,0
Kunstgewerbe,AR,abt-total,4,0,4,0,0,0,4,0,4
Kunstgewerbe,AR,EFZ,4,0,4,0,0,0,4,0,4
Kunstgewerbe,AR,EBA,0,0,0,0,0,0,0,0,0
Kunstgewerbe,AR,nReglementiert,0,0,0,0,0,0,0,0,0
Kunstgewerbe,AI,abt-total,0,0,0,0,0,0,0,0,0
Kunstgewerbe,AI,EFZ,0,0,0,0,0,0,0,0,0
Kunstgewerbe,AI,EBA,0,0,0,0,0,0,0,0,0
Kunstgewerbe,AI,nReglementiert,0,0,0,0,0,0,0,0,0
Kunstgewerbe,SG,abt-total,31,0,31,2,0,2,29,0,29
Kunstgewerbe,SG,EFZ,29,0,29,2,0,2,27,0,27
Kunstgewerbe,SG,EBA,2,0,2,0,0,0,2,0,2
Kunstgewerbe,SG,nReglementiert,0,0,0,0,0,0,0,0,0
Kunstgewerbe,GR,abt-total,12,0,12,0,0,0,12,0,12
Kunstgewerbe,GR,EFZ,11,0,11,0,0,0,11,0,11
Kunstgewerbe,GR,EBA,1,0,1,0,0,0,1,0,1
Kunstgewerbe,GR,nReglementiert,0,0,0,0,0,0,0,0,0
Kunstgewerbe,AG,abt-total,42,0,42,3,0,3,39,0,39
Kunstgewerbe,AG,EFZ,40,0,40,3,0,3,37,0,37
Kunstgewerbe,AG,EBA,2,0,2,0,0,0,2,0,2
Kunstgewerbe,AG,nReglementiert,0,0,0,0,0,0,0,0,0
Kunstgewerbe,TG,abt-total,16,0,16,2,0,2,14,0,14
Kunstgewerbe,TG,EFZ,13,0,13,2,0,2,11,0,11
Kunstgewerbe,TG,EBA,3,0,3,0,0,0,3,0,3
Kunstgewerbe,TG,nReglementiert,0,0,0,0,0,0,0,0,0
Kunstgewerbe,TI,abt-total,17,7,10,5,0,5,12,7,5
Kunstgewerbe,TI,EFZ,17,7,10,5,0,5,12,7,5
Kunstgewerbe,TI,EBA,0,0,0,0,0,0,0,0,0
Kunstgewerbe,TI,nReglementiert,0,0,0,0,0,0,0,0,0
Kunstgewerbe,VD,abt-total,34,15,19,6,3,3,28,12,16
Kunstgewerbe,VD,EFZ,32,15,17,6,3,3,26,12,14
Kunstgewerbe,VD,EBA,2,0,2,0,0,0,2,0,2
Kunstgewerbe,VD,nReglementiert,0,0,0,0,0,0,0,0,0
Kunstgewerbe,VS,abt-total,4,0,4,0,0,0,4,0,4
Kunstgewerbe,VS,EFZ,4,0,4,0,0,0,4,0,4
Kunstgewerbe,VS,EBA,0,0,0,0,0,0,0,0,0
Kunstgewerbe,VS,nReglementiert,0,0,0,0,0,0,0,0,0
Kunstgewerbe,NE,abt-total,16,12,4,3,3,0,13,9,4
Kunstgewerbe,NE,EFZ,16,12,4,3,3,0,13,9,4
Kunstgewerbe,NE,EBA,0,0,0,0,0,0,0,0,0
Kunstgewerbe,NE,nReglementiert,0,0,0,0,0,0,0,0,0
Kunstgewerbe,GE,abt-total,54,42,12,9,7,2,45,35,10
Kunstgewerbe,GE,EFZ,53,42,11,9,7,2,44,35,9
Kunstgewerbe,GE,EBA,1,0,1,0,0,0,1,0,1
Kunstgewerbe,GE,nReglementiert,0,0,0,0,0,0,0,0,0
Kunstgewerbe,JU,abt-total,1,0,1,0,0,0,1,0,1
Kunstgewerbe,JU,EFZ,1,0,1,0,0,0,1,0,1
Kunstgewerbe,JU,EBA,0,0,0,0,0,0,0,0,0
Kunstgewerbe,JU,nReglementiert,0,0,0,0,0,0,0,0,0
"Bibliothek, Informationswesen, Archiv",,abt-total,76,0,76,18,0,18,58,0,58
"Bibliothek, Informationswesen, Archiv",,EFZ,76,0,76,18,0,18,58,0,58
"Bibliothek, Informationswesen, Archiv",,EBA,0,0,0,0,0,0,0,0,0
"Bibliothek, Informationswesen, Archiv",,nReglementiert,0,0,0,0,0,0,0,0,0
"Bibliothek, Informationswesen, Archiv",ZH,abt-total,8,0,8,3,0,3,5,0,5
"Bibliothek, Informationswesen, Archiv",ZH,EFZ,8,0,8,3,0,3,5,0,5
"Bibliothek, Informationswesen, Archiv",ZH,EBA,0,0,0,0,0,0,0,0,0
"Bibliothek, Informationswesen, Archiv",ZH,nReglementiert,0,0,0,0,0,0,0,0,0
"Bibliothek, Informationswesen, Archiv",BE,abt-total,9,0,9,0,0,0,9,0,9
"Bibliothek, Informationswesen, Archiv",BE,EFZ,9,0,9,0,0,0,9,0,9
"Bibliothek, Informationswesen, Archiv",BE,EBA,0,0,0,0,0,0,0,0,0
"Bibliothek, Informationswesen, Archiv",BE,nReglementiert,0,0,0,0,0,0,0,0,0
"Bibliothek, Informationswesen, Archiv",LU,abt-total,3,0,3,0,0,0,3,0,3
"Bibliothek, Informationswesen, Archiv",LU,EFZ,3,0,3,0,0,0,3,0,3
"Bibliothek, Informationswesen, Archiv",LU,EBA,0,0,0,0,0,0,0,0,0
"Bibliothek, Informationswesen, Archiv",LU,nReglementiert,0,0,0,0,0,0,0,0,0
"Bibliothek, Informationswesen, Archiv",UR,abt-total,0,0,0,0,0,0,0,0,0
"Bibliothek, Informationswesen, Archiv",UR,EFZ,0,0,0,0,0,0,0,0,0
"Bibliothek, Informationswesen, Archiv",UR,EBA,0,0,0,0,0,0,0,0,0
"Bibliothek, Informationswesen, Archiv",UR,nReglementiert,0,0,0,0,0,0,0,0,0
"Bibliothek, Informationswesen, Archiv",SZ,abt-total,0,0,0,0,0,0,0,0,0
"Bibliothek, Informationswesen, Archiv",SZ,EFZ,0,0,0,0,0,0,0,0,0
"Bibliothek, Informationswesen, Archiv",SZ,EBA,0,0,0,0,0,0,0,0,0
"Bibliothek, Informationswesen, Archiv",SZ,nReglementiert,0,0,0,0,0,0,0,0,0
"Bibliothek, Informationswesen, Archiv",OW,abt-total,0,0,0,0,0,0,0,0,0
"Bibliothek, Informationswesen, Archiv",OW,EFZ,0,0,0,0,0,0,0,0,0
"Bibliothek, Informationswesen, Archiv",OW,EBA,0,0,0,0,0,0,0,0,0
"Bibliothek, Informationswesen, Archiv",OW,nReglementiert,0,0,0,0,0,0,0,0,0
"Bibliothek, Informationswesen, Archiv",NW,abt-total,0,0,0,0,0,0,0,0,0
"Bibliothek, Informationswesen, Archiv",NW,EFZ,0,0,0,0,0,0,0,0,0
"Bibliothek, Informationswesen, Archiv",NW,EBA,0,0,0,0,0,0,0,0,0
"Bibliothek, Informationswesen, Archiv",NW,nReglementiert,0,0,0,0,0,0,0,0,0
"Bibliothek, Informationswesen, Archiv",GL,abt-total,0,0,0,0,0,0,0,0,0
"Bibliothek, Informationswesen, Archiv",GL,EFZ,0,0,0,0,0,0,0,0,0
"Bibliothek, Informationswesen, Archiv",GL,EBA,0,0,0,0,0,0,0,0,0
"Bibliothek, Informationswesen, Archiv",GL,nReglementiert,0,0,0,0,0,0,0,0,0
"Bibliothek, Informationswesen, Archiv",ZG,abt-total,1,0,1,0,0,0,1,0,1
"Bibliothek, Informationswesen, Archiv",ZG,EFZ,1,0,1,0,0,0,1,0,1
"Bibliothek, Informationswesen, Archiv",ZG,EBA,0,0,0,0,0,0,0,0,0
"Bibliothek, Informationswesen, Archiv",ZG,nReglementiert,0,0,0,0,0,0,0,0,0
"Bibliothek, Informationswesen, Archiv",FR,abt-total,3,0,3,0,0,0,3,0,3
"Bibliothek, Informationswesen, Archiv",FR,EFZ,3,0,3,0,0,0,3,0,3
"Bibliothek, Informationswesen, Archiv",FR,EBA,0,0,0,0,0,0,0,0,0
"Bibliothek, Informationswesen, Archiv",FR,nReglementiert,0,0,0,0,0,0,0,0,0
"Bibliothek, Informationswesen, Archiv",SO,abt-total,2,0,2,1,0,1,1,0,1
"Bibliothek, Informationswesen, Archiv",SO,EFZ,2,0,2,1,0,1,1,0,1
"Bibliothek, Informationswesen, Archiv",SO,EBA,0,0,0,0,0,0,0,0,0
"Bibliothek, Informationswesen, Archiv",SO,nReglementiert,0,0,0,0,0,0,0,0,0
"Bibliothek, Informationswesen, Archiv",BS,abt-total,6,0,6,1,0,1,5,0,5
"Bibliothek, Informationswesen, Archiv",BS,EFZ,6,0,6,1,0,1,5,0,5
"Bibliothek, Informationswesen, Archiv",BS,EBA,0,0,0,0,0,0,0,0,0
"Bibliothek, Informationswesen, Archiv",BS,nReglementiert,0,0,0,0,0,0,0,0,0
"Bibliothek, Informationswesen, Archiv",BL,abt-total,2,0,2,1,0,1,1,0,1
"Bibliothek, Informationswesen, Archiv",BL,EFZ,2,0,2,1,0,1,1,0,1
"Bibliothek, Informationswesen, Archiv",BL,EBA,0,0,0,0,0,0,0,0,0
"Bibliothek, Informationswesen, Archiv",Bl,nReglementiert,0,0,0,0,0,0,0,0,0
"Bibliothek, Informationswesen, Archiv",SH,abt-total,1,0,1,0,0,0,1,0,1
"Bibliothek, Informationswesen, Archiv",SH,EFZ,1,0,1,0,0,0,1,0,1
"Bibliothek, Informationswesen, Archiv",SH,EBA,0,0,0,0,0,0,0,0,0
"Bibliothek, Informationswesen, Archiv",SH,nReglementiert,0,0,0,0,0,0,0,0,0
"Bibliothek, Informationswesen, Archiv",AR,abt-total,0,0,0,0,0,0,0,0,0
"Bibliothek, Informationswesen, Archiv",AR,EFZ,0,0,0,0,0,0,0,0,0
"Bibliothek, Informationswesen, Archiv",AR,EBA,0,0,0,0,0,0,0,0,0
"Bibliothek, Informationswesen, Archiv",AR,nReglementiert,0,0,0,0,0,0,0,0,0
"Bibliothek, Informationswesen, Archiv",AI,abt-total,0,0,0,0,0,0,0,0,0
"Bibliothek, Informationswesen, Archiv",AI,EFZ,0,0,0,0,0,0,0,0,0
"Bibliothek, Informationswesen, Archiv",AI,EBA,0,0,0,0,0,0,0,0,0
"Bibliothek, Informationswesen, Archiv",AI,nReglementiert,0,0,0,0,0,0,0,0,0
"Bibliothek, Informationswesen, Archiv",SG,abt-total,3,0,3,2,0,2,1,0,1
"Bibliothek, Informationswesen, Archiv",SG,EFZ,3,0,3,2,0,2,1,0,1
"Bibliothek, Informationswesen, Archiv",SG,EBA,0,0,0,0,0,0,0,0,0
"Bibliothek, Informationswesen, Archiv",SG,nReglementiert,0,0,0,0,0,0,0,0,0
"Bibliothek, Informationswesen, Archiv",GR,abt-total,1,0,1,0,0,0,1,0,1
"Bibliothek, Informationswesen, Archiv",GR,EFZ,1,0,1,0,0,0,1,0,1
"Bibliothek, Informationswesen, Archiv",GR,EBA,0,0,0,0,0,0,0,0,0
"Bibliothek, Informationswesen, Archiv",GR,nReglementiert,0,0,0,0,0,0,0,0,0
"Bibliothek, Informationswesen, Archiv",AG,abt-total,2,0,2,1,0,1,1,0,1
"Bibliothek, Informationswesen, Archiv",AG,EFZ,2,0,2,1,0,1,1,0,1
"Bibliothek, Informationswesen, Archiv",AG,EBA,0,0,0,0,0,0,0,0,0
"Bibliothek, Informationswesen, Archiv",AG,nReglementiert,0,0,0,0,0,0,0,0,0
"Bibliothek, Informationswesen, Archiv",TG,abt-total,1,0,1,0,0,0,1,0,1
"Bibliothek, Informationswesen, Archiv",TG,EFZ,1,0,1,0,0,0,1,0,1
"Bibliothek, Informationswesen, Archiv",TG,EBA,0,0,0,0,0,0,0,0,0
"Bibliothek, Informationswesen, Archiv",TG,nReglementiert,0,0,0,0,0,0,0,0,0
"Bibliothek, Informationswesen, Archiv",TI,abt-total,0,0,0,0,0,0,0,0,0
"Bibliothek, Informationswesen, Archiv",TI,EFZ,0,0,0,0,0,0,0,0,0
"Bibliothek, Informationswesen, Archiv",TI,EBA,0,0,0,0,0,0,0,0,0
"Bibliothek, Informationswesen, Archiv",TI,nReglementiert,0,0,0,0,0,0,0,0,0
"Bibliothek, Informationswesen, Archiv",VD,abt-total,15,0,15,5,0,5,10,0,10
"Bibliothek, Informationswesen, Archiv",VD,EFZ,15,0,15,5,0,5,10,0,10
"Bibliothek, Informationswesen, Archiv",VD,EBA,0,0,0,0,0,0,0,0,0
"Bibliothek, Informationswesen, Archiv",VD,nReglementiert,0,0,0,0,0,0,0,0,0
"Bibliothek, Informationswesen, Archiv",VS,abt-total,6,0,6,2,0,2,4,0,4
"Bibliothek, Informationswesen, Archiv",VS,EFZ,6,0,6,2,0,2,4,0,4
"Bibliothek, Informationswesen, Archiv",VS,EBA,0,0,0,0,0,0,0,0,0
"Bibliothek, Informationswesen, Archiv",VS,nReglementiert,0,0,0,0,0,0,0,0,0
"Bibliothek, Informationswesen, Archiv",NE,abt-total,5,0,5,0,0,0,5,0,5
"Bibliothek, Informationswesen, Archiv",NE,EFZ,5,0,5,0,0,0,5,0,5
"Bibliothek, Informationswesen, Archiv",NE,EBA,0,0,0,0,0,0,0,0,0
"Bibliothek, Informationswesen, Archiv",NE,nReglementiert,0,0,0,0,0,0,0,0,0
"Bibliothek, Informationswesen, Archiv",GE,abt-total,6,0,6,2,0,2,4,0,4
"Bibliothek, Informationswesen, Archiv",GE,EFZ,6,0,6,2,0,2,4,0,4
"Bibliothek, Informationswesen, Archiv",GE,EBA,0,0,0,0,0,0,0,0,0
"Bibliothek, Informationswesen, Archiv",GE,nReglementiert,0,0,0,0,0,0,0,0,0
"Bibliothek, Informationswesen, Archiv",JU,abt-total,2,0,2,0,0,0,2,0,2
"Bibliothek, Informationswesen, Archiv",JU,EFZ,2,0,2,0,0,0,2,0,2
"Bibliothek, Informationswesen, Archiv",JU,EBA,0,0,0,0,0,0,0,0,0
"Bibliothek, Informationswesen, Archiv",JU,nReglementiert,0,0,0,0,0,0,0,0,0
Handel,,abt-total,10194,0,10194,4278,0,4278,5916,0,5916
Handel,,EFZ,8303,0,8303,3536,0,3536,4767,0,4767
Handel,,EBA,1891,0,1891,742,0,742,1149,0,1149
Handel,,nReglementiert,0,0,0,0,0,0,0,0,0
Handel,ZH,abt-total,1805,0,1805,797,0,797,1008,0,1008
Handel,ZH,EFZ,1437,0,1437,645,0,645,792,0,792
Handel,ZH,EBA,368,0,368,152,0,152,216,0,216
Handel,ZH,nReglementiert,0,0,0,0,0,0,0,0,0
Handel,BE,abt-total,1226,0,1226,500,0,500,726,0,726
Handel,BE,EFZ,984,0,984,393,0,393,591,0,591
Handel,BE,EBA,242,0,242,107,0,107,135,0,135
Handel,BE,nReglementiert,0,0,0,0,0,0,0,0,0
Handel,LU,abt-total,626,0,626,228,0,228,398,0,398
Handel,LU,EFZ,492,0,492,188,0,188,304,0,304
Handel,LU,EBA,134,0,134,40,0,40,94,0,94
Handel,LU,nReglementiert,0,0,0,0,0,0,0,0,0
Handel,UR,abt-total,40,0,40,11,0,11,29,0,29
Handel,UR,EFZ,35,0,35,8,0,8,27,0,27
Handel,UR,EBA,5,0,5,3,0,3,2,0,2
Handel,UR,nReglementiert,0,0,0,0,0,0,0,0,0
Handel,SZ,abt-total,167,0,167,56,0,56,111,0,111
Handel,SZ,EFZ,130,0,130,48,0,48,82,0,82
Handel,SZ,EBA,37,0,37,8,0,8,29,0,29
Handel,SZ,nReglementiert,0,0,0,0,0,0,0,0,0
Handel,OW,abt-total,32,0,32,13,0,13,19,0,19
Handel,OW,EFZ,28,0,28,11,0,11,17,0,17
Handel,OW,EBA,4,0,4,2,0,2,2,0,2
Handel,OW,nReglementiert,0,0,0,0,0,0,0,0,0
Handel,NW,abt-total,41,0,41,12,0,12,29,0,29
Handel,NW,EFZ,31,0,31,9,0,9,22,0,22
Handel,NW,EBA,10,0,10,3,0,3,7,0,7
Handel,NW,nReglementiert,0,0,0,0,0,0,0,0,0
Handel,GL,abt-total,56,0,56,15,0,15,41,0,41
Handel,GL,EFZ,46,0,46,14,0,14,32,0,32
Handel,GL,EBA,10,0,10,1,0,1,9,0,9
Handel,GL,nReglementiert,0,0,0,0,0,0,0,0,0
Handel,ZG,abt-total,161,0,161,60,0,60,101,0,101
Handel,ZG,EFZ,125,0,125,47,0,47,78,0,78
Handel,ZG,EBA,36,0,36,13,0,13,23,0,23
Handel,ZG,nReglementiert,0,0,0,0,0,0,0,0,0
Handel,FR,abt-total,355,0,355,136,0,136,219,0,219
Handel,FR,EFZ,317,0,317,122,0,122,195,0,195
Handel,FR,EBA,38,0,38,14,0,14,24,0,24
Handel,FR,nReglementiert,0,0,0,0,0,0,0,0,0
Handel,SO,abt-total,377,0,377,168,0,168,209,0,209
Handel,SO,EFZ,285,0,285,133,0,133,152,0,152
Handel,SO,EBA,92,0,92,35,0,35,57,0,57
Handel,SO,nReglementiert,0,0,0,0,0,0,0,0,0
Handel,BS,abt-total,286,0,286,110,0,110,176,0,176
Handel,BS,EFZ,225,0,225,84,0,84,141,0,141
Handel,BS,EBA,61,0,61,26,0,26,35,0,35
Handel,BS,nReglementiert,0,0,0,0,0,0,0,0,0
Handel,BL,abt-total,286,0,286,171,0,171,115,0,115
Handel,BL,EFZ,207,0,207,135,0,135,72,0,72
Handel,BL,EBA,79,0,79,36,0,36,43,0,43
Handel,Bl,nReglementiert,0,0,0,0,0,0,0,0,0
Handel,SH,abt-total,112,0,112,50,0,50,62,0,62
Handel,SH,EFZ,96,0,96,44,0,44,52,0,52
Handel,SH,EBA,16,0,16,6,0,6,10,0,10
Handel,SH,nReglementiert,0,0,0,0,0,0,0,0,0
Handel,AR,abt-total,36,0,36,14,0,14,22,0,22
Handel,AR,EFZ,26,0,26,8,0,8,18,0,18
Handel,AR,EBA,10,0,10,6,0,6,4,0,4
Handel,AR,nReglementiert,0,0,0,0,0,0,0,0,0
Handel,AI,abt-total,20,0,20,1,0,1,19,0,19
Handel,AI,EFZ,17,0,17,1,0,1,16,0,16
Handel,AI,EBA,3,0,3,0,0,0,3,0,3
Handel,AI,nReglementiert,0,0,0,0,0,0,0,0,0
Handel,SG,abt-total,867,0,867,297,0,297,570,0,570
Handel,SG,EFZ,713,0,713,258,0,258,455,0,455
Handel,SG,EBA,154,0,154,39,0,39,115,0,115
Handel,SG,nReglementiert,0,0,0,0,0,0,0,0,0
Handel,GR,abt-total,246,0,246,67,0,67,179,0,179
Handel,GR,EFZ,207,0,207,57,0,57,150,0,150
Handel,GR,EBA,39,0,39,10,0,10,29,0,29
Handel,GR,nReglementiert,0,0,0,0,0,0,0,0,0
Handel,AG,abt-total,826,0,826,357,0,357,469,0,469
Handel,AG,EFZ,662,0,662,300,0,300,362,0,362
Handel,AG,EBA,164,0,164,57,0,57,107,0,107
Handel,AG,nReglementiert,0,0,0,0,0,0,0,0,0
Handel,TG,abt-total,324,0,324,135,0,135,189,0,189
Handel,TG,EFZ,247,0,247,106,0,106,141,0,141
Handel,TG,EBA,77,0,77,29,0,29,48,0,48
Handel,TG,nReglementiert,0,0,0,0,0,0,0,0,0
Handel,TI,abt-total,302,0,302,157,0,157,145,0,145
Handel,TI,EFZ,266,0,266,138,0,138,128,0,128
Handel,TI,EBA,36,0,36,19,0,19,17,0,17
Handel,TI,nReglementiert,0,0,0,0,0,0,0,0,0
Handel,VD,abt-total,803,0,803,356,0,356,447,0,447
Handel,VD,EFZ,704,0,704,308,0,308,396,0,396
Handel,VD,EBA,99,0,99,48,0,48,51,0,51
Handel,VD,nReglementiert,0,0,0,0,0,0,0,0,0
Handel,VS,abt-total,432,0,432,181,0,181,251,0,251
Handel,VS,EFZ,362,0,362,151,0,151,211,0,211
Handel,VS,EBA,70,0,70,30,0,30,40,0,40
Handel,VS,nReglementiert,0,0,0,0,0,0,0,0,0
Handel,NE,abt-total,195,0,195,77,0,77,118,0,118
Handel,NE,EFZ,178,0,178,70,0,70,108,0,108
Handel,NE,EBA,17,0,17,7,0,7,10,0,10
Handel,NE,nReglementiert,0,0,0,0,0,0,0,0,0
Handel,GE,abt-total,478,0,478,271,0,271,207,0,207
Handel,GE,EFZ,402,0,402,228,0,228,174,0,174
Handel,GE,EBA,76,0,76,43,0,43,33,0,33
Handel,GE,nReglementiert,0,0,0,0,0,0,0,0,0
Handel,JU,abt-total,95,0,95,38,0,38,57,0,57
Handel,JU,EFZ,81,0,81,30,0,30,51,0,51
Handel,JU,EBA,14,0,14,8,0,8,6,0,6
Handel,JU,nReglementiert,0,0,0,0,0,0,0,0,0
Sekretariats- und Büroarbeit,,abt-total,453,14,439,146,3,143,307,11,296
Sekretariats- und Büroarbeit,,EFZ,0,0,0,0,0,0,0,0,0
Sekretariats- und Büroarbeit,,EBA,453,14,439,146,3,143,307,11,296
Sekretariats- und Büroarbeit,,nReglementiert,0,0,0,0,0,0,0,0,0
Sekretariats- und Büroarbeit,ZH,abt-total,72,0,72,25,0,25,47,0,47
Sekretariats- und Büroarbeit,ZH,EFZ,0,0,0,0,0,0,0,0,0
Sekretariats- und Büroarbeit,ZH,EBA,72,0,72,25,0,25,47,0,47
Sekretariats- und Büroarbeit,ZH,nReglementiert,0,0,0,0,0,0,0,0,0
Sekretariats- und Büroarbeit,BE,abt-total,51,0,51,17,0,17,34,0,34
Sekretariats- und Büroarbeit,BE,EFZ,0,0,0,0,0,0,0,0,0
Sekretariats- und Büroarbeit,BE,EBA,51,0,51,17,0,17,34,0,34
Sekretariats- und Büroarbeit,BE,nReglementiert,0,0,0,0,0,0,0,0,0
Sekretariats- und Büroarbeit,LU,abt-total,31,0,31,6,0,6,25,0,25
Sekretariats- und Büroarbeit,LU,EFZ,0,0,0,0,0,0,0,0,0
Sekretariats- und Büroarbeit,LU,EBA,31,0,31,6,0,6,25,0,25
Sekretariats- und Büroarbeit,LU,nReglementiert,0,0,0,0,0,0,0,0,0
Sekretariats- und Büroarbeit,UR,abt-total,0,0,0,0,0,0,0,0,0
Sekretariats- und Büroarbeit,UR,EFZ,0,0,0,0,0,0,0,0,0
Sekretariats- und Büroarbeit,UR,EBA,0,0,0,0,0,0,0,0,0
Sekretariats- und Büroarbeit,UR,nReglementiert,0,0,0,0,0,0,0,0,0
Sekretariats- und Büroarbeit,SZ,abt-total,0,0,0,0,0,0,0,0,0
Sekretariats- und Büroarbeit,SZ,EFZ,0,0,0,0,0,0,0,0,0
Sekretariats- und Büroarbeit,SZ,EBA,0,0,0,0,0,0,0,0,0
Sekretariats- und Büroarbeit,SZ,nReglementiert,0,0,0,0,0,0,0,0,0
Sekretariats- und Büroarbeit,OW,abt-total,1,0,1,0,0,0,1,0,1
Sekretariats- und Büroarbeit,OW,EFZ,0,0,0,0,0,0,0,0,0
Sekretariats- und Büroarbeit,OW,EBA,1,0,1,0,0,0,1,0,1
Sekretariats- und Büroarbeit,OW,nReglementiert,0,0,0,0,0,0,0,0,0
Sekretariats- und Büroarbeit,NW,abt-total,2,0,2,0,0,0,2,0,2
Sekretariats- und Büroarbeit,NW,EFZ,0,0,0,0,0,0,0,0,0
Sekretariats- und Büroarbeit,NW,EBA,2,0,2,0,0,0,2,0,2
Sekretariats- und Büroarbeit,NW,nReglementiert,0,0,0,0,0,0,0,0,0
Sekretariats- und Büroarbeit,GL,abt-total,1,0,1,0,0,0,1,0,1
Sekretariats- und Büroarbeit,GL,EFZ,0,0,0,0,0,0,0,0,0
Sekretariats- und Büroarbeit,GL,EBA,1,0,1,0,0,0,1,0,1
Sekretariats- und Büroarbeit,GL,nReglementiert,0,0,0,0,0,0,0,0,0
Sekretariats- und Büroarbeit,ZG,abt-total,9,0,9,1,0,1,8,0,8
Sekretariats- und Büroarbeit,ZG,EFZ,0,0,0,0,0,0,0,0,0
Sekretariats- und Büroarbeit,ZG,EBA,9,0,9,1,0,1,8,0,8
Sekretariats- und Büroarbeit,ZG,nReglementiert,0,0,0,0,0,0,0,0,0
Sekretariats- und Büroarbeit,FR,abt-total,4,0,4,2,0,2,2,0,2
Sekretariats- und Büroarbeit,FR,EFZ,0,0,0,0,0,0,0,0,0
Sekretariats- und Büroarbeit,FR,EBA,4,0,4,2,0,2,2,0,2
Sekretariats- und Büroarbeit,FR,nReglementiert,0,0,0,0,0,0,0,0,0
Sekretariats- und Büroarbeit,SO,abt-total,13,0,13,2,0,2,11,0,11
Sekretariats- und Büroarbeit,SO,EFZ,0,0,0,0,0,0,0,0,0
Sekretariats- und Büroarbeit,SO,EBA,13,0,13,2,0,2,11,0,11
Sekretariats- und Büroarbeit,SO,nReglementiert,0,0,0,0,0,0,0,0,0
Sekretariats- und Büroarbeit,BS,abt-total,66,0,66,21,0,21,45,0,45
Sekretariats- und Büroarbeit,BS,EFZ,0,0,0,0,0,0,0,0,0
Sekretariats- und Büroarbeit,BS,EBA,66,0,66,21,0,21,45,0,45
Sekretariats- und Büroarbeit,BS,nReglementiert,0,0,0,0,0,0,0,0,0
Sekretariats- und Büroarbeit,BL,abt-total,43,0,43,19,0,19,24,0,24
Sekretariats- und Büroarbeit,BL,EFZ,0,0,0,0,0,0,0,0,0
Sekretariats- und Büroarbeit,BL,EBA,43,0,43,19,0,19,24,0,24
Sekretariats- und Büroarbeit,Bl,nReglementiert,0,0,0,0,0,0,0,0,0
Sekretariats- und Büroarbeit,SH,abt-total,2,0,2,1,0,1,1,0,1
Sekretariats- und Büroarbeit,SH,EFZ,0,0,0,0,0,0,0,0,0
Sekretariats- und Büroarbeit,SH,EBA,2,0,2,1,0,1,1,0,1
Sekretariats- und Büroarbeit,SH,nReglementiert,0,0,0,0,0,0,0,0,0
Sekretariats- und Büroarbeit,AR,abt-total,1,0,1,1,0,1,0,0,0
Sekretariats- und Büroarbeit,AR,EFZ,0,0,0,0,0,0,0,0,0
Sekretariats- und Büroarbeit,AR,EBA,1,0,1,1,0,1,0,0,0
Sekretariats- und Büroarbeit,AR,nReglementiert,0,0,0,0,0,0,0,0,0
Sekretariats- und Büroarbeit,AI,abt-total,0,0,0,0,0,0,0,0,0
Sekretariats- und Büroarbeit,AI,EFZ,0,0,0,0,0,0,0,0,0
Sekretariats- und Büroarbeit,AI,EBA,0,0,0,0,0,0,0,0,0
Sekretariats- und Büroarbeit,AI,nReglementiert,0,0,0,0,0,0,0,0,0
Sekretariats- und Büroarbeit,SG,abt-total,19,0,19,9,0,9,10,0,10
Sekretariats- und Büroarbeit,SG,EFZ,0,0,0,0,0,0,0,0,0
Sekretariats- und Büroarbeit,SG,EBA,19,0,19,9,0,9,10,0,10
Sekretariats- und Büroarbeit,SG,nReglementiert,0,0,0,0,0,0,0,0,0
Sekretariats- und Büroarbeit,GR,abt-total,4,0,4,2,0,2,2,0,2
Sekretariats- und Büroarbeit,GR,EFZ,0,0,0,0,0,0,0,0,0
Sekretariats- und Büroarbeit,GR,EBA,4,0,4,2,0,2,2,0,2
Sekretariats- und Büroarbeit,GR,nReglementiert,0,0,0,0,0,0,0,0,0
Sekretariats- und Büroarbeit,AG,abt-total,20,0,20,0,0,0,20,0,20
Sekretariats- und Büroarbeit,AG,EFZ,0,0,0,0,0,0,0,0,0
Sekretariats- und Büroarbeit,AG,EBA,20,0,20,0,0,0,20,0,20
Sekretariats- und Büroarbeit,AG,nReglementiert,0,0,0,0,0,0,0,0,0
Sekretariats- und Büroarbeit,TG,abt-total,14,0,14,10,0,10,4,0,4
Sekretariats- und Büroarbeit,TG,EFZ,0,0,0,0,0,0,0,0,0
Sekretariats- und Büroarbeit,TG,EBA,14,0,14,10,0,10,4,0,4
Sekretariats- und Büroarbeit,TG,nReglementiert,0,0,0,0,0,0,0,0,0
Sekretariats- und Büroarbeit,TI,abt-total,18,0,18,10,0,10,8,0,8
Sekretariats- und Büroarbeit,TI,EFZ,0,0,0,0,0,0,0,0,0
Sekretariats- und Büroarbeit,TI,EBA,18,0,18,10,0,10,8,0,8
Sekretariats- und Büroarbeit,TI,nReglementiert,0,0,0,0,0,0,0,0,0
Sekretariats- und Büroarbeit,VD,abt-total,50,0,50,14,0,14,36,0,36
Sekretariats- und Büroarbeit,VD,EFZ,0,0,0,0,0,0,0,0,0
Sekretariats- und Büroarbeit,VD,EBA,50,0,50,14,0,14,36,0,36
Sekretariats- und Büroarbeit,VD,nReglementiert,0,0,0,0,0,0,0,0,0
Sekretariats- und Büroarbeit,VS,abt-total,4,0,4,0,0,0,4,0,4
Sekretariats- und Büroarbeit,VS,EFZ,0,0,0,0,0,0,0,0,0
Sekretariats- und Büroarbeit,VS,EBA,4,0,4,0,0,0,4,0,4
Sekretariats- und Büroarbeit,VS,nReglementiert,0,0,0,0,0,0,0,0,0
Sekretariats- und Büroarbeit,NE,abt-total,0,0,0,0,0,0,0,0,0
Sekretariats- und Büroarbeit,NE,EFZ,0,0,0,0,0,0,0,0,0
Sekretariats- und Büroarbeit,NE,EBA,0,0,0,0,0,0,0,0,0
Sekretariats- und Büroarbeit,NE,nReglementiert,0,0,0,0,0,0,0,0,0
Sekretariats- und Büroarbeit,GE,abt-total,26,14,12,4,3,1,22,11,11
Sekretariats- und Büroarbeit,GE,EFZ,0,0,0,0,0,0,0,0,0
Sekretariats- und Büroarbeit,GE,EBA,26,14,12,4,3,1,22,11,11
Sekretariats- und Büroarbeit,GE,nReglementiert,0,0,0,0,0,0,0,0,0
Sekretariats- und Büroarbeit,JU,abt-total,2,0,2,2,0,2,0,0,0
Sekretariats- und Büroarbeit,JU,EFZ,0,0,0,0,0,0,0,0,0
Sekretariats- und Büroarbeit,JU,EBA,2,0,2,2,0,2,0,0,0
Sekretariats- und Büroarbeit,JU,nReglementiert,0,0,0,0,0,0,0,0,0
Wirtschaft und Verwaltung,,abt-total,14369,3602,10767,5570,1839,3731,8799,1763,7036
Wirtschaft und Verwaltung,,EFZ,14369,3602,10767,5570,1839,3731,8799,1763,7036
Wirtschaft und Verwaltung,,EBA,0,0,0,0,0,0,0,0,0
Wirtschaft und Verwaltung,,nReglementiert,0,0,0,0,0,0,0,0,0
Wirtschaft und Verwaltung,ZH,abt-total,2152,0,2152,780,0,780,1372,0,1372
Wirtschaft und Verwaltung,ZH,EFZ,2152,0,2152,780,0,780,1372,0,1372
Wirtschaft und Verwaltung,ZH,EBA,0,0,0,0,0,0,0,0,0
Wirtschaft und Verwaltung,ZH,nReglementiert,0,0,0,0,0,0,0,0,0
Wirtschaft und Verwaltung,BE,abt-total,1399,0,1399,462,0,462,937,0,937
Wirtschaft und Verwaltung,BE,EFZ,1399,0,1399,462,0,462,937,0,937
Wirtschaft und Verwaltung,BE,EBA,0,0,0,0,0,0,0,0,0
Wirtschaft und Verwaltung,BE,nReglementiert,0,0,0,0,0,0,0,0,0
Wirtschaft und Verwaltung,LU,abt-total,508,0,508,156,0,156,352,0,352
Wirtschaft und Verwaltung,LU,EFZ,508,0,508,156,0,156,352,0,352
Wirtschaft und Verwaltung,LU,EBA,0,0,0,0,0,0,0,0,0
Wirtschaft und Verwaltung,LU,nReglementiert,0,0,0,0,0,0,0,0,0
Wirtschaft und Verwaltung,UR,abt-total,50,0,50,8,0,8,42,0,42
Wirtschaft und Verwaltung,UR,EFZ,50,0,50,8,0,8,42,0,42
Wirtschaft und Verwaltung,UR,EBA,0,0,0,0,0,0,0,0,0
Wirtschaft und Verwaltung,UR,nReglementiert,0,0,0,0,0,0,0,0,0
Wirtschaft und Verwaltung,SZ,abt-total,162,21,141,57,15,42,105,6,99
Wirtschaft und Verwaltung,SZ,EFZ,162,21,141,57,15,42,105,6,99
Wirtschaft und Verwaltung,SZ,EBA,0,0,0,0,0,0,0,0,0
Wirtschaft und Verwaltung,SZ,nReglementiert,0,0,0,0,0,0,0,0,0
Wirtschaft und Verwaltung,OW,abt-total,45,0,45,9,0,9,36,0,36
Wirtschaft und Verwaltung,OW,EFZ,45,0,45,9,0,9,36,0,36
Wirtschaft und Verwaltung,OW,EBA,0,0,0,0,0,0,0,0,0
Wirtschaft und Verwaltung,OW,nReglementiert,0,0,0,0,0,0,0,0,0
Wirtschaft und Verwaltung,NW,abt-total,54,0,54,9,0,9,45,0,45
Wirtschaft und Verwaltung,NW,EFZ,54,0,54,9,0,9,45,0,45
Wirtschaft und Verwaltung,NW,EBA,0,0,0,0,0,0,0,0,0
Wirtschaft und Verwaltung,NW,nReglementiert,0,0,0,0,0,0,0,0,0
Wirtschaft und Verwaltung,GL,abt-total,71,0,71,21,0,21,50,0,50
Wirtschaft und Verwaltung,GL,EFZ,71,0,71,21,0,21,50,0,50
Wirtschaft und Verwaltung,GL,EBA,0,0,0,0,0,0,0,0,0
Wirtschaft und Verwaltung,GL,nReglementiert,0,0,0,0,0,0,0,0,0
Wirtschaft und Verwaltung,ZG,abt-total,231,33,198,95,15,80,136,18,118
Wirtschaft und Verwaltung,ZG,EFZ,231,33,198,95,15,80,136,18,118
Wirtschaft und Verwaltung,ZG,EBA,0,0,0,0,0,0,0,0,0
Wirtschaft und Verwaltung,ZG,nReglementiert,0,0,0,0,0,0,0,0,0
Wirtschaft und Verwaltung,FR,abt-total,396,0,396,137,0,137,259,0,259
Wirtschaft und Verwaltung,FR,EFZ,396,0,396,137,0,137,259,0,259
Wirtschaft und Verwaltung,FR,EBA,0,0,0,0,0,0,0,0,0
Wirtschaft und Verwaltung,FR,nReglementiert,0,0,0,0,0,0,0,0,0
Wirtschaft und Verwaltung,SO,abt-total,330,0,330,111,0,111,219,0,219
Wirtschaft und Verwaltung,SO,EFZ,330,0,330,111,0,111,219,0,219
Wirtschaft und Verwaltung,SO,EBA,0,0,0,0,0,0,0,0,0
Wirtschaft und Verwaltung,SO,nReglementiert,0,0,0,0,0,0,0,0,0
Wirtschaft und Verwaltung,BS,abt-total,356,0,356,143,0,143,213,0,213
Wirtschaft und Verwaltung,BS,EFZ,356,0,356,143,0,143,213,0,213
Wirtschaft und Verwaltung,BS,EBA,0,0,0,0,0,0,0,0,0
Wirtschaft und Verwaltung,BS,nReglementiert,0,0,0,0,0,0,0,0,0
Wirtschaft und Verwaltung,BL,abt-total,273,0,273,116,0,116,157,0,157
Wirtschaft und Verwaltung,BL,EFZ,273,0,273,116,0,116,157,0,157
Wirtschaft und Verwaltung,BL,EBA,0,0,0,0,0,0,0,0,0
Wirtschaft und Verwaltung,Bl,nReglementiert,0,0,0,0,0,0,0,0,0
Wirtschaft und Verwaltung,SH,abt-total,179,47,132,65,25,40,114,22,92
Wirtschaft und Verwaltung,SH,EFZ,179,47,132,65,25,40,114,22,92
Wirtschaft und Verwaltung,SH,EBA,0,0,0,0,0,0,0,0,0
Wirtschaft und Verwaltung,SH,nReglementiert,0,0,0,0,0,0,0,0,0
Wirtschaft und Verwaltung,AR,abt-total,69,11,58,26,7,19,43,4,39
Wirtschaft und Verwaltung,AR,EFZ,69,11,58,26,7,19,43,4,39
Wirtschaft und Verwaltung,AR,EBA,0,0,0,0,0,0,0,0,0
Wirtschaft und Verwaltung,AR,nReglementiert,0,0,0,0,0,0,0,0,0
Wirtschaft und Verwaltung,AI,abt-total,16,0,16,7,0,7,9,0,9
Wirtschaft und Verwaltung,AI,EFZ,16,0,16,7,0,7,9,0,9
Wirtschaft und Verwaltung,AI,EBA,0,0,0,0,0,0,0,0,0
Wirtschaft und Verwaltung,AI,nReglementiert,0,0,0,0,0,0,0,0,0
Wirtschaft und Verwaltung,SG,abt-total,912,107,805,338,62,276,574,45,529
Wirtschaft und Verwaltung,SG,EFZ,912,107,805,338,62,276,574,45,529
Wirtschaft und Verwaltung,SG,EBA,0,0,0,0,0,0,0,0,0
Wirtschaft und Verwaltung,SG,nReglementiert,0,0,0,0,0,0,0,0,0
Wirtschaft und Verwaltung,GR,abt-total,265,1,264,73,1,72,192,0,192
Wirtschaft und Verwaltung,GR,EFZ,265,1,264,73,1,72,192,0,192
Wirtschaft und Verwaltung,GR,EBA,0,0,0,0,0,0,0,0,0
Wirtschaft und Verwaltung,GR,nReglementiert,0,0,0,0,0,0,0,0,0
Wirtschaft und Verwaltung,AG,abt-total,884,0,884,307,0,307,577,0,577
Wirtschaft und Verwaltung,AG,EFZ,884,0,884,307,0,307,577,0,577
Wirtschaft und Verwaltung,AG,EBA,0,0,0,0,0,0,0,0,0
Wirtschaft und Verwaltung,AG,nReglementiert,0,0,0,0,0,0,0,0,0
Wirtschaft und Verwaltung,TG,abt-total,337,48,289,129,27,102,208,21,187
Wirtschaft und Verwaltung,TG,EFZ,337,48,289,129,27,102,208,21,187
Wirtschaft und Verwaltung,TG,EBA,0,0,0,0,0,0,0,0,0
Wirtschaft und Verwaltung,TG,nReglementiert,0,0,0,0,0,0,0,0,0
Wirtschaft und Verwaltung,TI,abt-total,2072,1775,297,894,779,115,1178,996,182
Wirtschaft und Verwaltung,TI,EFZ,2072,1775,297,894,779,115,1178,996,182
Wirtschaft und Verwaltung,TI,EBA,0,0,0,0,0,0,0,0,0
Wirtschaft und Verwaltung,TI,nReglementiert,0,0,0,0,0,0,0,0,0
Wirtschaft und Verwaltung,VD,abt-total,1301,319,982,543,183,360,758,136,622
Wirtschaft und Verwaltung,VD,EFZ,1301,319,982,543,183,360,758,136,622
Wirtschaft und Verwaltung,VD,EBA,0,0,0,0,0,0,0,0,0
Wirtschaft und Verwaltung,VD,nReglementiert,0,0,0,0,0,0,0,0,0
Wirtschaft und Verwaltung,VS,abt-total,332,0,332,98,0,98,234,0,234
Wirtschaft und Verwaltung,VS,EFZ,332,0,332,98,0,98,234,0,234
Wirtschaft und Verwaltung,VS,EBA,0,0,0,0,0,0,0,0,0
Wirtschaft und Verwaltung,VS,nReglementiert,0,0,0,0,0,0,0,0,0
Wirtschaft und Verwaltung,NE,abt-total,417,225,192,165,106,59,252,119,133
Wirtschaft und Verwaltung,NE,EFZ,417,225,192,165,106,59,252,119,133
Wirtschaft und Verwaltung,NE,EBA,0,0,0,0,0,0,0,0,0
Wirtschaft und Verwaltung,NE,nReglementiert,0,0,0,0,0,0,0,0,0
Wirtschaft und Verwaltung,GE,abt-total,1370,939,431,764,592,172,606,347,259
Wirtschaft und Verwaltung,GE,EFZ,1370,939,431,764,592,172,606,347,259
Wirtschaft und Verwaltung,GE,EBA,0,0,0,0,0,0,0,0,0
Wirtschaft und Verwaltung,GE,nReglementiert,0,0,0,0,0,0,0,0,0
Wirtschaft und Verwaltung,JU,abt-total,188,76,112,57,27,30,131,49,82
Wirtschaft und Verwaltung,JU,EFZ,188,76,112,57,27,30,131,49,82
Wirtschaft und Verwaltung,JU,EBA,0,0,0,0,0,0,0,0,0
Wirtschaft und Verwaltung,JU,nReglementiert,0,0,0,0,0,0,0,0,0
Informatik,,abt-total,2081,595,1486,1916,541,1375,165,54,111
Informatik,,EFZ,1952,573,1379,1805,522,1283,147,51,96
Informatik,,EBA,129,22,107,111,19,92,18,3,15
Informatik,,nReglementiert,0,0,0,0,0,0,0,0,0
Informatik,ZH,abt-total,503,92,411,464,88,376,39,4,35
Informatik,ZH,EFZ,463,92,371,429,88,341,34,4,30
Informatik,ZH,EBA,40,0,40,35,0,35,5,0,5
Informatik,ZH,nReglementiert,0,0,0,0,0,0,0,0,0
Informatik,BE,abt-total,327,54,273,295,50,245,32,4,28
Informatik,BE,EFZ,285,32,253,261,31,230,24,1,23
Informatik,BE,EBA,42,22,20,34,19,15,8,3,5
Informatik,BE,nReglementiert,0,0,0,0,0,0,0,0,0
Informatik,LU,abt-total,75,0,75,71,0,71,4,0,4
Informatik,LU,EFZ,64,0,64,60,0,60,4,0,4
Informatik,LU,EBA,11,0,11,11,0,11,0,0,0
Informatik,LU,nReglementiert,0,0,0,0,0,0,0,0,0
Informatik,UR,abt-total,2,0,2,2,0,2,0,0,0
Informatik,UR,EFZ,2,0,2,2,0,2,0,0,0
Informatik,UR,EBA,0,0,0,0,0,0,0,0,0
Informatik,UR,nReglementiert,0,0,0,0,0,0,0,0,0
Informatik,SZ,abt-total,10,0,10,10,0,10,0,0,0
Informatik,SZ,EFZ,8,0,8,8,0,8,0,0,0
Informatik,SZ,EBA,2,0,2,2,0,2,0,0,0
Informatik,SZ,nReglementiert,0,0,0,0,0,0,0,0,0
Informatik,OW,abt-total,4,0,4,4,0,4,0,0,0
Informatik,OW,EFZ,4,0,4,4,0,4,0,0,0
Informatik,OW,EBA,0,0,0,0,0,0,0,0,0
Informatik,OW,nReglementiert,0,0,0,0,0,0,0,0,0
Informatik,NW,abt-total,4,0,4,4,0,4,0,0,0
Informatik,NW,EFZ,4,0,4,4,0,4,0,0,0
Informatik,NW,EBA,0,0,0,0,0,0,0,0,0
Informatik,NW,nReglementiert,0,0,0,0,0,0,0,0,0
Informatik,GL,abt-total,6,0,6,6,0,6,0,0,0
Informatik,GL,EFZ,6,0,6,6,0,6,0,0,0
Informatik,GL,EBA,0,0,0,0,0,0,0,0,0
Informatik,GL,nReglementiert,0,0,0,0,0,0,0,0,0
Informatik,ZG,abt-total,64,0,64,56,0,56,8,0,8
Informatik,ZG,EFZ,64,0,64,56,0,56,8,0,8
Informatik,ZG,EBA,0,0,0,0,0,0,0,0,0
Informatik,ZG,nReglementiert,0,0,0,0,0,0,0,0,0
Informatik,FR,abt-total,64,38,26,58,34,24,6,4,2
Informatik,FR,EFZ,63,38,25,57,34,23,6,4,2
Informatik,FR,EBA,1,0,1,1,0,1,0,0,0
Informatik,FR,nReglementiert,0,0,0,0,0,0,0,0,0
Informatik,SO,abt-total,51,14,37,50,14,36,1,0,1
Informatik,SO,EFZ,50,14,36,49,14,35,1,0,1
Informatik,SO,EBA,1,0,1,1,0,1,0,0,0
Informatik,SO,nReglementiert,0,0,0,0,0,0,0,0,0
Informatik,BS,abt-total,58,0,58,55,0,55,3,0,3
Informatik,BS,EFZ,55,0,55,53,0,53,2,0,2
Informatik,BS,EBA,3,0,3,2,0,2,1,0,1
Informatik,BS,nReglementiert,0,0,0,0,0,0,0,0,0
Informatik,BL,abt-total,33,0,33,27,0,27,6,0,6
Informatik,BL,EFZ,30,0,30,24,0,24,6,0,6
Informatik,BL,EBA,3,0,3,3,0,3,0,0,0
Informatik,Bl,nReglementiert,0,0,0,0,0,0,0,0,0
Informatik,SH,abt-total,12,0,12,12,0,12,0,0,0
Informatik,SH,EFZ,12,0,12,12,0,12,0,0,0
Informatik,SH,EBA,0,0,0,0,0,0,0,0,0
Informatik,SH,nReglementiert,0,0,0,0,0,0,0,0,0
Informatik,AR,abt-total,7,0,7,7,0,7,0,0,0
Informatik,AR,EFZ,7,0,7,7,0,7,0,0,0
Informatik,AR,EBA,0,0,0,0,0,0,0,0,0
Informatik,AR,nReglementiert,0,0,0,0,0,0,0,0,0
Informatik,AI,abt-total,1,0,1,1,0,1,0,0,0
Informatik,AI,EFZ,1,0,1,1,0,1,0,0,0
Informatik,AI,EBA,0,0,0,0,0,0,0,0,0
Informatik,AI,nReglementiert,0,0,0,0,0,0,0,0,0
Informatik,SG,abt-total,91,0,91,86,0,86,5,0,5
Informatik,SG,EFZ,88,0,88,84,0,84,4,0,4
Informatik,SG,EBA,3,0,3,2,0,2,1,0,1
Informatik,SG,nReglementiert,0,0,0,0,0,0,0,0,0
Informatik,GR,abt-total,37,5,32,36,5,31,1,0,1
Informatik,GR,EFZ,37,5,32,36,5,31,1,0,1
Informatik,GR,EBA,0,0,0,0,0,0,0,0,0
Informatik,GR,nReglementiert,0,0,0,0,0,0,0,0,0
Informatik,AG,abt-total,93,0,93,87,0,87,6,0,6
Informatik,AG,EFZ,85,0,85,81,0,81,4,0,4
Informatik,AG,EBA,8,0,8,6,0,6,2,0,2
Informatik,AG,nReglementiert,0,0,0,0,0,0,0,0,0
Informatik,TG,abt-total,61,24,37,59,23,36,2,1,1
Informatik,TG,EFZ,58,24,34,56,23,33,2,1,1
Informatik,TG,EBA,3,0,3,3,0,3,0,0,0
Informatik,TG,nReglementiert,0,0,0,0,0,0,0,0,0
Informatik,TI,abt-total,54,23,31,51,21,30,3,2,1
Informatik,TI,EFZ,54,23,31,51,21,30,3,2,1
Informatik,TI,EBA,0,0,0,0,0,0,0,0,0
Informatik,TI,nReglementiert,0,0,0,0,0,0,0,0,0
Informatik,VD,abt-total,209,105,104,197,97,100,12,8,4
Informatik,VD,EFZ,203,105,98,192,97,95,11,8,3
Informatik,VD,EBA,6,0,6,5,0,5,1,0,1
Informatik,VD,nReglementiert,0,0,0,0,0,0,0,0,0
Informatik,VS,abt-total,55,30,25,52,28,24,3,2,1
Informatik,VS,EFZ,52,30,22,49,28,21,3,2,1
Informatik,VS,EBA,3,0,3,3,0,3,0,0,0
Informatik,VS,nReglementiert,0,0,0,0,0,0,0,0,0
Informatik,NE,abt-total,128,108,20,107,89,18,21,19,2
Informatik,NE,EFZ,127,108,19,106,89,17,21,19,2
Informatik,NE,EBA,1,0,1,1,0,1,0,0,0
Informatik,NE,nReglementiert,0,0,0,0,0,0,0,0,0
Informatik,GE,abt-total,99,73,26,88,65,23,11,8,3
Informatik,GE,EFZ,98,73,25,87,65,22,11,8,3
Informatik,GE,EBA,1,0,1,1,0,1,0,0,0
Informatik,GE,nReglementiert,0,0,0,0,0,0,0,0,0
Informatik,JU,abt-total,33,29,4,31,27,4,2,2,0
Informatik,JU,EFZ,32,29,3,30,27,3,2,2,0
Informatik,JU,EBA,1,0,1,1,0,1,0,0,0
Informatik,JU,nReglementiert,0,0,0,0,0,0,0,0,0
Maschinenbau und Metallverarbeitung,,abt-total,4763,567,4196,4419,488,3931,344,79,265
Maschinenbau und Metallverarbeitung,,EFZ,4258,511,3747,3982,440,3542,276,71,205
Maschinenbau und Metallverarbeitung,,EBA,505,56,449,437,48,389,68,8,60
Maschinenbau und Metallverarbeitung,,nReglementiert,0,0,0,0,0,0,0,0,0
Maschinenbau und Metallverarbeitung,ZH,abt-total,588,20,568,567,20,547,21,0,21
Maschinenbau und Metallverarbeitung,ZH,EFZ,534,19,515,513,19,494,21,0,21
Maschinenbau und Metallverarbeitung,ZH,EBA,54,1,53,54,1,53,0,0,0
Maschinenbau und Metallverarbeitung,ZH,nReglementiert,0,0,0,0,0,0,0,0,0
Maschinenbau und Metallverarbeitung,BE,abt-total,753,165,588,698,141,557,55,24,31
Maschinenbau und Metallverarbeitung,BE,EFZ,654,110,544,612,94,518,42,16,26
Maschinenbau und Metallverarbeitung,BE,EBA,99,55,44,86,47,39,13,8,5
Maschinenbau und Metallverarbeitung,BE,nReglementiert,0,0,0,0,0,0,0,0,0
Maschinenbau und Metallverarbeitung,LU,abt-total,232,0,232,221,0,221,11,0,11
Maschinenbau und Metallverarbeitung,LU,EFZ,211,0,211,200,0,200,11,0,11
Maschinenbau und Metallverarbeitung,LU,EBA,21,0,21,21,0,21,0,0,0
Maschinenbau und Metallverarbeitung,LU,nReglementiert,0,0,0,0,0,0,0,0,0
Maschinenbau und Metallverarbeitung,UR,abt-total,32,0,32,31,0,31,1,0,1
Maschinenbau und Metallverarbeitung,UR,EFZ,28,0,28,28,0,28,0,0,0
Maschinenbau und Metallverarbeitung,UR,EBA,4,0,4,3,0,3,1,0,1
Maschinenbau und Metallverarbeitung,UR,nReglementiert,0,0,0,0,0,0,0,0,0
Maschinenbau und Metallverarbeitung,SZ,abt-total,79,0,79,75,0,75,4,0,4
Maschinenbau und Metallverarbeitung,SZ,EFZ,75,0,75,71,0,71,4,0,4
Maschinenbau und Metallverarbeitung,SZ,EBA,4,0,4,4,0,4,0,0,0
Maschinenbau und Metallverarbeitung,SZ,nReglementiert,0,0,0,0,0,0,0,0,0
Maschinenbau und Metallverarbeitung,OW,abt-total,32,0,32,31,0,31,1,0,1
Maschinenbau und Metallverarbeitung,OW,EFZ,31,0,31,30,0,30,1,0,1
Maschinenbau und Metallverarbeitung,OW,EBA,1,0,1,1,0,1,0,0,0
Maschinenbau und Metallverarbeitung,OW,nReglementiert,0,0,0,0,0,0,0,0,0
Maschinenbau und Metallverarbeitung,NW,abt-total,40,0,40,37,0,37,3,0,3
Maschinenbau und Metallverarbeitung,NW,EFZ,38,0,38,35,0,35,3,0,3
Maschinenbau und Metallverarbeitung,NW,EBA,2,0,2,2,0,2,0,0,0
Maschinenbau und Metallverarbeitung,NW,nReglementiert,0,0,0,0,0,0,0,0,0
Maschinenbau und Metallverarbeitung,GL,abt-total,41,0,41,39,0,39,2,0,2
Maschinenbau und Metallverarbeitung,GL,EFZ,38,0,38,36,0,36,2,0,2
Maschinenbau und Metallverarbeitung,GL,EBA,3,0,3,3,0,3,0,0,0
Maschinenbau und Metallverarbeitung,GL,nReglementiert,0,0,0,0,0,0,0,0,0
Maschinenbau und Metallverarbeitung,ZG,abt-total,46,0,46,42,0,42,4,0,4
Maschinenbau und Metallverarbeitung,ZG,EFZ,44,0,44,40,0,40,4,0,4
Maschinenbau und Metallverarbeitung,ZG,EBA,2,0,2,2,0,2,0,0,0
Maschinenbau und Metallverarbeitung,ZG,nReglementiert,0,0,0,0,0,0,0,0,0
Maschinenbau und Metallverarbeitung,FR,abt-total,142,13,129,138,13,125,4,0,4
Maschinenbau und Metallverarbeitung,FR,EFZ,137,13,124,133,13,120,4,0,4
Maschinenbau und Metallverarbeitung,FR,EBA,5,0,5,5,0,5,0,0,0
Maschinenbau und Metallverarbeitung,FR,nReglementiert,0,0,0,0,0,0,0,0,0
Maschinenbau und Metallverarbeitung,SO,abt-total,252,14,238,228,9,219,24,5,19
Maschinenbau und Metallverarbeitung,SO,EFZ,229,14,215,210,9,201,19,5,14
Maschinenbau und Metallverarbeitung,SO,EBA,23,0,23,18,0,18,5,0,5
Maschinenbau und Metallverarbeitung,SO,nReglementiert,0,0,0,0,0,0,0,0,0
Maschinenbau und Metallverarbeitung,BS,abt-total,60,22,38,59,21,38,1,1,0
Maschinenbau und Metallverarbeitung,BS,EFZ,56,22,34,55,21,34,1,1,0
Maschinenbau und Metallverarbeitung,BS,EBA,4,0,4,4,0,4,0,0,0
Maschinenbau und Metallverarbeitung,BS,nReglementiert,0,0,0,0,0,0,0,0,0
Maschinenbau und Metallverarbeitung,BL,abt-total,124,0,124,116,0,116,8,0,8
Maschinenbau und Metallverarbeitung,BL,EFZ,106,0,106,98,0,98,8,0,8
Maschinenbau und Metallverarbeitung,BL,EBA,18,0,18,18,0,18,0,0,0
Maschinenbau und Metallverarbeitung,Bl,nReglementiert,0,0,0,0,0,0,0,0,0
Maschinenbau und Metallverarbeitung,SH,abt-total,65,0,65,59,0,59,6,0,6
Maschinenbau und Metallverarbeitung,SH,EFZ,58,0,58,52,0,52,6,0,6
Maschinenbau und Metallverarbeitung,SH,EBA,7,0,7,7,0,7,0,0,0
Maschinenbau und Metallverarbeitung,SH,nReglementiert,0,0,0,0,0,0,0,0,0
Maschinenbau und Metallverarbeitung,AR,abt-total,23,0,23,23,0,23,0,0,0
Maschinenbau und Metallverarbeitung,AR,EFZ,20,0,20,20,0,20,0,0,0
Maschinenbau und Metallverarbeitung,AR,EBA,3,0,3,3,0,3,0,0,0
Maschinenbau und Metallverarbeitung,AR,nReglementiert,0,0,0,0,0,0,0,0,0
Maschinenbau und Metallverarbeitung,AI,abt-total,18,0,18,18,0,18,0,0,0
Maschinenbau und Metallverarbeitung,AI,EFZ,17,0,17,17,0,17,0,0,0
Maschinenbau und Metallverarbeitung,AI,EBA,1,0,1,1,0,1,0,0,0
Maschinenbau und Metallverarbeitung,AI,nReglementiert,0,0,0,0,0,0,0,0,0
Maschinenbau und Metallverarbeitung,SG,abt-total,485,0,485,470,0,470,15,0,15
Maschinenbau und Metallverarbeitung,SG,EFZ,428,0,428,414,0,414,14,0,14
Maschinenbau und Metallverarbeitung,SG,EBA,57,0,57,56,0,56,1,0,1
Maschinenbau und Metallverarbeitung,SG,nReglementiert,0,0,0,0,0,0,0,0,0
Maschinenbau und Metallverarbeitung,GR,abt-total,83,0,83,81,0,81,2,0,2
Maschinenbau und Metallverarbeitung,GR,EFZ,79,0,79,77,0,77,2,0,2
Maschinenbau und Metallverarbeitung,GR,EBA,4,0,4,4,0,4,0,0,0
Maschinenbau und Metallverarbeitung,GR,nReglementiert,0,0,0,0,0,0,0,0,0
Maschinenbau und Metallverarbeitung,AG,abt-total,365,0,365,349,0,349,16,0,16
Maschinenbau und Metallverarbeitung,AG,EFZ,327,0,327,312,0,312,15,0,15
Maschinenbau und Metallverarbeitung,AG,EBA,38,0,38,37,0,37,1,0,1
Maschinenbau und Metallverarbeitung,AG,nReglementiert,0,0,0,0,0,0,0,0,0
Maschinenbau und Metallverarbeitung,TG,abt-total,149,0,149,145,0,145,4,0,4
Maschinenbau und Metallverarbeitung,TG,EFZ,138,0,138,135,0,135,3,0,3
Maschinenbau und Metallverarbeitung,TG,EBA,11,0,11,10,0,10,1,0,1
Maschinenbau und Metallverarbeitung,TG,nReglementiert,0,0,0,0,0,0,0,0,0
Maschinenbau und Metallverarbeitung,TI,abt-total,119,26,93,116,26,90,3,0,3
Maschinenbau und Metallverarbeitung,TI,EFZ,111,26,85,109,26,83,2,0,2
Maschinenbau und Metallverarbeitung,TI,EBA,8,0,8,7,0,7,1,0,1
Maschinenbau und Metallverarbeitung,TI,nReglementiert,0,0,0,0,0,0,0,0,0
Maschinenbau und Metallverarbeitung,VD,abt-total,286,89,197,256,75,181,30,14,16
Maschinenbau und Metallverarbeitung,VD,EFZ,257,89,168,231,75,156,26,14,12
Maschinenbau und Metallverarbeitung,VD,EBA,29,0,29,25,0,25,4,0,4
Maschinenbau und Metallverarbeitung,VD,nReglementiert,0,0,0,0,0,0,0,0,0
Maschinenbau und Metallverarbeitung,VS,abt-total,149,7,142,141,7,134,8,0,8
Maschinenbau und Metallverarbeitung,VS,EFZ,137,7,130,129,7,122,8,0,8
Maschinenbau und Metallverarbeitung,VS,EBA,12,0,12,12,0,12,0,0,0
Maschinenbau und Metallverarbeitung,VS,nReglementiert,0,0,0,0,0,0,0,0,0
Maschinenbau und Metallverarbeitung,NE,abt-total,305,81,224,223,67,156,82,14,68
Maschinenbau und Metallverarbeitung,NE,EFZ,243,81,162,196,67,129,47,14,33
Maschinenbau und Metallverarbeitung,NE,EBA,62,0,62,27,0,27,35,0,35
Maschinenbau und Metallverarbeitung,NE,nReglementiert,0,0,0,0,0,0,0,0,0
Maschinenbau und Metallverarbeitung,GE,abt-total,159,80,79,143,73,70,16,7,9
Maschinenbau und Metallverarbeitung,GE,EFZ,144,80,64,130,73,57,14,7,7
Maschinenbau und Metallverarbeitung,GE,EBA,15,0,15,13,0,13,2,0,2
Maschinenbau und Metallverarbeitung,GE,nReglementiert,0,0,0,0,0,0,0,0,0
Maschinenbau und Metallverarbeitung,JU,abt-total,136,50,86,113,36,77,23,14,9
Maschinenbau und Metallverarbeitung,JU,EFZ,118,50,68,99,36,63,19,14,5
Maschinenbau und Metallverarbeitung,JU,EBA,18,0,18,14,0,14,4,0,4
Maschinenbau und Metallverarbeitung,JU,nReglementiert,0,0,0,0,0,0,0,0,0
Elektrizität und Energie,,abt-total,4293,5,4288,4216,5,4211,77,0,77
Elektrizität und Energie,,EFZ,4026,1,4025,3949,1,3948,77,0,77
Elektrizität und Energie,,EBA,267,4,263,267,4,263,0,0,0
Elektrizität und Energie,,nReglementiert,0,0,0,0,0,0,0,0,0
Elektrizität und Energie,ZH,abt-total,727,0,727,713,0,713,14,0,14
Elektrizität und Energie,ZH,EFZ,690,0,690,676,0,676,14,0,14
Elektrizität und Energie,ZH,EBA,37,0,37,37,0,37,0,0,0
Elektrizität und Energie,ZH,nReglementiert,0,0,0,0,0,0,0,0,0
Elektrizität und Energie,BE,abt-total,477,4,473,466,4,462,11,0,11
Elektrizität und Energie,BE,EFZ,449,0,449,438,0,438,11,0,11
Elektrizität und Energie,BE,EBA,28,4,24,28,4,24,0,0,0
Elektrizität und Energie,BE,nReglementiert,0,0,0,0,0,0,0,0,0
Elektrizität und Energie,LU,abt-total,295,0,295,290,0,290,5,0,5
Elektrizität und Energie,LU,EFZ,272,0,272,267,0,267,5,0,5
Elektrizität und Energie,LU,EBA,23,0,23,23,0,23,0,0,0
Elektrizität und Energie,LU,nReglementiert,0,0,0,0,0,0,0,0,0
Elektrizität und Energie,UR,abt-total,37,0,37,37,0,37,0,0,0
Elektrizität und Energie,UR,EFZ,34,0,34,34,0,34,0,0,0
Elektrizität und Energie,UR,EBA,3,0,3,3,0,3,0,0,0
Elektrizität und Energie,UR,nReglementiert,0,0,0,0,0,0,0,0,0
Elektrizität und Energie,SZ,abt-total,68,0,68,65,0,65,3,0,3
Elektrizität und Energie,SZ,EFZ,63,0,63,60,0,60,3,0,3
Elektrizität und Energie,SZ,EBA,5,0,5,5,0,5,0,0,0
Elektrizität und Energie,SZ,nReglementiert,0,0,0,0,0,0,0,0,0
Elektrizität und Energie,OW,abt-total,28,0,28,28,0,28,0,0,0
Elektrizität und Energie,OW,EFZ,28,0,28,28,0,28,0,0,0
Elektrizität und Energie,OW,EBA,0,0,0,0,0,0,0,0,0
Elektrizität und Energie,OW,nReglementiert,0,0,0,0,0,0,0,0,0
Elektrizität und Energie,NW,abt-total,22,0,22,22,0,22,0,0,0
Elektrizität und Energie,NW,EFZ,20,0,20,20,0,20,0,0,0
Elektrizität und Energie,NW,EBA,2,0,2,2,0,2,0,0,0
Elektrizität und Energie,NW,nReglementiert,0,0,0,0,0,0,0,0,0
Elektrizität und Energie,GL,abt-total,28,0,28,27,0,27,1,0,1
Elektrizität und Energie,GL,EFZ,28,0,28,27,0,27,1,0,1
Elektrizität und Energie,GL,EBA,0,0,0,0,0,0,0,0,0
Elektrizität und Energie,GL,nReglementiert,0,0,0,0,0,0,0,0,0
Elektrizität und Energie,ZG,abt-total,89,0,89,88,0,88,1,0,1
Elektrizität und Energie,ZG,EFZ,86,0,86,85,0,85,1,0,1
Elektrizität und Energie,ZG,EBA,3,0,3,3,0,3,0,0,0
Elektrizität und Energie,ZG,nReglementiert,0,0,0,0,0,0,0,0,0
Elektrizität und Energie,FR,abt-total,156,0,156,155,0,155,1,0,1
Elektrizität und Energie,FR,EFZ,152,0,152,151,0,151,1,0,1
Elektrizität und Energie,FR,EBA,4,0,4,4,0,4,0,0,0
Elektrizität und Energie,FR,nReglementiert,0,0,0,0,0,0,0,0,0
Elektrizität und Energie,SO,abt-total,107,1,106,105,1,104,2,0,2
Elektrizität und Energie,SO,EFZ,93,1,92,91,1,90,2,0,2
Elektrizität und Energie,SO,EBA,14,0,14,14,0,14,0,0,0
Elektrizität und Energie,SO,nReglementiert,0,0,0,0,0,0,0,0,0
Elektrizität und Energie,BS,abt-total,151,0,151,149,0,149,2,0,2
Elektrizität und Energie,BS,EFZ,146,0,146,144,0,144,2,0,2
Elektrizität und Energie,BS,EBA,5,0,5,5,0,5,0,0,0
Elektrizität und Energie,BS,nReglementiert,0,0,0,0,0,0,0,0,0
Elektrizität und Energie,BL,abt-total,106,0,106,103,0,103,3,0,3
Elektrizität und Energie,BL,EFZ,95,0,95,92,0,92,3,0,3
Elektrizität und Energie,BL,EBA,11,0,11,11,0,11,0,0,0
Elektrizität und Energie,Bl,nReglementiert,0,0,0,0,0,0,0,0,0
Elektrizität und Energie,SH,abt-total,41,0,41,41,0,41,0,0,0
Elektrizität und Energie,SH,EFZ,39,0,39,39,0,39,0,0,0
Elektrizität und Energie,SH,EBA,2,0,2,2,0,2,0,0,0
Elektrizität und Energie,SH,nReglementiert,0,0,0,0,0,0,0,0,0
Elektrizität und Energie,AR,abt-total,20,0,20,19,0,19,1,0,1
Elektrizität und Energie,AR,EFZ,20,0,20,19,0,19,1,0,1
Elektrizität und Energie,AR,EBA,0,0,0,0,0,0,0,0,0
Elektrizität und Energie,AR,nReglementiert,0,0,0,0,0,0,0,0,0
Elektrizität und Energie,AI,abt-total,11,0,11,11,0,11,0,0,0
Elektrizität und Energie,AI,EFZ,11,0,11,11,0,11,0,0,0
Elektrizität und Energie,AI,EBA,0,0,0,0,0,0,0,0,0
Elektrizität und Energie,AI,nReglementiert,0,0,0,0,0,0,0,0,0
Elektrizität und Energie,SG,abt-total,323,0,323,319,0,319,4,0,4
Elektrizität und Energie,SG,EFZ,292,0,292,288,0,288,4,0,4
Elektrizität und Energie,SG,EBA,31,0,31,31,0,31,0,0,0
Elektrizität und Energie,SG,nReglementiert,0,0,0,0,0,0,0,0,0
Elektrizität und Energie,GR,abt-total,160,0,160,154,0,154,6,0,6
Elektrizität und Energie,GR,EFZ,142,0,142,136,0,136,6,0,6
Elektrizität und Energie,GR,EBA,18,0,18,18,0,18,0,0,0
Elektrizität und Energie,GR,nReglementiert,0,0,0,0,0,0,0,0,0
Elektrizität und Energie,AG,abt-total,337,0,337,325,0,325,12,0,12
Elektrizität und Energie,AG,EFZ,318,0,318,306,0,306,12,0,12
Elektrizität und Energie,AG,EBA,19,0,19,19,0,19,0,0,0
Elektrizität und Energie,AG,nReglementiert,0,0,0,0,0,0,0,0,0
Elektrizität und Energie,TG,abt-total,151,0,151,147,0,147,4,0,4
Elektrizität und Energie,TG,EFZ,141,0,141,137,0,137,4,0,4
Elektrizität und Energie,TG,EBA,10,0,10,10,0,10,0,0,0
Elektrizität und Energie,TG,nReglementiert,0,0,0,0,0,0,0,0,0
Elektrizität und Energie,TI,abt-total,240,0,240,240,0,240,0,0,0
Elektrizität und Energie,TI,EFZ,232,0,232,232,0,232,0,0,0
Elektrizität und Energie,TI,EBA,8,0,8,8,0,8,0,0,0
Elektrizität und Energie,TI,nReglementiert,0,0,0,0,0,0,0,0,0
Elektrizität und Energie,VD,abt-total,302,0,302,299,0,299,3,0,3
Elektrizität und Energie,VD,EFZ,278,0,278,275,0,275,3,0,3
Elektrizität und Energie,VD,EBA,24,0,24,24,0,24,0,0,0
Elektrizität und Energie,VD,nReglementiert,0,0,0,0,0,0,0,0,0
Elektrizität und Energie,VS,abt-total,218,0,218,216,0,216,2,0,2
Elektrizität und Energie,VS,EFZ,208,0,208,206,0,206,2,0,2
Elektrizität und Energie,VS,EBA,10,0,10,10,0,10,0,0,0
Elektrizität und Energie,VS,nReglementiert,0,0,0,0,0,0,0,0,0
Elektrizität und Energie,NE,abt-total,74,0,74,73,0,73,1,0,1
Elektrizität und Energie,NE,EFZ,72,0,72,71,0,71,1,0,1
Elektrizität und Energie,NE,EBA,2,0,2,2,0,2,0,0,0
Elektrizität und Energie,NE,nReglementiert,0,0,0,0,0,0,0,0,0
Elektrizität und Energie,GE,abt-total,85,0,85,85,0,85,0,0,0
Elektrizität und Energie,GE,EFZ,78,0,78,78,0,78,0,0,0
Elektrizität und Energie,GE,EBA,7,0,7,7,0,7,0,0,0
Elektrizität und Energie,GE,nReglementiert,0,0,0,0,0,0,0,0,0
Elektrizität und Energie,JU,abt-total,40,0,40,39,0,39,1,0,1
Elektrizität und Energie,JU,EFZ,39,0,39,38,0,38,1,0,1
Elektrizität und Energie,JU,EBA,1,0,1,1,0,1,0,0,0
Elektrizität und Energie,JU,nReglementiert,0,0,0,0,0,0,0,0,0
Elektronik und Automation,,abt-total,1910,526,1384,1841,503,1338,69,23,46
Elektronik und Automation,,EFZ,1910,526,1384,1841,503,1338,69,23,46
Elektronik und Automation,,EBA,0,0,0,0,0,0,0,0,0
Elektronik und Automation,,nReglementiert,0,0,0,0,0,0,0,0,0
Elektronik und Automation,ZH,abt-total,249,36,213,241,35,206,8,1,7
Elektronik und Automation,ZH,EFZ,249,36,213,241,35,206,8,1,7
Elektronik und Automation,ZH,EBA,0,0,0,0,0,0,0,0,0
Elektronik und Automation,ZH,nReglementiert,0,0,0,0,0,0,0,0,0
Elektronik und Automation,BE,abt-total,221,72,149,212,68,144,9,4,5
Elektronik und Automation,BE,EFZ,221,72,149,212,68,144,9,4,5
Elektronik und Automation,BE,EBA,0,0,0,0,0,0,0,0,0
Elektronik und Automation,BE,nReglementiert,0,0,0,0,0,0,0,0,0
Elektronik und Automation,LU,abt-total,79,0,79,77,0,77,2,0,2
Elektronik und Automation,LU,EFZ,79,0,79,77,0,77,2,0,2
Elektronik und Automation,LU,EBA,0,0,0,0,0,0,0,0,0
Elektronik und Automation,LU,nReglementiert,0,0,0,0,0,0,0,0,0
Elektronik und Automation,UR,abt-total,9,0,9,9,0,9,0,0,0
Elektronik und Automation,UR,EFZ,9,0,9,9,0,9,0,0,0
Elektronik und Automation,UR,EBA,0,0,0,0,0,0,0,0,0
Elektronik und Automation,UR,nReglementiert,0,0,0,0,0,0,0,0,0
Elektronik und Automation,SZ,abt-total,24,0,24,23,0,23,1,0,1
Elektronik und Automation,SZ,EFZ,24,0,24,23,0,23,1,0,1
Elektronik und Automation,SZ,EBA,0,0,0,0,0,0,0,0,0
Elektronik und Automation,SZ,nReglementiert,0,0,0,0,0,0,0,0,0
Elektronik und Automation,OW,abt-total,9,0,9,9,0,9,0,0,0
Elektronik und Automation,OW,EFZ,9,0,9,9,0,9,0,0,0
Elektronik und Automation,OW,EBA,0,0,0,0,0,0,0,0,0
Elektronik und Automation,OW,nReglementiert,0,0,0,0,0,0,0,0,0
Elektronik und Automation,NW,abt-total,7,0,7,7,0,7,0,0,0
Elektronik und Automation,NW,EFZ,7,0,7,7,0,7,0,0,0
Elektronik und Automation,NW,EBA,0,0,0,0,0,0,0,0,0
Elektronik und Automation,NW,nReglementiert,0,0,0,0,0,0,0,0,0
Elektronik und Automation,GL,abt-total,9,0,9,8,0,8,1,0,1
Elektronik und Automation,GL,EFZ,9,0,9,8,0,8,1,0,1
Elektronik und Automation,GL,EBA,0,0,0,0,0,0,0,0,0
Elektronik und Automation,GL,nReglementiert,0,0,0,0,0,0,0,0,0
Elektronik und Automation,ZG,abt-total,37,0,37,36,0,36,1,0,1
Elektronik und Automation,ZG,EFZ,37,0,37,36,0,36,1,0,1
Elektronik und Automation,ZG,EBA,0,0,0,0,0,0,0,0,0
Elektronik und Automation,ZG,nReglementiert,0,0,0,0,0,0,0,0,0
Elektronik und Automation,FR,abt-total,96,37,59,93,36,57,3,1,2
Elektronik und Automation,FR,EFZ,96,37,59,93,36,57,3,1,2
Elektronik und Automation,FR,EBA,0,0,0,0,0,0,0,0,0
Elektronik und Automation,FR,nReglementiert,0,0,0,0,0,0,0,0,0
Elektronik und Automation,SO,abt-total,44,0,44,41,0,41,3,0,3
Elektronik und Automation,SO,EFZ,44,0,44,41,0,41,3,0,3
Elektronik und Automation,SO,EBA,0,0,0,0,0,0,0,0,0
Elektronik und Automation,SO,nReglementiert,0,0,0,0,0,0,0,0,0
Elektronik und Automation,BS,abt-total,30,0,30,27,0,27,3,0,3
Elektronik und Automation,BS,EFZ,30,0,30,27,0,27,3,0,3
Elektronik und Automation,BS,EBA,0,0,0,0,0,0,0,0,0
Elektronik und Automation,BS,nReglementiert,0,0,0,0,0,0,0,0,0
Elektronik und Automation,BL,abt-total,32,0,32,32,0,32,0,0,0
Elektronik und Automation,BL,EFZ,32,0,32,32,0,32,0,0,0
Elektronik und Automation,BL,EBA,0,0,0,0,0,0,0,0,0
Elektronik und Automation,Bl,nReglementiert,0,0,0,0,0,0,0,0,0
Elektronik und Automation,SH,abt-total,18,0,18,17,0,17,1,0,1
Elektronik und Automation,SH,EFZ,18,0,18,17,0,17,1,0,1
Elektronik und Automation,SH,EBA,0,0,0,0,0,0,0,0,0
Elektronik und Automation,SH,nReglementiert,0,0,0,0,0,0,0,0,0
Elektronik und Automation,AR,abt-total,7,0,7,5,0,5,2,0,2
Elektronik und Automation,AR,EFZ,7,0,7,5,0,5,2,0,2
Elektronik und Automation,AR,EBA,0,0,0,0,0,0,0,0,0
Elektronik und Automation,AR,nReglementiert,0,0,0,0,0,0,0,0,0
Elektronik und Automation,AI,abt-total,4,0,4,3,0,3,1,0,1
Elektronik und Automation,AI,EFZ,4,0,4,3,0,3,1,0,1
Elektronik und Automation,AI,EBA,0,0,0,0,0,0,0,0,0
Elektronik und Automation,AI,nReglementiert,0,0,0,0,0,0,0,0,0
Elektronik und Automation,SG,abt-total,117,0,117,114,0,114,3,0,3
Elektronik und Automation,SG,EFZ,117,0,117,114,0,114,3,0,3
Elektronik und Automation,SG,EBA,0,0,0,0,0,0,0,0,0
Elektronik und Automation,SG,nReglementiert,0,0,0,0,0,0,0,0,0
Elektronik und Automation,GR,abt-total,42,0,42,41,0,41,1,0,1
Elektronik und Automation,GR,EFZ,42,0,42,41,0,41,1,0,1
Elektronik und Automation,GR,EBA,0,0,0,0,0,0,0,0,0
Elektronik und Automation,GR,nReglementiert,0,0,0,0,0,0,0,0,0
Elektronik und Automation,AG,abt-total,153,0,153,151,0,151,2,0,2
Elektronik und Automation,AG,EFZ,153,0,153,151,0,151,2,0,2
Elektronik und Automation,AG,EBA,0,0,0,0,0,0,0,0,0
Elektronik und Automation,AG,nReglementiert,0,0,0,0,0,0,0,0,0
Elektronik und Automation,TG,abt-total,44,0,44,41,0,41,3,0,3
Elektronik und Automation,TG,EFZ,44,0,44,41,0,41,3,0,3
Elektronik und Automation,TG,EBA,0,0,0,0,0,0,0,0,0
Elektronik und Automation,TG,nReglementiert,0,0,0,0,0,0,0,0,0
Elektronik und Automation,TI,abt-total,101,54,47,99,52,47,2,2,0
Elektronik und Automation,TI,EFZ,101,54,47,99,52,47,2,2,0
Elektronik und Automation,TI,EBA,0,0,0,0,0,0,0,0,0
Elektronik und Automation,TI,nReglementiert,0,0,0,0,0,0,0,0,0
Elektronik und Automation,VD,abt-total,200,119,81,189,112,77,11,7,4
Elektronik und Automation,VD,EFZ,200,119,81,189,112,77,11,7,4
Elektronik und Automation,VD,EBA,0,0,0,0,0,0,0,0,0
Elektronik und Automation,VD,nReglementiert,0,0,0,0,0,0,0,0,0
Elektronik und Automation,VS,abt-total,72,40,32,70,38,32,2,2,0
Elektronik und Automation,VS,EFZ,72,40,32,70,38,32,2,2,0
Elektronik und Automation,VS,EBA,0,0,0,0,0,0,0,0,0
Elektronik und Automation,VS,nReglementiert,0,0,0,0,0,0,0,0,0
Elektronik und Automation,NE,abt-total,106,83,23,101,81,20,5,2,3
Elektronik und Automation,NE,EFZ,106,83,23,101,81,20,5,2,3
Elektronik und Automation,NE,EBA,0,0,0,0,0,0,0,0,0
Elektronik und Automation,NE,nReglementiert,0,0,0,0,0,0,0,0,0
Elektronik und Automation,GE,abt-total,169,63,106,166,61,105,3,2,1
Elektronik und Automation,GE,EFZ,169,63,106,166,61,105,3,2,1
Elektronik und Automation,GE,EBA,0,0,0,0,0,0,0,0,0
Elektronik und Automation,GE,nReglementiert,0,0,0,0,0,0,0,0,0
Elektronik und Automation,JU,abt-total,31,22,9,29,20,9,2,2,0
Elektronik und Automation,JU,EFZ,31,22,9,29,20,9,2,2,0
Elektronik und Automation,JU,EBA,0,0,0,0,0,0,0,0,0
Elektronik und Automation,JU,nReglementiert,0,0,0,0,0,0,0,0,0
Chemie und Verfahrenstechnik,,abt-total,627,57,570,393,31,362,234,26,208
Chemie und Verfahrenstechnik,,EFZ,627,57,570,393,31,362,234,26,208
Chemie und Verfahrenstechnik,,EBA,0,0,0,0,0,0,0,0,0
Chemie und Verfahrenstechnik,,nReglementiert,0,0,0,0,0,0,0,0,0
Chemie und Verfahrenstechnik,ZH,abt-total,66,0,66,45,0,45,21,0,21
Chemie und Verfahrenstechnik,ZH,EFZ,66,0,66,45,0,45,21,0,21
Chemie und Verfahrenstechnik,ZH,EBA,0,0,0,0,0,0,0,0,0
Chemie und Verfahrenstechnik,ZH,nReglementiert,0,0,0,0,0,0,0,0,0
Chemie und Verfahrenstechnik,BE,abt-total,30,0,30,16,0,16,14,0,14
Chemie und Verfahrenstechnik,BE,EFZ,30,0,30,16,0,16,14,0,14
Chemie und Verfahrenstechnik,BE,EBA,0,0,0,0,0,0,0,0,0
Chemie und Verfahrenstechnik,BE,nReglementiert,0,0,0,0,0,0,0,0,0
Chemie und Verfahrenstechnik,LU,abt-total,10,0,10,5,0,5,5,0,5
Chemie und Verfahrenstechnik,LU,EFZ,10,0,10,5,0,5,5,0,5
Chemie und Verfahrenstechnik,LU,EBA,0,0,0,0,0,0,0,0,0
Chemie und Verfahrenstechnik,LU,nReglementiert,0,0,0,0,0,0,0,0,0
Chemie und Verfahrenstechnik,UR,abt-total,1,0,1,1,0,1,0,0,0
Chemie und Verfahrenstechnik,UR,EFZ,1,0,1,1,0,1,0,0,0
Chemie und Verfahrenstechnik,UR,EBA,0,0,0,0,0,0,0,0,0
Chemie und Verfahrenstechnik,UR,nReglementiert,0,0,0,0,0,0,0,0,0
Chemie und Verfahrenstechnik,SZ,abt-total,2,0,2,1,0,1,1,0,1
Chemie und Verfahrenstechnik,SZ,EFZ,2,0,2,1,0,1,1,0,1
Chemie und Verfahrenstechnik,SZ,EBA,0,0,0,0,0,0,0,0,0
Chemie und Verfahrenstechnik,SZ,nReglementiert,0,0,0,0,0,0,0,0,0
Chemie und Verfahrenstechnik,OW,abt-total,0,0,0,0,0,0,0,0,0
Chemie und Verfahrenstechnik,OW,EFZ,0,0,0,0,0,0,0,0,0
Chemie und Verfahrenstechnik,OW,EBA,0,0,0,0,0,0,0,0,0
Chemie und Verfahrenstechnik,OW,nReglementiert,0,0,0,0,0,0,0,0,0
Chemie und Verfahrenstechnik,NW,abt-total,0,0,0,0,0,0,0,0,0
Chemie und Verfahrenstechnik,NW,EFZ,0,0,0,0,0,0,0,0,0
Chemie und Verfahrenstechnik,NW,EBA,0,0,0,0,0,0,0,0,0
Chemie und Verfahrenstechnik,NW,nReglementiert,0,0,0,0,0,0,0,0,0
Chemie und Verfahrenstechnik,GL,abt-total,0,0,0,0,0,0,0,0,0
Chemie und Verfahrenstechnik,GL,EFZ,0,0,0,0,0,0,0,0,0
Chemie und Verfahrenstechnik,GL,EBA,0,0,0,0,0,0,0,0,0
Chemie und Verfahrenstechnik,GL,nReglementiert,0,0,0,0,0,0,0,0,0
Chemie und Verfahrenstechnik,ZG,abt-total,5,0,5,2,0,2,3,0,3
Chemie und Verfahrenstechnik,ZG,EFZ,5,0,5,2,0,2,3,0,3
Chemie und Verfahrenstechnik,ZG,EBA,0,0,0,0,0,0,0,0,0
Chemie und Verfahrenstechnik,ZG,nReglementiert,0,0,0,0,0,0,0,0,0
Chemie und Verfahrenstechnik,FR,abt-total,26,0,26,13,0,13,13,0,13
Chemie und Verfahrenstechnik,FR,EFZ,26,0,26,13,0,13,13,0,13
Chemie und Verfahrenstechnik,FR,EBA,0,0,0,0,0,0,0,0,0
Chemie und Verfahrenstechnik,FR,nReglementiert,0,0,0,0,0,0,0,0,0
Chemie und Verfahrenstechnik,SO,abt-total,2,0,2,0,0,0,2,0,2
Chemie und Verfahrenstechnik,SO,EFZ,2,0,2,0,0,0,2,0,2
Chemie und Verfahrenstechnik,SO,EBA,0,0,0,0,0,0,0,0,0
Chemie und Verfahrenstechnik,SO,nReglementiert,0,0,0,0,0,0,0,0,0
Chemie und Verfahrenstechnik,BS,abt-total,66,0,66,39,0,39,27,0,27
Chemie und Verfahrenstechnik,BS,EFZ,66,0,66,39,0,39,27,0,27
Chemie und Verfahrenstechnik,BS,EBA,0,0,0,0,0,0,0,0,0
Chemie und Verfahrenstechnik,BS,nReglementiert,0,0,0,0,0,0,0,0,0
Chemie und Verfahrenstechnik,BL,abt-total,93,0,93,55,0,55,38,0,38
Chemie und Verfahrenstechnik,BL,EFZ,93,0,93,55,0,55,38,0,38
Chemie und Verfahrenstechnik,BL,EBA,0,0,0,0,0,0,0,0,0
Chemie und Verfahrenstechnik,Bl,nReglementiert,0,0,0,0,0,0,0,0,0
Chemie und Verfahrenstechnik,SH,abt-total,11,0,11,9,0,9,2,0,2
Chemie und Verfahrenstechnik,SH,EFZ,11,0,11,9,0,9,2,0,2
Chemie und Verfahrenstechnik,SH,EBA,0,0,0,0,0,0,0,0,0
Chemie und Verfahrenstechnik,SH,nReglementiert,0,0,0,0,0,0,0,0,0
Chemie und Verfahrenstechnik,AR,abt-total,4,0,4,2,0,2,2,0,2
Chemie und Verfahrenstechnik,AR,EFZ,4,0,4,2,0,2,2,0,2
Chemie und Verfahrenstechnik,AR,EBA,0,0,0,0,0,0,0,0,0
Chemie und Verfahrenstechnik,AR,nReglementiert,0,0,0,0,0,0,0,0,0
Chemie und Verfahrenstechnik,AI,abt-total,0,0,0,0,0,0,0,0,0
Chemie und Verfahrenstechnik,AI,EFZ,0,0,0,0,0,0,0,0,0
Chemie und Verfahrenstechnik,AI,EBA,0,0,0,0,0,0,0,0,0
Chemie und Verfahrenstechnik,AI,nReglementiert,0,0,0,0,0,0,0,0,0
Chemie und Verfahrenstechnik,SG,abt-total,27,0,27,15,0,15,12,0,12
Chemie und Verfahrenstechnik,SG,EFZ,27,0,27,15,0,15,12,0,12
Chemie und Verfahrenstechnik,SG,EBA,0,0,0,0,0,0,0,0,0
Chemie und Verfahrenstechnik,SG,nReglementiert,0,0,0,0,0,0,0,0,0
Chemie und Verfahrenstechnik,GR,abt-total,10,0,10,8,0,8,2,0,2
Chemie und Verfahrenstechnik,GR,EFZ,10,0,10,8,0,8,2,0,2
Chemie und Verfahrenstechnik,GR,EBA,0,0,0,0,0,0,0,0,0
Chemie und Verfahrenstechnik,GR,nReglementiert,0,0,0,0,0,0,0,0,0
Chemie und Verfahrenstechnik,AG,abt-total,52,0,52,38,0,38,14,0,14
Chemie und Verfahrenstechnik,AG,EFZ,52,0,52,38,0,38,14,0,14
Chemie und Verfahrenstechnik,AG,EBA,0,0,0,0,0,0,0,0,0
Chemie und Verfahrenstechnik,AG,nReglementiert,0,0,0,0,0,0,0,0,0
Chemie und Verfahrenstechnik,TG,abt-total,6,0,6,3,0,3,3,0,3
Chemie und Verfahrenstechnik,TG,EFZ,6,0,6,3,0,3,3,0,3
Chemie und Verfahrenstechnik,TG,EBA,0,0,0,0,0,0,0,0,0
Chemie und Verfahrenstechnik,TG,nReglementiert,0,0,0,0,0,0,0,0,0
Chemie und Verfahrenstechnik,TI,abt-total,30,0,30,19,0,19,11,0,11
Chemie und Verfahrenstechnik,TI,EFZ,30,0,30,19,0,19,11,0,11
Chemie und Verfahrenstechnik,TI,EBA,0,0,0,0,0,0,0,0,0
Chemie und Verfahrenstechnik,TI,nReglementiert,0,0,0,0,0,0,0,0,0
Chemie und Verfahrenstechnik,VD,abt-total,65,22,43,35,7,28,30,15,15
Chemie und Verfahrenstechnik,VD,EFZ,65,22,43,35,7,28,30,15,15
Chemie und Verfahrenstechnik,VD,EBA,0,0,0,0,0,0,0,0,0
Chemie und Verfahrenstechnik,VD,nReglementiert,0,0,0,0,0,0,0,0,0
Chemie und Verfahrenstechnik,VS,abt-total,81,32,49,61,22,39,20,10,10
Chemie und Verfahrenstechnik,VS,EFZ,81,32,49,61,22,39,20,10,10
Chemie und Verfahrenstechnik,VS,EBA,0,0,0,0,0,0,0,0,0
Chemie und Verfahrenstechnik,VS,nReglementiert,0,0,0,0,0,0,0,0,0
Chemie und Verfahrenstechnik,NE,abt-total,10,0,10,4,0,4,6,0,6
Chemie und Verfahrenstechnik,NE,EFZ,10,0,10,4,0,4,6,0,6
Chemie und Verfahrenstechnik,NE,EBA,0,0,0,0,0,0,0,0,0
Chemie und Verfahrenstechnik,NE,nReglementiert,0,0,0,0,0,0,0,0,0
Chemie und Verfahrenstechnik,GE,abt-total,24,0,24,19,0,19,5,0,5
Chemie und Verfahrenstechnik,GE,EFZ,24,0,24,19,0,19,5,0,5
Chemie und Verfahrenstechnik,GE,EBA,0,0,0,0,0,0,0,0,0
Chemie und Verfahrenstechnik,GE,nReglementiert,0,0,0,0,0,0,0,0,0
Chemie und Verfahrenstechnik,JU,abt-total,6,3,3,3,2,1,3,1,2
Chemie und Verfahrenstechnik,JU,EFZ,6,3,3,3,2,1,3,1,2
Chemie und Verfahrenstechnik,JU,EBA,0,0,0,0,0,0,0,0,0
Chemie und Verfahrenstechnik,JU,nReglementiert,0,0,0,0,0,0,0,0,0
"Kraftfahrzeuge, Schiffe und Flugzeuge",,abt-total,4221,31,4190,4026,31,3995,195,0,195
"Kraftfahrzeuge, Schiffe und Flugzeuge",,EFZ,3671,31,3640,3486,31,3455,185,0,185
"Kraftfahrzeuge, Schiffe und Flugzeuge",,EBA,550,0,550,540,0,540,10,0,10
"Kraftfahrzeuge, Schiffe und Flugzeuge",,nReglementiert,0,0,0,0,0,0,0,0,0
"Kraftfahrzeuge, Schiffe und Flugzeuge",ZH,abt-total,634,0,634,612,0,612,22,0,22
"Kraftfahrzeuge, Schiffe und Flugzeuge",ZH,EFZ,555,0,555,534,0,534,21,0,21
"Kraftfahrzeuge, Schiffe und Flugzeuge",ZH,EBA,79,0,79,78,0,78,1,0,1
"Kraftfahrzeuge, Schiffe und Flugzeuge",ZH,nReglementiert,0,0,0,0,0,0,0,0,0
"Kraftfahrzeuge, Schiffe und Flugzeuge",BE,abt-total,510,0,510,482,0,482,28,0,28
"Kraftfahrzeuge, Schiffe und Flugzeuge",BE,EFZ,461,0,461,433,0,433,28,0,28
"Kraftfahrzeuge, Schiffe und Flugzeuge",BE,EBA,49,0,49,49,0,49,0,0,0
"Kraftfahrzeuge, Schiffe und Flugzeuge",BE,nReglementiert,0,0,0,0,0,0,0,0,0
"Kraftfahrzeuge, Schiffe und Flugzeuge",LU,abt-total,278,0,278,270,0,270,8,0,8
"Kraftfahrzeuge, Schiffe und Flugzeuge",LU,EFZ,244,0,244,238,0,238,6,0,6
"Kraftfahrzeuge, Schiffe und Flugzeuge",LU,EBA,34,0,34,32,0,32,2,0,2
"Kraftfahrzeuge, Schiffe und Flugzeuge",LU,nReglementiert,0,0,0,0,0,0,0,0,0
"Kraftfahrzeuge, Schiffe und Flugzeuge",UR,abt-total,24,0,24,23,0,23,1,0,1
"Kraftfahrzeuge, Schiffe und Flugzeuge",UR,EFZ,22,0,22,21,0,21,1,0,1
"Kraftfahrzeuge, Schiffe und Flugzeuge",UR,EBA,2,0,2,2,0,2,0,0,0
"Kraftfahrzeuge, Schiffe und Flugzeuge",UR,nReglementiert,0,0,0,0,0,0,0,0,0
"Kraftfahrzeuge, Schiffe und Flugzeuge",SZ,abt-total,73,0,73,70,0,70,3,0,3
"Kraftfahrzeuge, Schiffe und Flugzeuge",SZ,EFZ,65,0,65,62,0,62,3,0,3
"Kraftfahrzeuge, Schiffe und Flugzeuge",SZ,EBA,8,0,8,8,0,8,0,0,0
"Kraftfahrzeuge, Schiffe und Flugzeuge",SZ,nReglementiert,0,0,0,0,0,0,0,0,0
"Kraftfahrzeuge, Schiffe und Flugzeuge",OW,abt-total,32,0,32,30,0,30,2,0,2
"Kraftfahrzeuge, Schiffe und Flugzeuge",OW,EFZ,32,0,32,30,0,30,2,0,2
"Kraftfahrzeuge, Schiffe und Flugzeuge",OW,EBA,0,0,0,0,0,0,0,0,0
"Kraftfahrzeuge, Schiffe und Flugzeuge",OW,nReglementiert,0,0,0,0,0,0,0,0,0
"Kraftfahrzeuge, Schiffe und Flugzeuge",NW,abt-total,22,0,22,21,0,21,1,0,1
"Kraftfahrzeuge, Schiffe und Flugzeuge",NW,EFZ,20,0,20,19,0,19,1,0,1
"Kraftfahrzeuge, Schiffe und Flugzeuge",NW,EBA,2,0,2,2,0,2,0,0,0
"Kraftfahrzeuge, Schiffe und Flugzeuge",NW,nReglementiert,0,0,0,0,0,0,0,0,0
"Kraftfahrzeuge, Schiffe und Flugzeuge",GL,abt-total,21,0,21,19,0,19,2,0,2
"Kraftfahrzeuge, Schiffe und Flugzeuge",GL,EFZ,15,0,15,14,0,14,1,0,1
"Kraftfahrzeuge, Schiffe und Flugzeuge",GL,EBA,6,0,6,5,0,5,1,0,1
"Kraftfahrzeuge, Schiffe und Flugzeuge",GL,nReglementiert,0,0,0,0,0,0,0,0,0
"Kraftfahrzeuge, Schiffe und Flugzeuge",ZG,abt-total,49,0,49,47,0,47,2,0,2
"Kraftfahrzeuge, Schiffe und Flugzeuge",ZG,EFZ,44,0,44,42,0,42,2,0,2
"Kraftfahrzeuge, Schiffe und Flugzeuge",ZG,EBA,5,0,5,5,0,5,0,0,0
"Kraftfahrzeuge, Schiffe und Flugzeuge",ZG,nReglementiert,0,0,0,0,0,0,0,0,0
"Kraftfahrzeuge, Schiffe und Flugzeuge",FR,abt-total,176,0,176,170,0,170,6,0,6
"Kraftfahrzeuge, Schiffe und Flugzeuge",FR,EFZ,160,0,160,154,0,154,6,0,6
"Kraftfahrzeuge, Schiffe und Flugzeuge",FR,EBA,16,0,16,16,0,16,0,0,0
"Kraftfahrzeuge, Schiffe und Flugzeuge",FR,nReglementiert,0,0,0,0,0,0,0,0,0
"Kraftfahrzeuge, Schiffe und Flugzeuge",SO,abt-total,139,0,139,125,0,125,14,0,14
"Kraftfahrzeuge, Schiffe und Flugzeuge",SO,EFZ,107,0,107,93,0,93,14,0,14
"Kraftfahrzeuge, Schiffe und Flugzeuge",SO,EBA,32,0,32,32,0,32,0,0,0
"Kraftfahrzeuge, Schiffe und Flugzeuge",SO,nReglementiert,0,0,0,0,0,0,0,0,0
"Kraftfahrzeuge, Schiffe und Flugzeuge",BS,abt-total,50,0,50,47,0,47,3,0,3
"Kraftfahrzeuge, Schiffe und Flugzeuge",BS,EFZ,45,0,45,42,0,42,3,0,3
"Kraftfahrzeuge, Schiffe und Flugzeuge",BS,EBA,5,0,5,5,0,5,0,0,0
"Kraftfahrzeuge, Schiffe und Flugzeuge",BS,nReglementiert,0,0,0,0,0,0,0,0,0
"Kraftfahrzeuge, Schiffe und Flugzeuge",BL,abt-total,121,0,121,111,0,111,10,0,10
"Kraftfahrzeuge, Schiffe und Flugzeuge",BL,EFZ,100,0,100,91,0,91,9,0,9
"Kraftfahrzeuge, Schiffe und Flugzeuge",BL,EBA,21,0,21,20,0,20,1,0,1
"Kraftfahrzeuge, Schiffe und Flugzeuge",Bl,nReglementiert,0,0,0,0,0,0,0,0,0
"Kraftfahrzeuge, Schiffe und Flugzeuge",SH,abt-total,42,0,42,41,0,41,1,0,1
"Kraftfahrzeuge, Schiffe und Flugzeuge",SH,EFZ,35,0,35,34,0,34,1,0,1
"Kraftfahrzeuge, Schiffe und Flugzeuge",SH,EBA,7,0,7,7,0,7,0,0,0
"Kraftfahrzeuge, Schiffe und Flugzeuge",SH,nReglementiert,0,0,0,0,0,0,0,0,0
"Kraftfahrzeuge, Schiffe und Flugzeuge",AR,abt-total,26,0,26,25,0,25,1,0,1
"Kraftfahrzeuge, Schiffe und Flugzeuge",AR,EFZ,22,0,22,21,0,21,1,0,1
"Kraftfahrzeuge, Schiffe und Flugzeuge",AR,EBA,4,0,4,4,0,4,0,0,0
"Kraftfahrzeuge, Schiffe und Flugzeuge",AR,nReglementiert,0,0,0,0,0,0,0,0,0
"Kraftfahrzeuge, Schiffe und Flugzeuge",AI,abt-total,7,0,7,7,0,7,0,0,0
"Kraftfahrzeuge, Schiffe und Flugzeuge",AI,EFZ,6,0,6,6,0,6,0,0,0
"Kraftfahrzeuge, Schiffe und Flugzeuge",AI,EBA,1,0,1,1,0,1,0,0,0
"Kraftfahrzeuge, Schiffe und Flugzeuge",AI,nReglementiert,0,0,0,0,0,0,0,0,0
"Kraftfahrzeuge, Schiffe und Flugzeuge",SG,abt-total,323,0,323,300,0,300,23,0,23
"Kraftfahrzeuge, Schiffe und Flugzeuge",SG,EFZ,287,0,287,266,0,266,21,0,21
"Kraftfahrzeuge, Schiffe und Flugzeuge",SG,EBA,36,0,36,34,0,34,2,0,2
"Kraftfahrzeuge, Schiffe und Flugzeuge",SG,nReglementiert,0,0,0,0,0,0,0,0,0
"Kraftfahrzeuge, Schiffe und Flugzeuge",GR,abt-total,140,0,140,131,0,131,9,0,9
"Kraftfahrzeuge, Schiffe und Flugzeuge",GR,EFZ,127,0,127,118,0,118,9,0,9
"Kraftfahrzeuge, Schiffe und Flugzeuge",GR,EBA,13,0,13,13,0,13,0,0,0
"Kraftfahrzeuge, Schiffe und Flugzeuge",GR,nReglementiert,0,0,0,0,0,0,0,0,0
"Kraftfahrzeuge, Schiffe und Flugzeuge",AG,abt-total,355,0,355,337,0,337,18,0,18
"Kraftfahrzeuge, Schiffe und Flugzeuge",AG,EFZ,280,0,280,264,0,264,16,0,16
"Kraftfahrzeuge, Schiffe und Flugzeuge",AG,EBA,75,0,75,73,0,73,2,0,2
"Kraftfahrzeuge, Schiffe und Flugzeuge",AG,nReglementiert,0,0,0,0,0,0,0,0,0
"Kraftfahrzeuge, Schiffe und Flugzeuge",TG,abt-total,169,0,169,160,0,160,9,0,9
"Kraftfahrzeuge, Schiffe und Flugzeuge",TG,EFZ,140,0,140,131,0,131,9,0,9
"Kraftfahrzeuge, Schiffe und Flugzeuge",TG,EBA,29,0,29,29,0,29,0,0,0
"Kraftfahrzeuge, Schiffe und Flugzeuge",TG,nReglementiert,0,0,0,0,0,0,0,0,0
"Kraftfahrzeuge, Schiffe und Flugzeuge",TI,abt-total,172,0,172,171,0,171,1,0,1
"Kraftfahrzeuge, Schiffe und Flugzeuge",TI,EFZ,143,0,143,142,0,142,1,0,1
"Kraftfahrzeuge, Schiffe und Flugzeuge",TI,EBA,29,0,29,29,0,29,0,0,0
"Kraftfahrzeuge, Schiffe und Flugzeuge",TI,nReglementiert,0,0,0,0,0,0,0,0,0
"Kraftfahrzeuge, Schiffe und Flugzeuge",VD,abt-total,339,15,324,324,15,309,15,0,15
"Kraftfahrzeuge, Schiffe und Flugzeuge",VD,EFZ,302,15,287,287,15,272,15,0,15
"Kraftfahrzeuge, Schiffe und Flugzeuge",VD,EBA,37,0,37,37,0,37,0,0,0
"Kraftfahrzeuge, Schiffe und Flugzeuge",VD,nReglementiert,0,0,0,0,0,0,0,0,0
"Kraftfahrzeuge, Schiffe und Flugzeuge",VS,abt-total,217,0,217,205,0,205,12,0,12
"Kraftfahrzeuge, Schiffe und Flugzeuge",VS,EFZ,183,0,183,172,0,172,11,0,11
"Kraftfahrzeuge, Schiffe und Flugzeuge",VS,EBA,34,0,34,33,0,33,1,0,1
"Kraftfahrzeuge, Schiffe und Flugzeuge",VS,nReglementiert,0,0,0,0,0,0,0,0,0
"Kraftfahrzeuge, Schiffe und Flugzeuge",NE,abt-total,88,0,88,86,0,86,2,0,2
"Kraftfahrzeuge, Schiffe und Flugzeuge",NE,EFZ,79,0,79,77,0,77,2,0,2
"Kraftfahrzeuge, Schiffe und Flugzeuge",NE,EBA,9,0,9,9,0,9,0,0,0
"Kraftfahrzeuge, Schiffe und Flugzeuge",NE,nReglementiert,0,0,0,0,0,0,0,0,0
"Kraftfahrzeuge, Schiffe und Flugzeuge",GE,abt-total,181,16,165,181,16,165,0,0,0
"Kraftfahrzeuge, Schiffe und Flugzeuge",GE,EFZ,167,16,151,167,16,151,0,0,0
"Kraftfahrzeuge, Schiffe und Flugzeuge",GE,EBA,14,0,14,14,0,14,0,0,0
"Kraftfahrzeuge, Schiffe und Flugzeuge",GE,nReglementiert,0,0,0,0,0,0,0,0,0
"Kraftfahrzeuge, Schiffe und Flugzeuge",JU,abt-total,33,0,33,31,0,31,2,0,2
"Kraftfahrzeuge, Schiffe und Flugzeuge",JU,EFZ,30,0,30,28,0,28,2,0,2
"Kraftfahrzeuge, Schiffe und Flugzeuge",JU,EBA,3,0,3,3,0,3,0,0,0
"Kraftfahrzeuge, Schiffe und Flugzeuge",JU,nReglementiert,0,0,0,0,0,0,0,0,0
Ernährungsgewerbe,,abt-total,1448,0,1448,812,0,812,636,0,636
Ernährungsgewerbe,,EFZ,1248,0,1248,666,0,666,582,0,582
Ernährungsgewerbe,,EBA,200,0,200,146,0,146,54,0,54
Ernährungsgewerbe,,nReglementiert,0,0,0,0,0,0,0,0,0
Ernährungsgewerbe,ZH,abt-total,141,0,141,69,0,69,72,0,72
Ernährungsgewerbe,ZH,EFZ,114,0,114,51,0,51,63,0,63
Ernährungsgewerbe,ZH,EBA,27,0,27,18,0,18,9,0,9
Ernährungsgewerbe,ZH,nReglementiert,0,0,0,0,0,0,0,0,0
Ernährungsgewerbe,BE,abt-total,205,0,205,111,0,111,94,0,94
Ernährungsgewerbe,BE,EFZ,173,0,173,87,0,87,86,0,86
Ernährungsgewerbe,BE,EBA,32,0,32,24,0,24,8,0,8
Ernährungsgewerbe,BE,nReglementiert,0,0,0,0,0,0,0,0,0
Ernährungsgewerbe,LU,abt-total,107,0,107,47,0,47,60,0,60
Ernährungsgewerbe,LU,EFZ,87,0,87,34,0,34,53,0,53
Ernährungsgewerbe,LU,EBA,20,0,20,13,0,13,7,0,7
Ernährungsgewerbe,LU,nReglementiert,0,0,0,0,0,0,0,0,0
Ernährungsgewerbe,UR,abt-total,7,0,7,2,0,2,5,0,5
Ernährungsgewerbe,UR,EFZ,7,0,7,2,0,2,5,0,5
Ernährungsgewerbe,UR,EBA,0,0,0,0,0,0,0,0,0
Ernährungsgewerbe,UR,nReglementiert,0,0,0,0,0,0,0,0,0
Ernährungsgewerbe,SZ,abt-total,41,0,41,19,0,19,22,0,22
Ernährungsgewerbe,SZ,EFZ,37,0,37,15,0,15,22,0,22
Ernährungsgewerbe,SZ,EBA,4,0,4,4,0,4,0,0,0
Ernährungsgewerbe,SZ,nReglementiert,0,0,0,0,0,0,0,0,0
Ernährungsgewerbe,OW,abt-total,6,0,6,4,0,4,2,0,2
Ernährungsgewerbe,OW,EFZ,4,0,4,2,0,2,2,0,2
Ernährungsgewerbe,OW,EBA,2,0,2,2,0,2,0,0,0
Ernährungsgewerbe,OW,nReglementiert,0,0,0,0,0,0,0,0,0
Ernährungsgewerbe,NW,abt-total,10,0,10,5,0,5,5,0,5
Ernährungsgewerbe,NW,EFZ,9,0,9,4,0,4,5,0,5
Ernährungsgewerbe,NW,EBA,1,0,1,1,0,1,0,0,0
Ernährungsgewerbe,NW,nReglementiert,0,0,0,0,0,0,0,0,0
Ernährungsgewerbe,GL,abt-total,7,0,7,5,0,5,2,0,2
Ernährungsgewerbe,GL,EFZ,5,0,5,4,0,4,1,0,1
Ernährungsgewerbe,GL,EBA,2,0,2,1,0,1,1,0,1
Ernährungsgewerbe,GL,nReglementiert,0,0,0,0,0,0,0,0,0
Ernährungsgewerbe,ZG,abt-total,21,0,21,10,0,10,11,0,11
Ernährungsgewerbe,ZG,EFZ,17,0,17,7,0,7,10,0,10
Ernährungsgewerbe,ZG,EBA,4,0,4,3,0,3,1,0,1
Ernährungsgewerbe,ZG,nReglementiert,0,0,0,0,0,0,0,0,0
Ernährungsgewerbe,FR,abt-total,124,0,124,88,0,88,36,0,36
Ernährungsgewerbe,FR,EFZ,112,0,112,77,0,77,35,0,35
Ernährungsgewerbe,FR,EBA,12,0,12,11,0,11,1,0,1
Ernährungsgewerbe,FR,nReglementiert,0,0,0,0,0,0,0,0,0
Ernährungsgewerbe,SO,abt-total,39,0,39,19,0,19,20,0,20
Ernährungsgewerbe,SO,EFZ,30,0,30,14,0,14,16,0,16
Ernährungsgewerbe,SO,EBA,9,0,9,5,0,5,4,0,4
Ernährungsgewerbe,SO,nReglementiert,0,0,0,0,0,0,0,0,0
Ernährungsgewerbe,BS,abt-total,18,0,18,14,0,14,4,0,4
Ernährungsgewerbe,BS,EFZ,15,0,15,11,0,11,4,0,4
Ernährungsgewerbe,BS,EBA,3,0,3,3,0,3,0,0,0
Ernährungsgewerbe,BS,nReglementiert,0,0,0,0,0,0,0,0,0
Ernährungsgewerbe,BL,abt-total,44,0,44,20,0,20,24,0,24
Ernährungsgewerbe,BL,EFZ,37,0,37,16,0,16,21,0,21
Ernährungsgewerbe,BL,EBA,7,0,7,4,0,4,3,0,3
Ernährungsgewerbe,Bl,nReglementiert,0,0,0,0,0,0,0,0,0
Ernährungsgewerbe,SH,abt-total,17,0,17,6,0,6,11,0,11
Ernährungsgewerbe,SH,EFZ,17,0,17,6,0,6,11,0,11
Ernährungsgewerbe,SH,EBA,0,0,0,0,0,0,0,0,0
Ernährungsgewerbe,SH,nReglementiert,0,0,0,0,0,0,0,0,0
Ernährungsgewerbe,AR,abt-total,17,0,17,10,0,10,7,0,7
Ernährungsgewerbe,AR,EFZ,13,0,13,8,0,8,5,0,5
Ernährungsgewerbe,AR,EBA,4,0,4,2,0,2,2,0,2
Ernährungsgewerbe,AR,nReglementiert,0,0,0,0,0,0,0,0,0
Ernährungsgewerbe,AI,abt-total,8,0,8,3,0,3,5,0,5
Ernährungsgewerbe,AI,EFZ,8,0,8,3,0,3,5,0,5
Ernährungsgewerbe,AI,EBA,0,0,0,0,0,0,0,0,0
Ernährungsgewerbe,AI,nReglementiert,0,0,0,0,0,0,0,0,0
Ernährungsgewerbe,SG,abt-total,148,0,148,79,0,79,69,0,69
Ernährungsgewerbe,SG,EFZ,125,0,125,60,0,60,65,0,65
Ernährungsgewerbe,SG,EBA,23,0,23,19,0,19,4,0,4
Ernährungsgewerbe,SG,nReglementiert,0,0,0,0,0,0,0,0,0
Ernährungsgewerbe,GR,abt-total,35,0,35,17,0,17,18,0,18
Ernährungsgewerbe,GR,EFZ,29,0,29,12,0,12,17,0,17
Ernährungsgewerbe,GR,EBA,6,0,6,5,0,5,1,0,1
Ernährungsgewerbe,GR,nReglementiert,0,0,0,0,0,0,0,0,0
Ernährungsgewerbe,AG,abt-total,101,0,101,52,0,52,49,0,49
Ernährungsgewerbe,AG,EFZ,82,0,82,42,0,42,40,0,40
Ernährungsgewerbe,AG,EBA,19,0,19,10,0,10,9,0,9
Ernährungsgewerbe,AG,nReglementiert,0,0,0,0,0,0,0,0,0
Ernährungsgewerbe,TG,abt-total,52,0,52,31,0,31,21,0,21
Ernährungsgewerbe,TG,EFZ,49,0,49,29,0,29,20,0,20
Ernährungsgewerbe,TG,EBA,3,0,3,2,0,2,1,0,1
Ernährungsgewerbe,TG,nReglementiert,0,0,0,0,0,0,0,0,0
Ernährungsgewerbe,TI,abt-total,50,0,50,29,0,29,21,0,21
Ernährungsgewerbe,TI,EFZ,47,0,47,26,0,26,21,0,21
Ernährungsgewerbe,TI,EBA,3,0,3,3,0,3,0,0,0
Ernährungsgewerbe,TI,nReglementiert,0,0,0,0,0,0,0,0,0
Ernährungsgewerbe,VD,abt-total,120,0,120,81,0,81,39,0,39
Ernährungsgewerbe,VD,EFZ,109,0,109,71,0,71,38,0,38
Ernährungsgewerbe,VD,EBA,11,0,11,10,0,10,1,0,1
Ernährungsgewerbe,VD,nReglementiert,0,0,0,0,0,0,0,0,0
Ernährungsgewerbe,VS,abt-total,47,0,47,38,0,38,9,0,9
Ernährungsgewerbe,VS,EFZ,47,0,47,38,0,38,9,0,9
Ernährungsgewerbe,VS,EBA,0,0,0,0,0,0,0,0,0
Ernährungsgewerbe,VS,nReglementiert,0,0,0,0,0,0,0,0,0
Ernährungsgewerbe,NE,abt-total,31,0,31,21,0,21,10,0,10
Ernährungsgewerbe,NE,EFZ,28,0,28,19,0,19,9,0,9
Ernährungsgewerbe,NE,EBA,3,0,3,2,0,2,1,0,1
Ernährungsgewerbe,NE,nReglementiert,0,0,0,0,0,0,0,0,0
Ernährungsgewerbe,GE,abt-total,32,0,32,20,0,20,12,0,12
Ernährungsgewerbe,GE,EFZ,29,0,29,18,0,18,11,0,11
Ernährungsgewerbe,GE,EBA,3,0,3,2,0,2,1,0,1
Ernährungsgewerbe,GE,nReglementiert,0,0,0,0,0,0,0,0,0
Ernährungsgewerbe,JU,abt-total,20,0,20,12,0,12,8,0,8
Ernährungsgewerbe,JU,EFZ,18,0,18,10,0,10,8,0,8
Ernährungsgewerbe,JU,EBA,2,0,2,2,0,2,0,0,0
Ernährungsgewerbe,JU,nReglementiert,0,0,0,0,0,0,0,0,0
"Textil, Bekleidung, Schuhe, Leder",,abt-total,443,293,150,44,14,30,399,279,120
"Textil, Bekleidung, Schuhe, Leder",,EFZ,440,293,147,42,14,28,398,279,119
"Textil, Bekleidung, Schuhe, Leder",,EBA,3,0,3,2,0,2,1,0,1
"Textil, Bekleidung, Schuhe, Leder",,nReglementiert,0,0,0,0,0,0,0,0,0
"Textil, Bekleidung, Schuhe, Leder",ZH,abt-total,57,38,19,7,1,6,50,37,13
"Textil, Bekleidung, Schuhe, Leder",ZH,EFZ,56,38,18,6,1,5,50,37,13
"Textil, Bekleidung, Schuhe, Leder",ZH,EBA,1,0,1,1,0,1,0,0,0
"Textil, Bekleidung, Schuhe, Leder",ZH,nReglementiert,0,0,0,0,0,0,0,0,0
"Textil, Bekleidung, Schuhe, Leder",BE,abt-total,27,15,12,4,1,3,23,14,9
"Textil, Bekleidung, Schuhe, Leder",BE,EFZ,27,15,12,4,1,3,23,14,9
"Textil, Bekleidung, Schuhe, Leder",BE,EBA,0,0,0,0,0,0,0,0,0
"Textil, Bekleidung, Schuhe, Leder",BE,nReglementiert,0,0,0,0,0,0,0,0,0
"Textil, Bekleidung, Schuhe, Leder",LU,abt-total,12,0,12,2,0,2,10,0,10
"Textil, Bekleidung, Schuhe, Leder",LU,EFZ,12,0,12,2,0,2,10,0,10
"Textil, Bekleidung, Schuhe, Leder",LU,EBA,0,0,0,0,0,0,0,0,0
"Textil, Bekleidung, Schuhe, Leder",LU,nReglementiert,0,0,0,0,0,0,0,0,0
"Textil, Bekleidung, Schuhe, Leder",UR,abt-total,2,0,2,0,0,0,2,0,2
"Textil, Bekleidung, Schuhe, Leder",UR,EFZ,2,0,2,0,0,0,2,0,2
"Textil, Bekleidung, Schuhe, Leder",UR,EBA,0,0,0,0,0,0,0,0,0
"Textil, Bekleidung, Schuhe, Leder",UR,nReglementiert,0,0,0,0,0,0,0,0,0
"Textil, Bekleidung, Schuhe, Leder",SZ,abt-total,6,0,6,1,0,1,5,0,5
"Textil, Bekleidung, Schuhe, Leder",SZ,EFZ,5,0,5,1,0,1,4,0,4
"Textil, Bekleidung, Schuhe, Leder",SZ,EBA,1,0,1,0,0,0,1,0,1
"Textil, Bekleidung, Schuhe, Leder",SZ,nReglementiert,0,0,0,0,0,0,0,0,0
"Textil, Bekleidung, Schuhe, Leder",OW,abt-total,0,0,0,0,0,0,0,0,0
"Textil, Bekleidung, Schuhe, Leder",OW,EFZ,0,0,0,0,0,0,0,0,0
"Textil, Bekleidung, Schuhe, Leder",OW,EBA,0,0,0,0,0,0,0,0,0
"Textil, Bekleidung, Schuhe, Leder",OW,nReglementiert,0,0,0,0,0,0,0,0,0
"Textil, Bekleidung, Schuhe, Leder",NW,abt-total,5,0,5,1,0,1,4,0,4
"Textil, Bekleidung, Schuhe, Leder",NW,EFZ,5,0,5,1,0,1,4,0,4
"Textil, Bekleidung, Schuhe, Leder",NW,EBA,0,0,0,0,0,0,0,0,0
"Textil, Bekleidung, Schuhe, Leder",NW,nReglementiert,0,0,0,0,0,0,0,0,0
"Textil, Bekleidung, Schuhe, Leder",GL,abt-total,1,0,1,0,0,0,1,0,1
"Textil, Bekleidung, Schuhe, Leder",GL,EFZ,1,0,1,0,0,0,1,0,1
"Textil, Bekleidung, Schuhe, Leder",GL,EBA,0,0,0,0,0,0,0,0,0
"Textil, Bekleidung, Schuhe, Leder",GL,nReglementiert,0,0,0,0,0,0,0,0,0
"Textil, Bekleidung, Schuhe, Leder",ZG,abt-total,1,0,1,0,0,0,1,0,1
"Textil, Bekleidung, Schuhe, Leder",ZG,EFZ,1,0,1,0,0,0,1,0,1
"Textil, Bekleidung, Schuhe, Leder",ZG,EBA,0,0,0,0,0,0,0,0,0
"Textil, Bekleidung, Schuhe, Leder",ZG,nReglementiert,0,0,0,0,0,0,0,0,0
"Textil, Bekleidung, Schuhe, Leder",FR,abt-total,17,12,5,3,1,2,14,11,3
"Textil, Bekleidung, Schuhe, Leder",FR,EFZ,17,12,5,3,1,2,14,11,3
"Textil, Bekleidung, Schuhe, Leder",FR,EBA,0,0,0,0,0,0,0,0,0
"Textil, Bekleidung, Schuhe, Leder",FR,nReglementiert,0,0,0,0,0,0,0,0,0
"Textil, Bekleidung, Schuhe, Leder",SO,abt-total,16,14,2,2,1,1,14,13,1
"Textil, Bekleidung, Schuhe, Leder",SO,EFZ,16,14,2,2,1,1,14,13,1
"Textil, Bekleidung, Schuhe, Leder",SO,EBA,0,0,0,0,0,0,0,0,0
"Textil, Bekleidung, Schuhe, Leder",SO,nReglementiert,0,0,0,0,0,0,0,0,0
"Textil, Bekleidung, Schuhe, Leder",BS,abt-total,14,10,4,1,1,0,13,9,4
"Textil, Bekleidung, Schuhe, Leder",BS,EFZ,14,10,4,1,1,0,13,9,4
"Textil, Bekleidung, Schuhe, Leder",BS,EBA,0,0,0,0,0,0,0,0,0
"Textil, Bekleidung, Schuhe, Leder",BS,nReglementiert,0,0,0,0,0,0,0,0,0
"Textil, Bekleidung, Schuhe, Leder",BL,abt-total,2,0,2,0,0,0,2,0,2
"Textil, Bekleidung, Schuhe, Leder",BL,EFZ,2,0,2,0,0,0,2,0,2
"Textil, Bekleidung, Schuhe, Leder",BL,EBA,0,0,0,0,0,0,0,0,0
"Textil, Bekleidung, Schuhe, Leder",Bl,nReglementiert,0,0,0,0,0,0,0,0,0
"Textil, Bekleidung, Schuhe, Leder",SH,abt-total,1,0,1,1,0,1,0,0,0
"Textil, Bekleidung, Schuhe, Leder",SH,EFZ,1,0,1,1,0,1,0,0,0
"Textil, Bekleidung, Schuhe, Leder",SH,EBA,0,0,0,0,0,0,0,0,0
"Textil, Bekleidung, Schuhe, Leder",SH,nReglementiert,0,0,0,0,0,0,0,0,0
"Textil, Bekleidung, Schuhe, Leder",AR,abt-total,6,0,6,3,0,3,3,0,3
"Textil, Bekleidung, Schuhe, Leder",AR,EFZ,6,0,6,3,0,3,3,0,3
"Textil, Bekleidung, Schuhe, Leder",AR,EBA,0,0,0,0,0,0,0,0,0
"Textil, Bekleidung, Schuhe, Leder",AR,nReglementiert,0,0,0,0,0,0,0,0,0
"Textil, Bekleidung, Schuhe, Leder",AI,abt-total,0,0,0,0,0,0,0,0,0
"Textil, Bekleidung, Schuhe, Leder",AI,EFZ,0,0,0,0,0,0,0,0,0
"Textil, Bekleidung, Schuhe, Leder",AI,EBA,0,0,0,0,0,0,0,0,0
"Textil, Bekleidung, Schuhe, Leder",AI,nReglementiert,0,0,0,0,0,0,0,0,0
"Textil, Bekleidung, Schuhe, Leder",SG,abt-total,15,5,10,3,0,3,12,5,7
"Textil, Bekleidung, Schuhe, Leder",SG,EFZ,15,5,10,3,0,3,12,5,7
"Textil, Bekleidung, Schuhe, Leder",SG,EBA,0,0,0,0,0,0,0,0,0
"Textil, Bekleidung, Schuhe, Leder",SG,nReglementiert,0,0,0,0,0,0,0,0,0
"Textil, Bekleidung, Schuhe, Leder",GR,abt-total,4,3,1,0,0,0,4,3,1
"Textil, Bekleidung, Schuhe, Leder",GR,EFZ,4,3,1,0,0,0,4,3,1
"Textil, Bekleidung, Schuhe, Leder",GR,EBA,0,0,0,0,0,0,0,0,0
"Textil, Bekleidung, Schuhe, Leder",GR,nReglementiert,0,0,0,0,0,0,0,0,0
"Textil, Bekleidung, Schuhe, Leder",AG,abt-total,29,0,29,3,0,3,26,0,26
"Textil, Bekleidung, Schuhe, Leder",AG,EFZ,29,0,29,3,0,3,26,0,26
"Textil, Bekleidung, Schuhe, Leder",AG,EBA,0,0,0,0,0,0,0,0,0
"Textil, Bekleidung, Schuhe, Leder",AG,nReglementiert,0,0,0,0,0,0,0,0,0
"Textil, Bekleidung, Schuhe, Leder",TG,abt-total,12,8,4,1,0,1,11,8,3
"Textil, Bekleidung, Schuhe, Leder",TG,EFZ,12,8,4,1,0,1,11,8,3
"Textil, Bekleidung, Schuhe, Leder",TG,EBA,0,0,0,0,0,0,0,0,0
"Textil, Bekleidung, Schuhe, Leder",TG,nReglementiert,0,0,0,0,0,0,0,0,0
"Textil, Bekleidung, Schuhe, Leder",TI,abt-total,103,95,8,6,5,1,97,90,7
"Textil, Bekleidung, Schuhe, Leder",TI,EFZ,103,95,8,6,5,1,97,90,7
"Textil, Bekleidung, Schuhe, Leder",TI,EBA,0,0,0,0,0,0,0,0,0
"Textil, Bekleidung, Schuhe, Leder",TI,nReglementiert,0,0,0,0,0,0,0,0,0
"Textil, Bekleidung, Schuhe, Leder",VD,abt-total,51,41,10,2,2,0,49,39,10
"Textil, Bekleidung, Schuhe, Leder",VD,EFZ,51,41,10,2,2,0,49,39,10
"Textil, Bekleidung, Schuhe, Leder",VD,EBA,0,0,0,0,0,0,0,0,0
"Textil, Bekleidung, Schuhe, Leder",VD,nReglementiert,0,0,0,0,0,0,0,0,0
"Textil, Bekleidung, Schuhe, Leder",VS,abt-total,24,18,6,1,0,1,23,18,5
"Textil, Bekleidung, Schuhe, Leder",VS,EFZ,23,18,5,0,0,0,23,18,5
"Textil, Bekleidung, Schuhe, Leder",VS,EBA,1,0,1,1,0,1,0,0,0
"Textil, Bekleidung, Schuhe, Leder",VS,nReglementiert,0,0,0,0,0,0,0,0,0
"Textil, Bekleidung, Schuhe, Leder",NE,abt-total,22,21,1,1,0,1,21,21,0
"Textil, Bekleidung, Schuhe, Leder",NE,EFZ,22,21,1,1,0,1,21,21,0
"Textil, Bekleidung, Schuhe, Leder",NE,EBA,0,0,0,0,0,0,0,0,0
"Textil, Bekleidung, Schuhe, Leder",NE,nReglementiert,0,0,0,0,0,0,0,0,0
"Textil, Bekleidung, Schuhe, Leder",GE,abt-total,15,13,2,2,2,0,13,11,2
"Textil, Bekleidung, Schuhe, Leder",GE,EFZ,15,13,2,2,2,0,13,11,2
"Textil, Bekleidung, Schuhe, Leder",GE,EBA,0,0,0,0,0,0,0,0,0
"Textil, Bekleidung, Schuhe, Leder",GE,nReglementiert,0,0,0,0,0,0,0,0,0
"Textil, Bekleidung, Schuhe, Leder",JU,abt-total,1,0,1,0,0,0,1,0,1
"Textil, Bekleidung, Schuhe, Leder",JU,EFZ,1,0,1,0,0,0,1,0,1
"Textil, Bekleidung, Schuhe, Leder",JU,EBA,0,0,0,0,0,0,0,0,0
"Textil, Bekleidung, Schuhe, Leder",JU,nReglementiert,0,0,0,0,0,0,0,0,0
"Werkstoffe (Holz, Papier, Kunststoff, Glas)",,abt-total,1971,133,1838,1765,114,1651,206,19,187
"Werkstoffe (Holz, Papier, Kunststoff, Glas)",,EFZ,1560,101,1459,1378,87,1291,182,14,168
"Werkstoffe (Holz, Papier, Kunststoff, Glas)",,EBA,411,32,379,387,27,360,24,5,19
"Werkstoffe (Holz, Papier, Kunststoff, Glas)",,nReglementiert,0,0,0,0,0,0,0,0,0
"Werkstoffe (Holz, Papier, Kunststoff, Glas)",ZH,abt-total,208,16,192,191,14,177,17,2,15
"Werkstoffe (Holz, Papier, Kunststoff, Glas)",ZH,EFZ,162,13,149,146,11,135,16,2,14
"Werkstoffe (Holz, Papier, Kunststoff, Glas)",ZH,EBA,46,3,43,45,3,42,1,0,1
"Werkstoffe (Holz, Papier, Kunststoff, Glas)",ZH,nReglementiert,0,0,0,0,0,0,0,0,0
"Werkstoffe (Holz, Papier, Kunststoff, Glas)",BE,abt-total,290,41,249,247,31,216,43,10,33
"Werkstoffe (Holz, Papier, Kunststoff, Glas)",BE,EFZ,226,24,202,191,19,172,35,5,30
"Werkstoffe (Holz, Papier, Kunststoff, Glas)",BE,EBA,64,17,47,56,12,44,8,5,3
"Werkstoffe (Holz, Papier, Kunststoff, Glas)",BE,nReglementiert,0,0,0,0,0,0,0,0,0
"Werkstoffe (Holz, Papier, Kunststoff, Glas)",LU,abt-total,135,0,135,124,0,124,11,0,11
"Werkstoffe (Holz, Papier, Kunststoff, Glas)",LU,EFZ,95,0,95,88,0,88,7,0,7
"Werkstoffe (Holz, Papier, Kunststoff, Glas)",LU,EBA,40,0,40,36,0,36,4,0,4
"Werkstoffe (Holz, Papier, Kunststoff, Glas)",LU,nReglementiert,0,0,0,0,0,0,0,0,0
"Werkstoffe (Holz, Papier, Kunststoff, Glas)",UR,abt-total,12,0,12,8,0,8,4,0,4
"Werkstoffe (Holz, Papier, Kunststoff, Glas)",UR,EFZ,10,0,10,6,0,6,4,0,4
"Werkstoffe (Holz, Papier, Kunststoff, Glas)",UR,EBA,2,0,2,2,0,2,0,0,0
"Werkstoffe (Holz, Papier, Kunststoff, Glas)",UR,nReglementiert,0,0,0,0,0,0,0,0,0
"Werkstoffe (Holz, Papier, Kunststoff, Glas)",SZ,abt-total,61,0,61,58,0,58,3,0,3
"Werkstoffe (Holz, Papier, Kunststoff, Glas)",SZ,EFZ,44,0,44,42,0,42,2,0,2
"Werkstoffe (Holz, Papier, Kunststoff, Glas)",SZ,EBA,17,0,17,16,0,16,1,0,1
"Werkstoffe (Holz, Papier, Kunststoff, Glas)",SZ,nReglementiert,0,0,0,0,0,0,0,0,0
"Werkstoffe (Holz, Papier, Kunststoff, Glas)",OW,abt-total,22,0,22,17,0,17,5,0,5
"Werkstoffe (Holz, Papier, Kunststoff, Glas)",OW,EFZ,19,0,19,14,0,14,5,0,5
"Werkstoffe (Holz, Papier, Kunststoff, Glas)",OW,EBA,3,0,3,3,0,3,0,0,0
"Werkstoffe (Holz, Papier, Kunststoff, Glas)",OW,nReglementiert,0,0,0,0,0,0,0,0,0
"Werkstoffe (Holz, Papier, Kunststoff, Glas)",NW,abt-total,15,0,15,13,0,13,2,0,2
"Werkstoffe (Holz, Papier, Kunststoff, Glas)",NW,EFZ,14,0,14,12,0,12,2,0,2
"Werkstoffe (Holz, Papier, Kunststoff, Glas)",NW,EBA,1,0,1,1,0,1,0,0,0
"Werkstoffe (Holz, Papier, Kunststoff, Glas)",NW,nReglementiert,0,0,0,0,0,0,0,0,0
"Werkstoffe (Holz, Papier, Kunststoff, Glas)",GL,abt-total,14,0,14,11,0,11,3,0,3
"Werkstoffe (Holz, Papier, Kunststoff, Glas)",GL,EFZ,11,0,11,8,0,8,3,0,3
"Werkstoffe (Holz, Papier, Kunststoff, Glas)",GL,EBA,3,0,3,3,0,3,0,0,0
"Werkstoffe (Holz, Papier, Kunststoff, Glas)",GL,nReglementiert,0,0,0,0,0,0,0,0,0
"Werkstoffe (Holz, Papier, Kunststoff, Glas)",ZG,abt-total,23,0,23,19,0,19,4,0,4
"Werkstoffe (Holz, Papier, Kunststoff, Glas)",ZG,EFZ,18,0,18,14,0,14,4,0,4
"Werkstoffe (Holz, Papier, Kunststoff, Glas)",ZG,EBA,5,0,5,5,0,5,0,0,0
"Werkstoffe (Holz, Papier, Kunststoff, Glas)",ZG,nReglementiert,0,0,0,0,0,0,0,0,0
"Werkstoffe (Holz, Papier, Kunststoff, Glas)",FR,abt-total,88,0,88,80,0,80,8,0,8
"Werkstoffe (Holz, Papier, Kunststoff, Glas)",FR,EFZ,71,0,71,63,0,63,8,0,8
"Werkstoffe (Holz, Papier, Kunststoff, Glas)",FR,EBA,17,0,17,17,0,17,0,0,0
"Werkstoffe (Holz, Papier, Kunststoff, Glas)",FR,nReglementiert,0,0,0,0,0,0,0,0,0
"Werkstoffe (Holz, Papier, Kunststoff, Glas)",SO,abt-total,65,0,65,56,0,56,9,0,9
"Werkstoffe (Holz, Papier, Kunststoff, Glas)",SO,EFZ,55,0,55,46,0,46,9,0,9
"Werkstoffe (Holz, Papier, Kunststoff, Glas)",SO,EBA,10,0,10,10,0,10,0,0,0
"Werkstoffe (Holz, Papier, Kunststoff, Glas)",SO,nReglementiert,0,0,0,0,0,0,0,0,0
"Werkstoffe (Holz, Papier, Kunststoff, Glas)",BS,abt-total,21,5,16,20,5,15,1,0,1
"Werkstoffe (Holz, Papier, Kunststoff, Glas)",BS,EFZ,16,3,13,15,3,12,1,0,1
"Werkstoffe (Holz, Papier, Kunststoff, Glas)",BS,EBA,5,2,3,5,2,3,0,0,0
"Werkstoffe (Holz, Papier, Kunststoff, Glas)",BS,nReglementiert,0,0,0,0,0,0,0,0,0
"Werkstoffe (Holz, Papier, Kunststoff, Glas)",BL,abt-total,49,0,49,44,0,44,5,0,5
"Werkstoffe (Holz, Papier, Kunststoff, Glas)",BL,EFZ,41,0,41,36,0,36,5,0,5
"Werkstoffe (Holz, Papier, Kunststoff, Glas)",BL,EBA,8,0,8,8,0,8,0,0,0
"Werkstoffe (Holz, Papier, Kunststoff, Glas)",Bl,nReglementiert,0,0,0,0,0,0,0,0,0
"Werkstoffe (Holz, Papier, Kunststoff, Glas)",SH,abt-total,22,0,22,20,0,20,2,0,2
"Werkstoffe (Holz, Papier, Kunststoff, Glas)",SH,EFZ,18,0,18,16,0,16,2,0,2
"Werkstoffe (Holz, Papier, Kunststoff, Glas)",SH,EBA,4,0,4,4,0,4,0,0,0
"Werkstoffe (Holz, Papier, Kunststoff, Glas)",SH,nReglementiert,0,0,0,0,0,0,0,0,0
"Werkstoffe (Holz, Papier, Kunststoff, Glas)",AR,abt-total,31,0,31,27,0,27,4,0,4
"Werkstoffe (Holz, Papier, Kunststoff, Glas)",AR,EFZ,19,0,19,16,0,16,3,0,3
"Werkstoffe (Holz, Papier, Kunststoff, Glas)",AR,EBA,12,0,12,11,0,11,1,0,1
"Werkstoffe (Holz, Papier, Kunststoff, Glas)",AR,nReglementiert,0,0,0,0,0,0,0,0,0
"Werkstoffe (Holz, Papier, Kunststoff, Glas)",AI,abt-total,14,0,14,12,0,12,2,0,2
"Werkstoffe (Holz, Papier, Kunststoff, Glas)",AI,EFZ,13,0,13,11,0,11,2,0,2
"Werkstoffe (Holz, Papier, Kunststoff, Glas)",AI,EBA,1,0,1,1,0,1,0,0,0
"Werkstoffe (Holz, Papier, Kunststoff, Glas)",AI,nReglementiert,0,0,0,0,0,0,0,0,0
"Werkstoffe (Holz, Papier, Kunststoff, Glas)",SG,abt-total,192,0,192,163,0,163,29,0,29
"Werkstoffe (Holz, Papier, Kunststoff, Glas)",SG,EFZ,141,0,141,116,0,116,25,0,25
"Werkstoffe (Holz, Papier, Kunststoff, Glas)",SG,EBA,51,0,51,47,0,47,4,0,4
"Werkstoffe (Holz, Papier, Kunststoff, Glas)",SG,nReglementiert,0,0,0,0,0,0,0,0,0
"Werkstoffe (Holz, Papier, Kunststoff, Glas)",GR,abt-total,74,5,69,62,4,58,12,1,11
"Werkstoffe (Holz, Papier, Kunststoff, Glas)",GR,EFZ,56,4,52,44,3,41,12,1,11
"Werkstoffe (Holz, Papier, Kunststoff, Glas)",GR,EBA,18,1,17,18,1,17,0,0,0
"Werkstoffe (Holz, Papier, Kunststoff, Glas)",GR,nReglementiert,0,0,0,0,0,0,0,0,0
"Werkstoffe (Holz, Papier, Kunststoff, Glas)",AG,abt-total,148,0,148,142,0,142,6,0,6
"Werkstoffe (Holz, Papier, Kunststoff, Glas)",AG,EFZ,114,0,114,108,0,108,6,0,6
"Werkstoffe (Holz, Papier, Kunststoff, Glas)",AG,EBA,34,0,34,34,0,34,0,0,0
"Werkstoffe (Holz, Papier, Kunststoff, Glas)",AG,nReglementiert,0,0,0,0,0,0,0,0,0
"Werkstoffe (Holz, Papier, Kunststoff, Glas)",TG,abt-total,96,0,96,92,0,92,4,0,4
"Werkstoffe (Holz, Papier, Kunststoff, Glas)",TG,EFZ,72,0,72,69,0,69,3,0,3
"Werkstoffe (Holz, Papier, Kunststoff, Glas)",TG,EBA,24,0,24,23,0,23,1,0,1
"Werkstoffe (Holz, Papier, Kunststoff, Glas)",TG,nReglementiert,0,0,0,0,0,0,0,0,0
"Werkstoffe (Holz, Papier, Kunststoff, Glas)",TI,abt-total,35,0,35,32,0,32,3,0,3
"Werkstoffe (Holz, Papier, Kunststoff, Glas)",TI,EFZ,35,0,35,32,0,32,3,0,3
"Werkstoffe (Holz, Papier, Kunststoff, Glas)",TI,EBA,0,0,0,0,0,0,0,0,0
"Werkstoffe (Holz, Papier, Kunststoff, Glas)",TI,nReglementiert,0,0,0,0,0,0,0,0,0
"Werkstoffe (Holz, Papier, Kunststoff, Glas)",VD,abt-total,112,23,89,100,21,79,12,2,10
"Werkstoffe (Holz, Papier, Kunststoff, Glas)",VD,EFZ,95,23,72,86,21,65,9,2,7
"Werkstoffe (Holz, Papier, Kunststoff, Glas)",VD,EBA,17,0,17,14,0,14,3,0,3
"Werkstoffe (Holz, Papier, Kunststoff, Glas)",VD,nReglementiert,0,0,0,0,0,0,0,0,0
"Werkstoffe (Holz, Papier, Kunststoff, Glas)",VS,abt-total,114,0,114,107,0,107,7,0,7
"Werkstoffe (Holz, Papier, Kunststoff, Glas)",VS,EFZ,103,0,103,97,0,97,6,0,6
"Werkstoffe (Holz, Papier, Kunststoff, Glas)",VS,EBA,11,0,11,10,0,10,1,0,1
"Werkstoffe (Holz, Papier, Kunststoff, Glas)",VS,nReglementiert,0,0,0,0,0,0,0,0,0
"Werkstoffe (Holz, Papier, Kunststoff, Glas)",NE,abt-total,36,0,36,34,0,34,2,0,2
"Werkstoffe (Holz, Papier, Kunststoff, Glas)",NE,EFZ,34,0,34,32,0,32,2,0,2
"Werkstoffe (Holz, Papier, Kunststoff, Glas)",NE,EBA,2,0,2,2,0,2,0,0,0
"Werkstoffe (Holz, Papier, Kunststoff, Glas)",NE,nReglementiert,0,0,0,0,0,0,0,0,0
"Werkstoffe (Holz, Papier, Kunststoff, Glas)",GE,abt-total,73,43,30,66,39,27,7,4,3
"Werkstoffe (Holz, Papier, Kunststoff, Glas)",GE,EFZ,57,34,23,50,30,20,7,4,3
"Werkstoffe (Holz, Papier, Kunststoff, Glas)",GE,EBA,16,9,7,16,9,7,0,0,0
"Werkstoffe (Holz, Papier, Kunststoff, Glas)",GE,nReglementiert,0,0,0,0,0,0,0,0,0
"Werkstoffe (Holz, Papier, Kunststoff, Glas)",JU,abt-total,21,0,21,20,0,20,1,0,1
"Werkstoffe (Holz, Papier, Kunststoff, Glas)",JU,EFZ,21,0,21,20,0,20,1,0,1
"Werkstoffe (Holz, Papier, Kunststoff, Glas)",JU,EBA,0,0,0,0,0,0,0,0,0
"Werkstoffe (Holz, Papier, Kunststoff, Glas)",JU,nReglementiert,0,0,0,0,0,0,0,0,0
Architektur und Städteplanung,,abt-total,1824,132,1692,1239,83,1156,585,49,536
Architektur und Städteplanung,,EFZ,1824,132,1692,1239,83,1156,585,49,536
Architektur und Städteplanung,,EBA,0,0,0,0,0,0,0,0,0
Architektur und Städteplanung,,nReglementiert,0,0,0,0,0,0,0,0,0
Architektur und Städteplanung,ZH,abt-total,285,0,285,194,0,194,91,0,91
Architektur und Städteplanung,ZH,EFZ,285,0,285,194,0,194,91,0,91
Architektur und Städteplanung,ZH,EBA,0,0,0,0,0,0,0,0,0
Architektur und Städteplanung,ZH,nReglementiert,0,0,0,0,0,0,0,0,0
Architektur und Städteplanung,BE,abt-total,222,0,222,143,0,143,79,0,79
Architektur und Städteplanung,BE,EFZ,222,0,222,143,0,143,79,0,79
Architektur und Städteplanung,BE,EBA,0,0,0,0,0,0,0,0,0
Architektur und Städteplanung,BE,nReglementiert,0,0,0,0,0,0,0,0,0
Architektur und Städteplanung,LU,abt-total,108,0,108,66,0,66,42,0,42
Architektur und Städteplanung,LU,EFZ,108,0,108,66,0,66,42,0,42
Architektur und Städteplanung,LU,EBA,0,0,0,0,0,0,0,0,0
Architektur und Städteplanung,LU,nReglementiert,0,0,0,0,0,0,0,0,0
Architektur und Städteplanung,UR,abt-total,10,0,10,7,0,7,3,0,3
Architektur und Städteplanung,UR,EFZ,10,0,10,7,0,7,3,0,3
Architektur und Städteplanung,UR,EBA,0,0,0,0,0,0,0,0,0
Architektur und Städteplanung,UR,nReglementiert,0,0,0,0,0,0,0,0,0
Architektur und Städteplanung,SZ,abt-total,32,0,32,25,0,25,7,0,7
Architektur und Städteplanung,SZ,EFZ,32,0,32,25,0,25,7,0,7
Architektur und Städteplanung,SZ,EBA,0,0,0,0,0,0,0,0,0
Architektur und Städteplanung,SZ,nReglementiert,0,0,0,0,0,0,0,0,0
Architektur und Städteplanung,OW,abt-total,10,0,10,3,0,3,7,0,7
Architektur und Städteplanung,OW,EFZ,10,0,10,3,0,3,7,0,7
Architektur und Städteplanung,OW,EBA,0,0,0,0,0,0,0,0,0
Architektur und Städteplanung,OW,nReglementiert,0,0,0,0,0,0,0,0,0
Architektur und Städteplanung,NW,abt-total,7,0,7,6,0,6,1,0,1
Architektur und Städteplanung,NW,EFZ,7,0,7,6,0,6,1,0,1
Architektur und Städteplanung,NW,EBA,0,0,0,0,0,0,0,0,0
Architektur und Städteplanung,NW,nReglementiert,0,0,0,0,0,0,0,0,0
Architektur und Städteplanung,GL,abt-total,6,0,6,3,0,3,3,0,3
Architektur und Städteplanung,GL,EFZ,6,0,6,3,0,3,3,0,3
Architektur und Städteplanung,GL,EBA,0,0,0,0,0,0,0,0,0
Architektur und Städteplanung,GL,nReglementiert,0,0,0,0,0,0,0,0,0
Architektur und Städteplanung,ZG,abt-total,35,0,35,20,0,20,15,0,15
Architektur und Städteplanung,ZG,EFZ,35,0,35,20,0,20,15,0,15
Architektur und Städteplanung,ZG,EBA,0,0,0,0,0,0,0,0,0
Architektur und Städteplanung,ZG,nReglementiert,0,0,0,0,0,0,0,0,0
Architektur und Städteplanung,FR,abt-total,70,0,70,46,0,46,24,0,24
Architektur und Städteplanung,FR,EFZ,70,0,70,46,0,46,24,0,24
Architektur und Städteplanung,FR,EBA,0,0,0,0,0,0,0,0,0
Architektur und Städteplanung,FR,nReglementiert,0,0,0,0,0,0,0,0,0
Architektur und Städteplanung,SO,abt-total,42,0,42,30,0,30,12,0,12
Architektur und Städteplanung,SO,EFZ,42,0,42,30,0,30,12,0,12
Architektur und Städteplanung,SO,EBA,0,0,0,0,0,0,0,0,0
Architektur und Städteplanung,SO,nReglementiert,0,0,0,0,0,0,0,0,0
Architektur und Städteplanung,BS,abt-total,42,0,42,25,0,25,17,0,17
Architektur und Städteplanung,BS,EFZ,42,0,42,25,0,25,17,0,17
Architektur und Städteplanung,BS,EBA,0,0,0,0,0,0,0,0,0
Architektur und Städteplanung,BS,nReglementiert,0,0,0,0,0,0,0,0,0
Architektur und Städteplanung,BL,abt-total,27,0,27,17,0,17,10,0,10
Architektur und Städteplanung,BL,EFZ,27,0,27,17,0,17,10,0,10
Architektur und Städteplanung,BL,EBA,0,0,0,0,0,0,0,0,0
Architektur und Städteplanung,Bl,nReglementiert,0,0,0,0,0,0,0,0,0
Architektur und Städteplanung,SH,abt-total,12,0,12,9,0,9,3,0,3
Architektur und Städteplanung,SH,EFZ,12,0,12,9,0,9,3,0,3
Architektur und Städteplanung,SH,EBA,0,0,0,0,0,0,0,0,0
Architektur und Städteplanung,SH,nReglementiert,0,0,0,0,0,0,0,0,0
Architektur und Städteplanung,AR,abt-total,16,0,16,12,0,12,4,0,4
Architektur und Städteplanung,AR,EFZ,16,0,16,12,0,12,4,0,4
Architektur und Städteplanung,AR,EBA,0,0,0,0,0,0,0,0,0
Architektur und Städteplanung,AR,nReglementiert,0,0,0,0,0,0,0,0,0
Architektur und Städteplanung,AI,abt-total,3,0,3,2,0,2,1,0,1
Architektur und Städteplanung,AI,EFZ,3,0,3,2,0,2,1,0,1
Architektur und Städteplanung,AI,EBA,0,0,0,0,0,0,0,0,0
Architektur und Städteplanung,AI,nReglementiert,0,0,0,0,0,0,0,0,0
Architektur und Städteplanung,SG,abt-total,105,0,105,64,0,64,41,0,41
Architektur und Städteplanung,SG,EFZ,105,0,105,64,0,64,41,0,41
Architektur und Städteplanung,SG,EBA,0,0,0,0,0,0,0,0,0
Architektur und Städteplanung,SG,nReglementiert,0,0,0,0,0,0,0,0,0
Architektur und Städteplanung,GR,abt-total,69,0,69,49,0,49,20,0,20
Architektur und Städteplanung,GR,EFZ,69,0,69,49,0,49,20,0,20
Architektur und Städteplanung,GR,EBA,0,0,0,0,0,0,0,0,0
Architektur und Städteplanung,GR,nReglementiert,0,0,0,0,0,0,0,0,0
Architektur und Städteplanung,AG,abt-total,144,0,144,100,0,100,44,0,44
Architektur und Städteplanung,AG,EFZ,144,0,144,100,0,100,44,0,44
Architektur und Städteplanung,AG,EBA,0,0,0,0,0,0,0,0,0
Architektur und Städteplanung,AG,nReglementiert,0,0,0,0,0,0,0,0,0
Architektur und Städteplanung,TG,abt-total,60,0,60,43,0,43,17,0,17
Architektur und Städteplanung,TG,EFZ,60,0,60,43,0,43,17,0,17
Architektur und Städteplanung,TG,EBA,0,0,0,0,0,0,0,0,0
Architektur und Städteplanung,TG,nReglementiert,0,0,0,0,0,0,0,0,0
Architektur und Städteplanung,TI,abt-total,108,39,69,81,23,58,27,16,11
Architektur und Städteplanung,TI,EFZ,108,39,69,81,23,58,27,16,11
Architektur und Städteplanung,TI,EBA,0,0,0,0,0,0,0,0,0
Architektur und Städteplanung,TI,nReglementiert,0,0,0,0,0,0,0,0,0
Architektur und Städteplanung,VD,abt-total,138,0,138,100,0,100,38,0,38
Architektur und Städteplanung,VD,EFZ,138,0,138,100,0,100,38,0,38
Architektur und Städteplanung,VD,EBA,0,0,0,0,0,0,0,0,0
Architektur und Städteplanung,VD,nReglementiert,0,0,0,0,0,0,0,0,0
Architektur und Städteplanung,VS,abt-total,90,0,90,65,0,65,25,0,25
Architektur und Städteplanung,VS,EFZ,90,0,90,65,0,65,25,0,25
Architektur und Städteplanung,VS,EBA,0,0,0,0,0,0,0,0,0
Architektur und Städteplanung,VS,nReglementiert,0,0,0,0,0,0,0,0,0
Architektur und Städteplanung,NE,abt-total,33,0,33,25,0,25,8,0,8
Architektur und Städteplanung,NE,EFZ,33,0,33,25,0,25,8,0,8
Architektur und Städteplanung,NE,EBA,0,0,0,0,0,0,0,0,0
Architektur und Städteplanung,NE,nReglementiert,0,0,0,0,0,0,0,0,0
Architektur und Städteplanung,GE,abt-total,135,93,42,91,60,31,44,33,11
Architektur und Städteplanung,GE,EFZ,135,93,42,91,60,31,44,33,11
Architektur und Städteplanung,GE,EBA,0,0,0,0,0,0,0,0,0
Architektur und Städteplanung,GE,nReglementiert,0,0,0,0,0,0,0,0,0
Architektur und Städteplanung,JU,abt-total,15,0,15,13,0,13,2,0,2
Architektur und Städteplanung,JU,EFZ,15,0,15,13,0,13,2,0,2
Architektur und Städteplanung,JU,EBA,0,0,0,0,0,0,0,0,0
Architektur und Städteplanung,JU,nReglementiert,0,0,0,0,0,0,0,0,0
"Baugewerbe, Hoch- und Tiefbau",,abt-total,6534,28,6506,6080,28,6052,454,0,454
"Baugewerbe, Hoch- und Tiefbau",,EFZ,6291,28,6263,5840,28,5812,451,0,451
"Baugewerbe, Hoch- und Tiefbau",,EBA,243,0,243,240,0,240,3,0,3
"Baugewerbe, Hoch- und Tiefbau",,nReglementiert,0,0,0,0,0,0,0,0,0
"Baugewerbe, Hoch- und Tiefbau",ZH,abt-total,853,2,851,777,2,775,76,0,76
"Baugewerbe, Hoch- und Tiefbau",ZH,EFZ,838,2,836,762,2,760,76,0,76
"Baugewerbe, Hoch- und Tiefbau",ZH,EBA,15,0,15,15,0,15,0,0,0
"Baugewerbe, Hoch- und Tiefbau",ZH,nReglementiert,0,0,0,0,0,0,0,0,0
"Baugewerbe, Hoch- und Tiefbau",BE,abt-total,981,11,970,901,11,890,80,0,80
"Baugewerbe, Hoch- und Tiefbau",BE,EFZ,945,11,934,865,11,854,80,0,80
"Baugewerbe, Hoch- und Tiefbau",BE,EBA,36,0,36,36,0,36,0,0,0
"Baugewerbe, Hoch- und Tiefbau",BE,nReglementiert,0,0,0,0,0,0,0,0,0
"Baugewerbe, Hoch- und Tiefbau",LU,abt-total,421,0,421,385,0,385,36,0,36
"Baugewerbe, Hoch- und Tiefbau",LU,EFZ,401,0,401,365,0,365,36,0,36
"Baugewerbe, Hoch- und Tiefbau",LU,EBA,20,0,20,20,0,20,0,0,0
"Baugewerbe, Hoch- und Tiefbau",LU,nReglementiert,0,0,0,0,0,0,0,0,0
"Baugewerbe, Hoch- und Tiefbau",UR,abt-total,63,0,63,60,0,60,3,0,3
"Baugewerbe, Hoch- und Tiefbau",UR,EFZ,60,0,60,58,0,58,2,0,2
"Baugewerbe, Hoch- und Tiefbau",UR,EBA,3,0,3,2,0,2,1,0,1
"Baugewerbe, Hoch- und Tiefbau",UR,nReglementiert,0,0,0,0,0,0,0,0,0
"Baugewerbe, Hoch- und Tiefbau",SZ,abt-total,150,0,150,146,0,146,4,0,4
"Baugewerbe, Hoch- und Tiefbau",SZ,EFZ,145,0,145,141,0,141,4,0,4
"Baugewerbe, Hoch- und Tiefbau",SZ,EBA,5,0,5,5,0,5,0,0,0
"Baugewerbe, Hoch- und Tiefbau",SZ,nReglementiert,0,0,0,0,0,0,0,0,0
"Baugewerbe, Hoch- und Tiefbau",OW,abt-total,50,0,50,45,0,45,5,0,5
"Baugewerbe, Hoch- und Tiefbau",OW,EFZ,48,0,48,43,0,43,5,0,5
"Baugewerbe, Hoch- und Tiefbau",OW,EBA,2,0,2,2,0,2,0,0,0
"Baugewerbe, Hoch- und Tiefbau",OW,nReglementiert,0,0,0,0,0,0,0,0,0
"Baugewerbe, Hoch- und Tiefbau",NW,abt-total,40,0,40,36,0,36,4,0,4
"Baugewerbe, Hoch- und Tiefbau",NW,EFZ,39,0,39,35,0,35,4,0,4
"Baugewerbe, Hoch- und Tiefbau",NW,EBA,1,0,1,1,0,1,0,0,0
"Baugewerbe, Hoch- und Tiefbau",NW,nReglementiert,0,0,0,0,0,0,0,0,0
"Baugewerbe, Hoch- und Tiefbau",GL,abt-total,72,0,72,66,0,66,6,0,6
"Baugewerbe, Hoch- und Tiefbau",GL,EFZ,68,0,68,62,0,62,6,0,6
"Baugewerbe, Hoch- und Tiefbau",GL,EBA,4,0,4,4,0,4,0,0,0
"Baugewerbe, Hoch- und Tiefbau",GL,nReglementiert,0,0,0,0,0,0,0,0,0
"Baugewerbe, Hoch- und Tiefbau",ZG,abt-total,103,0,103,96,0,96,7,0,7
"Baugewerbe, Hoch- und Tiefbau",ZG,EFZ,98,0,98,91,0,91,7,0,7
"Baugewerbe, Hoch- und Tiefbau",ZG,EBA,5,0,5,5,0,5,0,0,0
"Baugewerbe, Hoch- und Tiefbau",ZG,nReglementiert,0,0,0,0,0,0,0,0,0
"Baugewerbe, Hoch- und Tiefbau",FR,abt-total,300,0,300,289,0,289,11,0,11
"Baugewerbe, Hoch- und Tiefbau",FR,EFZ,290,0,290,279,0,279,11,0,11
"Baugewerbe, Hoch- und Tiefbau",FR,EBA,10,0,10,10,0,10,0,0,0
"Baugewerbe, Hoch- und Tiefbau",FR,nReglementiert,0,0,0,0,0,0,0,0,0
"Baugewerbe, Hoch- und Tiefbau",SO,abt-total,201,0,201,178,0,178,23,0,23
"Baugewerbe, Hoch- und Tiefbau",SO,EFZ,191,0,191,169,0,169,22,0,22
"Baugewerbe, Hoch- und Tiefbau",SO,EBA,10,0,10,9,0,9,1,0,1
"Baugewerbe, Hoch- und Tiefbau",SO,nReglementiert,0,0,0,0,0,0,0,0,0
"Baugewerbe, Hoch- und Tiefbau",BS,abt-total,104,0,104,92,0,92,12,0,12
"Baugewerbe, Hoch- und Tiefbau",BS,EFZ,100,0,100,88,0,88,12,0,12
"Baugewerbe, Hoch- und Tiefbau",BS,EBA,4,0,4,4,0,4,0,0,0
"Baugewerbe, Hoch- und Tiefbau",BS,nReglementiert,0,0,0,0,0,0,0,0,0
"Baugewerbe, Hoch- und Tiefbau",BL,abt-total,185,0,185,170,0,170,15,0,15
"Baugewerbe, Hoch- und Tiefbau",BL,EFZ,178,0,178,163,0,163,15,0,15
"Baugewerbe, Hoch- und Tiefbau",BL,EBA,7,0,7,7,0,7,0,0,0
"Baugewerbe, Hoch- und Tiefbau",Bl,nReglementiert,0,0,0,0,0,0,0,0,0
"Baugewerbe, Hoch- und Tiefbau",SH,abt-total,81,0,81,77,0,77,4,0,4
"Baugewerbe, Hoch- und Tiefbau",SH,EFZ,77,0,77,73,0,73,4,0,4
"Baugewerbe, Hoch- und Tiefbau",SH,EBA,4,0,4,4,0,4,0,0,0
"Baugewerbe, Hoch- und Tiefbau",SH,nReglementiert,0,0,0,0,0,0,0,0,0
"Baugewerbe, Hoch- und Tiefbau",AR,abt-total,52,0,52,51,0,51,1,0,1
"Baugewerbe, Hoch- und Tiefbau",AR,EFZ,50,0,50,49,0,49,1,0,1
"Baugewerbe, Hoch- und Tiefbau",AR,EBA,2,0,2,2,0,2,0,0,0
"Baugewerbe, Hoch- und Tiefbau",AR,nReglementiert,0,0,0,0,0,0,0,0,0
"Baugewerbe, Hoch- und Tiefbau",AI,abt-total,29,0,29,28,0,28,1,0,1
"Baugewerbe, Hoch- und Tiefbau",AI,EFZ,29,0,29,28,0,28,1,0,1
"Baugewerbe, Hoch- und Tiefbau",AI,EBA,0,0,0,0,0,0,0,0,0
"Baugewerbe, Hoch- und Tiefbau",AI,nReglementiert,0,0,0,0,0,0,0,0,0
"Baugewerbe, Hoch- und Tiefbau",SG,abt-total,525,0,525,477,0,477,48,0,48
"Baugewerbe, Hoch- und Tiefbau",SG,EFZ,504,0,504,456,0,456,48,0,48
"Baugewerbe, Hoch- und Tiefbau",SG,EBA,21,0,21,21,0,21,0,0,0
"Baugewerbe, Hoch- und Tiefbau",SG,nReglementiert,0,0,0,0,0,0,0,0,0
"Baugewerbe, Hoch- und Tiefbau",GR,abt-total,216,0,216,198,0,198,18,0,18
"Baugewerbe, Hoch- und Tiefbau",GR,EFZ,208,0,208,190,0,190,18,0,18
"Baugewerbe, Hoch- und Tiefbau",GR,EBA,8,0,8,8,0,8,0,0,0
"Baugewerbe, Hoch- und Tiefbau",GR,nReglementiert,0,0,0,0,0,0,0,0,0
"Baugewerbe, Hoch- und Tiefbau",AG,abt-total,500,0,500,457,0,457,43,0,43
"Baugewerbe, Hoch- und Tiefbau",AG,EFZ,484,0,484,442,0,442,42,0,42
"Baugewerbe, Hoch- und Tiefbau",AG,EBA,16,0,16,15,0,15,1,0,1
"Baugewerbe, Hoch- und Tiefbau",AG,nReglementiert,0,0,0,0,0,0,0,0,0
"Baugewerbe, Hoch- und Tiefbau",TG,abt-total,237,0,237,222,0,222,15,0,15
"Baugewerbe, Hoch- und Tiefbau",TG,EFZ,223,0,223,208,0,208,15,0,15
"Baugewerbe, Hoch- und Tiefbau",TG,EBA,14,0,14,14,0,14,0,0,0
"Baugewerbe, Hoch- und Tiefbau",TG,nReglementiert,0,0,0,0,0,0,0,0,0
"Baugewerbe, Hoch- und Tiefbau",TI,abt-total,261,0,261,260,0,260,1,0,1
"Baugewerbe, Hoch- und Tiefbau",TI,EFZ,251,0,251,250,0,250,1,0,1
"Baugewerbe, Hoch- und Tiefbau",TI,EBA,10,0,10,10,0,10,0,0,0
"Baugewerbe, Hoch- und Tiefbau",TI,nReglementiert,0,0,0,0,0,0,0,0,0
"Baugewerbe, Hoch- und Tiefbau",VD,abt-total,411,0,411,392,0,392,19,0,19
"Baugewerbe, Hoch- und Tiefbau",VD,EFZ,399,0,399,380,0,380,19,0,19
"Baugewerbe, Hoch- und Tiefbau",VD,EBA,12,0,12,12,0,12,0,0,0
"Baugewerbe, Hoch- und Tiefbau",VD,nReglementiert,0,0,0,0,0,0,0,0,0
"Baugewerbe, Hoch- und Tiefbau",VS,abt-total,300,0,300,294,0,294,6,0,6
"Baugewerbe, Hoch- und Tiefbau",VS,EFZ,277,0,277,271,0,271,6,0,6
"Baugewerbe, Hoch- und Tiefbau",VS,EBA,23,0,23,23,0,23,0,0,0
"Baugewerbe, Hoch- und Tiefbau",VS,nReglementiert,0,0,0,0,0,0,0,0,0
"Baugewerbe, Hoch- und Tiefbau",NE,abt-total,119,0,119,110,0,110,9,0,9
"Baugewerbe, Hoch- und Tiefbau",NE,EFZ,116,0,116,107,0,107,9,0,9
"Baugewerbe, Hoch- und Tiefbau",NE,EBA,3,0,3,3,0,3,0,0,0
"Baugewerbe, Hoch- und Tiefbau",NE,nReglementiert,0,0,0,0,0,0,0,0,0
"Baugewerbe, Hoch- und Tiefbau",GE,abt-total,205,15,190,201,15,186,4,0,4
"Baugewerbe, Hoch- und Tiefbau",GE,EFZ,197,15,182,193,15,178,4,0,4
"Baugewerbe, Hoch- und Tiefbau",GE,EBA,8,0,8,8,0,8,0,0,0
"Baugewerbe, Hoch- und Tiefbau",GE,nReglementiert,0,0,0,0,0,0,0,0,0
"Baugewerbe, Hoch- und Tiefbau",JU,abt-total,75,0,75,72,0,72,3,0,3
"Baugewerbe, Hoch- und Tiefbau",JU,EFZ,75,0,75,72,0,72,3,0,3
"Baugewerbe, Hoch- und Tiefbau",JU,EBA,0,0,0,0,0,0,0,0,0
"Baugewerbe, Hoch- und Tiefbau",JU,nReglementiert,0,0,0,0,0,0,0,0,0
Pflanzenbau und Tierzucht,,abt-total,1857,0,1857,1426,0,1426,431,0,431
Pflanzenbau und Tierzucht,,EFZ,1672,0,1672,1301,0,1301,371,0,371
Pflanzenbau und Tierzucht,,EBA,185,0,185,125,0,125,60,0,60
Pflanzenbau und Tierzucht,,nReglementiert,0,0,0,0,0,0,0,0,0
Pflanzenbau und Tierzucht,ZH,abt-total,145,0,145,91,0,91,54,0,54
Pflanzenbau und Tierzucht,ZH,EFZ,125,0,125,80,0,80,45,0,45
Pflanzenbau und Tierzucht,ZH,EBA,20,0,20,11,0,11,9,0,9
Pflanzenbau und Tierzucht,ZH,nReglementiert,0,0,0,0,0,0,0,0,0
Pflanzenbau und Tierzucht,BE,abt-total,360,0,360,273,0,273,87,0,87
Pflanzenbau und Tierzucht,BE,EFZ,313,0,313,238,0,238,75,0,75
Pflanzenbau und Tierzucht,BE,EBA,47,0,47,35,0,35,12,0,12
Pflanzenbau und Tierzucht,BE,nReglementiert,0,0,0,0,0,0,0,0,0
Pflanzenbau und Tierzucht,LU,abt-total,125,0,125,99,0,99,26,0,26
Pflanzenbau und Tierzucht,LU,EFZ,106,0,106,85,0,85,21,0,21
Pflanzenbau und Tierzucht,LU,EBA,19,0,19,14,0,14,5,0,5
Pflanzenbau und Tierzucht,LU,nReglementiert,0,0,0,0,0,0,0,0,0
Pflanzenbau und Tierzucht,UR,abt-total,21,0,21,20,0,20,1,0,1
Pflanzenbau und Tierzucht,UR,EFZ,21,0,21,20,0,20,1,0,1
Pflanzenbau und Tierzucht,UR,EBA,0,0,0,0,0,0,0,0,0
Pflanzenbau und Tierzucht,UR,nReglementiert,0,0,0,0,0,0,0,0,0
Pflanzenbau und Tierzucht,SZ,abt-total,58,0,58,52,0,52,6,0,6
Pflanzenbau und Tierzucht,SZ,EFZ,55,0,55,50,0,50,5,0,5
Pflanzenbau und Tierzucht,SZ,EBA,3,0,3,2,0,2,1,0,1
Pflanzenbau und Tierzucht,SZ,nReglementiert,0,0,0,0,0,0,0,0,0
Pflanzenbau und Tierzucht,OW,abt-total,15,0,15,13,0,13,2,0,2
Pflanzenbau und Tierzucht,OW,EFZ,13,0,13,11,0,11,2,0,2
Pflanzenbau und Tierzucht,OW,EBA,2,0,2,2,0,2,0,0,0
Pflanzenbau und Tierzucht,OW,nReglementiert,0,0,0,0,0,0,0,0,0
Pflanzenbau und Tierzucht,NW,abt-total,14,0,14,11,0,11,3,0,3
Pflanzenbau und Tierzucht,NW,EFZ,14,0,14,11,0,11,3,0,3
Pflanzenbau und Tierzucht,NW,EBA,0,0,0,0,0,0,0,0,0
Pflanzenbau und Tierzucht,NW,nReglementiert,0,0,0,0,0,0,0,0,0
Pflanzenbau und Tierzucht,GL,abt-total,3,0,3,2,0,2,1,0,1
Pflanzenbau und Tierzucht,GL,EFZ,2,0,2,1,0,1,1,0,1
Pflanzenbau und Tierzucht,GL,EBA,1,0,1,1,0,1,0,0,0
Pflanzenbau und Tierzucht,GL,nReglementiert,0,0,0,0,0,0,0,0,0
Pflanzenbau und Tierzucht,ZG,abt-total,35,0,35,29,0,29,6,0,6
Pflanzenbau und Tierzucht,ZG,EFZ,34,0,34,29,0,29,5,0,5
Pflanzenbau und Tierzucht,ZG,EBA,1,0,1,0,0,0,1,0,1
Pflanzenbau und Tierzucht,ZG,nReglementiert,0,0,0,0,0,0,0,0,0
Pflanzenbau und Tierzucht,FR,abt-total,134,0,134,106,0,106,28,0,28
Pflanzenbau und Tierzucht,FR,EFZ,130,0,130,104,0,104,26,0,26
Pflanzenbau und Tierzucht,FR,EBA,4,0,4,2,0,2,2,0,2
Pflanzenbau und Tierzucht,FR,nReglementiert,0,0,0,0,0,0,0,0,0
Pflanzenbau und Tierzucht,SO,abt-total,47,0,47,32,0,32,15,0,15
Pflanzenbau und Tierzucht,SO,EFZ,45,0,45,31,0,31,14,0,14
Pflanzenbau und Tierzucht,SO,EBA,2,0,2,1,0,1,1,0,1
Pflanzenbau und Tierzucht,SO,nReglementiert,0,0,0,0,0,0,0,0,0
Pflanzenbau und Tierzucht,BS,abt-total,4,0,4,0,0,0,4,0,4
Pflanzenbau und Tierzucht,BS,EFZ,4,0,4,0,0,0,4,0,4
Pflanzenbau und Tierzucht,BS,EBA,0,0,0,0,0,0,0,0,0
Pflanzenbau und Tierzucht,BS,nReglementiert,0,0,0,0,0,0,0,0,0
Pflanzenbau und Tierzucht,BL,abt-total,67,0,67,52,0,52,15,0,15
Pflanzenbau und Tierzucht,BL,EFZ,60,0,60,47,0,47,13,0,13
Pflanzenbau und Tierzucht,BL,EBA,7,0,7,5,0,5,2,0,2
Pflanzenbau und Tierzucht,Bl,nReglementiert,0,0,0,0,0,0,0,0,0
Pflanzenbau und Tierzucht,SH,abt-total,16,0,16,12,0,12,4,0,4
Pflanzenbau und Tierzucht,SH,EFZ,13,0,13,9,0,9,4,0,4
Pflanzenbau und Tierzucht,SH,EBA,3,0,3,3,0,3,0,0,0
Pflanzenbau und Tierzucht,SH,nReglementiert,0,0,0,0,0,0,0,0,0
Pflanzenbau und Tierzucht,AR,abt-total,18,0,18,15,0,15,3,0,3
Pflanzenbau und Tierzucht,AR,EFZ,16,0,16,13,0,13,3,0,3
Pflanzenbau und Tierzucht,AR,EBA,2,0,2,2,0,2,0,0,0
Pflanzenbau und Tierzucht,AR,nReglementiert,0,0,0,0,0,0,0,0,0
Pflanzenbau und Tierzucht,AI,abt-total,6,0,6,6,0,6,0,0,0
Pflanzenbau und Tierzucht,AI,EFZ,5,0,5,5,0,5,0,0,0
Pflanzenbau und Tierzucht,AI,EBA,1,0,1,1,0,1,0,0,0
Pflanzenbau und Tierzucht,AI,nReglementiert,0,0,0,0,0,0,0,0,0
Pflanzenbau und Tierzucht,SG,abt-total,124,0,124,94,0,94,30,0,30
Pflanzenbau und Tierzucht,SG,EFZ,110,0,110,87,0,87,23,0,23
Pflanzenbau und Tierzucht,SG,EBA,14,0,14,7,0,7,7,0,7
Pflanzenbau und Tierzucht,SG,nReglementiert,0,0,0,0,0,0,0,0,0
Pflanzenbau und Tierzucht,GR,abt-total,92,0,92,72,0,72,20,0,20
Pflanzenbau und Tierzucht,GR,EFZ,85,0,85,66,0,66,19,0,19
Pflanzenbau und Tierzucht,GR,EBA,7,0,7,6,0,6,1,0,1
Pflanzenbau und Tierzucht,GR,nReglementiert,0,0,0,0,0,0,0,0,0
Pflanzenbau und Tierzucht,AG,abt-total,126,0,126,92,0,92,34,0,34
Pflanzenbau und Tierzucht,AG,EFZ,112,0,112,85,0,85,27,0,27
Pflanzenbau und Tierzucht,AG,EBA,14,0,14,7,0,7,7,0,7
Pflanzenbau und Tierzucht,AG,nReglementiert,0,0,0,0,0,0,0,0,0
Pflanzenbau und Tierzucht,TG,abt-total,107,0,107,84,0,84,23,0,23
Pflanzenbau und Tierzucht,TG,EFZ,100,0,100,80,0,80,20,0,20
Pflanzenbau und Tierzucht,TG,EBA,7,0,7,4,0,4,3,0,3
Pflanzenbau und Tierzucht,TG,nReglementiert,0,0,0,0,0,0,0,0,0
Pflanzenbau und Tierzucht,TI,abt-total,39,0,39,29,0,29,10,0,10
Pflanzenbau und Tierzucht,TI,EFZ,30,0,30,24,0,24,6,0,6
Pflanzenbau und Tierzucht,TI,EBA,9,0,9,5,0,5,4,0,4
Pflanzenbau und Tierzucht,TI,nReglementiert,0,0,0,0,0,0,0,0,0
Pflanzenbau und Tierzucht,VD,abt-total,120,0,120,99,0,99,21,0,21
Pflanzenbau und Tierzucht,VD,EFZ,115,0,115,94,0,94,21,0,21
Pflanzenbau und Tierzucht,VD,EBA,5,0,5,5,0,5,0,0,0
Pflanzenbau und Tierzucht,VD,nReglementiert,0,0,0,0,0,0,0,0,0
Pflanzenbau und Tierzucht,VS,abt-total,45,0,45,29,0,29,16,0,16
Pflanzenbau und Tierzucht,VS,EFZ,43,0,43,28,0,28,15,0,15
Pflanzenbau und Tierzucht,VS,EBA,2,0,2,1,0,1,1,0,1
Pflanzenbau und Tierzucht,VS,nReglementiert,0,0,0,0,0,0,0,0,0
Pflanzenbau und Tierzucht,NE,abt-total,62,0,62,51,0,51,11,0,11
Pflanzenbau und Tierzucht,NE,EFZ,53,0,53,46,0,46,7,0,7
Pflanzenbau und Tierzucht,NE,EBA,9,0,9,5,0,5,4,0,4
Pflanzenbau und Tierzucht,NE,nReglementiert,0,0,0,0,0,0,0,0,0
Pflanzenbau und Tierzucht,GE,abt-total,16,0,16,11,0,11,5,0,5
Pflanzenbau und Tierzucht,GE,EFZ,14,0,14,9,0,9,5,0,5
Pflanzenbau und Tierzucht,GE,EBA,2,0,2,2,0,2,0,0,0
Pflanzenbau und Tierzucht,GE,nReglementiert,0,0,0,0,0,0,0,0,0
Pflanzenbau und Tierzucht,JU,abt-total,58,0,58,52,0,52,6,0,6
Pflanzenbau und Tierzucht,JU,EFZ,54,0,54,48,0,48,6,0,6
Pflanzenbau und Tierzucht,JU,EBA,4,0,4,4,0,4,0,0,0
Pflanzenbau und Tierzucht,JU,nReglementiert,0,0,0,0,0,0,0,0,0
Gartenbau,,abt-total,1497,123,1374,1177,89,1088,320,34,286
Gartenbau,,EFZ,1193,104,1089,934,79,855,259,25,234
Gartenbau,,EBA,302,19,283,243,10,233,59,9,50
Gartenbau,,nReglementiert,2,0,2,0,0,0,2,0,2
Gartenbau,ZH,abt-total,213,1,212,178,1,177,35,0,35
Gartenbau,ZH,EFZ,168,0,168,140,0,140,28,0,28
Gartenbau,ZH,EBA,45,1,44,38,1,37,7,0,7
Gartenbau,ZH,nReglementiert,0,0,0,0,0,0,0,0,0
Gartenbau,BE,abt-total,258,41,217,181,22,159,77,19,58
Gartenbau,BE,EFZ,207,29,178,144,18,126,63,11,52
Gartenbau,BE,EBA,51,12,39,37,4,33,14,8,6
Gartenbau,BE,nReglementiert,0,0,0,0,0,0,0,0,0
Gartenbau,LU,abt-total,76,0,76,59,0,59,17,0,17
Gartenbau,LU,EFZ,58,0,58,46,0,46,12,0,12
Gartenbau,LU,EBA,18,0,18,13,0,13,5,0,5
Gartenbau,LU,nReglementiert,0,0,0,0,0,0,0,0,0
Gartenbau,UR,abt-total,6,0,6,3,0,3,3,0,3
Gartenbau,UR,EFZ,6,0,6,3,0,3,3,0,3
Gartenbau,UR,EBA,0,0,0,0,0,0,0,0,0
Gartenbau,UR,nReglementiert,0,0,0,0,0,0,0,0,0
Gartenbau,SZ,abt-total,17,0,17,15,0,15,2,0,2
Gartenbau,SZ,EFZ,14,0,14,12,0,12,2,0,2
Gartenbau,SZ,EBA,3,0,3,3,0,3,0,0,0
Gartenbau,SZ,nReglementiert,0,0,0,0,0,0,0,0,0
Gartenbau,OW,abt-total,7,0,7,5,0,5,2,0,2
Gartenbau,OW,EFZ,7,0,7,5,0,5,2,0,2
Gartenbau,OW,EBA,0,0,0,0,0,0,0,0,0
Gartenbau,OW,nReglementiert,0,0,0,0,0,0,0,0,0
Gartenbau,NW,abt-total,5,0,5,4,0,4,1,0,1
Gartenbau,NW,EFZ,5,0,5,4,0,4,1,0,1
Gartenbau,NW,EBA,0,0,0,0,0,0,0,0,0
Gartenbau,NW,nReglementiert,0,0,0,0,0,0,0,0,0
Gartenbau,GL,abt-total,8,0,8,7,0,7,1,0,1
Gartenbau,GL,EFZ,5,0,5,4,0,4,1,0,1
Gartenbau,GL,EBA,3,0,3,3,0,3,0,0,0
Gartenbau,GL,nReglementiert,0,0,0,0,0,0,0,0,0
Gartenbau,ZG,abt-total,20,0,20,16,0,16,4,0,4
Gartenbau,ZG,EFZ,18,0,18,14,0,14,4,0,4
Gartenbau,ZG,EBA,2,0,2,2,0,2,0,0,0
Gartenbau,ZG,nReglementiert,0,0,0,0,0,0,0,0,0
Gartenbau,FR,abt-total,60,0,60,43,0,43,17,0,17
Gartenbau,FR,EFZ,43,0,43,33,0,33,10,0,10
Gartenbau,FR,EBA,17,0,17,10,0,10,7,0,7
Gartenbau,FR,nReglementiert,0,0,0,0,0,0,0,0,0
Gartenbau,SO,abt-total,31,0,31,27,0,27,4,0,4
Gartenbau,SO,EFZ,24,0,24,21,0,21,3,0,3
Gartenbau,SO,EBA,7,0,7,6,0,6,1,0,1
Gartenbau,SO,nReglementiert,0,0,0,0,0,0,0,0,0
Gartenbau,BS,abt-total,28,7,21,22,3,19,6,4,2
Gartenbau,BS,EFZ,14,4,10,9,1,8,5,3,2
Gartenbau,BS,EBA,14,3,11,13,2,11,1,1,0
Gartenbau,BS,nReglementiert,0,0,0,0,0,0,0,0,0
Gartenbau,BL,abt-total,43,0,43,33,0,33,10,0,10
Gartenbau,BL,EFZ,39,0,39,31,0,31,8,0,8
Gartenbau,BL,EBA,4,0,4,2,0,2,2,0,2
Gartenbau,Bl,nReglementiert,0,0,0,0,0,0,0,0,0
Gartenbau,SH,abt-total,14,0,14,11,0,11,3,0,3
Gartenbau,SH,EFZ,10,0,10,7,0,7,3,0,3
Gartenbau,SH,EBA,4,0,4,4,0,4,0,0,0
Gartenbau,SH,nReglementiert,0,0,0,0,0,0,0,0,0
Gartenbau,AR,abt-total,9,0,9,7,0,7,2,0,2
Gartenbau,AR,EFZ,4,0,4,3,0,3,1,0,1
Gartenbau,AR,EBA,5,0,5,4,0,4,1,0,1
Gartenbau,AR,nReglementiert,0,0,0,0,0,0,0,0,0
Gartenbau,AI,abt-total,0,0,0,0,0,0,0,0,0
Gartenbau,AI,EFZ,0,0,0,0,0,0,0,0,0
Gartenbau,AI,EBA,0,0,0,0,0,0,0,0,0
Gartenbau,AI,nReglementiert,0,0,0,0,0,0,0,0,0
Gartenbau,SG,abt-total,76,0,76,59,0,59,17,0,17
Gartenbau,SG,EFZ,62,0,62,50,0,50,12,0,12
Gartenbau,SG,EBA,14,0,14,9,0,9,5,0,5
Gartenbau,SG,nReglementiert,0,0,0,0,0,0,0,0,0
Gartenbau,GR,abt-total,20,0,20,12,0,12,8,0,8
Gartenbau,GR,EFZ,16,0,16,9,0,9,7,0,7
Gartenbau,GR,EBA,4,0,4,3,0,3,1,0,1
Gartenbau,GR,nReglementiert,0,0,0,0,0,0,0,0,0
Gartenbau,AG,abt-total,135,0,135,115,0,115,20,0,20
Gartenbau,AG,EFZ,107,0,107,88,0,88,19,0,19
Gartenbau,AG,EBA,28,0,28,27,0,27,1,0,1
Gartenbau,AG,nReglementiert,0,0,0,0,0,0,0,0,0
Gartenbau,TG,abt-total,55,0,55,40,0,40,15,0,15
Gartenbau,TG,EFZ,39,0,39,29,0,29,10,0,10
Gartenbau,TG,EBA,16,0,16,11,0,11,5,0,5
Gartenbau,TG,nReglementiert,0,0,0,0,0,0,0,0,0
Gartenbau,TI,abt-total,68,0,68,67,0,67,1,0,1
Gartenbau,TI,EFZ,59,0,59,58,0,58,1,0,1
Gartenbau,TI,EBA,9,0,9,9,0,9,0,0,0
Gartenbau,TI,nReglementiert,0,0,0,0,0,0,0,0,0
Gartenbau,VD,abt-total,123,1,122,87,0,87,36,1,35
Gartenbau,VD,EFZ,100,1,99,70,0,70,30,1,29
Gartenbau,VD,EBA,23,0,23,17,0,17,6,0,6
Gartenbau,VD,nReglementiert,0,0,0,0,0,0,0,0,0
Gartenbau,VS,abt-total,41,0,41,36,0,36,5,0,5
Gartenbau,VS,EFZ,28,0,28,25,0,25,3,0,3
Gartenbau,VS,EBA,13,0,13,11,0,11,2,0,2
Gartenbau,VS,nReglementiert,0,0,0,0,0,0,0,0,0
Gartenbau,NE,abt-total,36,0,36,26,0,26,10,0,10
Gartenbau,NE,EFZ,27,0,27,19,0,19,8,0,8
Gartenbau,NE,EBA,7,0,7,7,0,7,0,0,0
Gartenbau,NE,nReglementiert,2,0,2,0,0,0,2,0,2
Gartenbau,GE,abt-total,129,73,56,109,63,46,20,10,10
Gartenbau,GE,EFZ,115,70,45,96,60,36,19,10,9
Gartenbau,GE,EBA,14,3,11,13,3,10,1,0,1
Gartenbau,GE,nReglementiert,0,0,0,0,0,0,0,0,0
Gartenbau,JU,abt-total,19,0,19,15,0,15,4,0,4
Gartenbau,JU,EFZ,18,0,18,14,0,14,4,0,4
Gartenbau,JU,EBA,1,0,1,1,0,1,0,0,0
Gartenbau,JU,nReglementiert,0,0,0,0,0,0,0,0,0
Forstwirtschaft,,abt-total,338,0,338,334,0,334,4,0,4
Forstwirtschaft,,EFZ,333,0,333,329,0,329,4,0,4
Forstwirtschaft,,EBA,5,0,5,5,0,5,0,0,0
Forstwirtschaft,,nReglementiert,0,0,0,0,0,0,0,0,0
Forstwirtschaft,ZH,abt-total,26,0,26,26,0,26,0,0,0
Forstwirtschaft,ZH,EFZ,26,0,26,26,0,26,0,0,0
Forstwirtschaft,ZH,EBA,0,0,0,0,0,0,0,0,0
Forstwirtschaft,ZH,nReglementiert,0,0,0,0,0,0,0,0,0
Forstwirtschaft,BE,abt-total,31,0,31,31,0,31,0,0,0
Forstwirtschaft,BE,EFZ,30,0,30,30,0,30,0,0,0
Forstwirtschaft,BE,EBA,1,0,1,1,0,1,0,0,0
Forstwirtschaft,BE,nReglementiert,0,0,0,0,0,0,0,0,0
Forstwirtschaft,LU,abt-total,5,0,5,5,0,5,0,0,0
Forstwirtschaft,LU,EFZ,5,0,5,5,0,5,0,0,0
Forstwirtschaft,LU,EBA,0,0,0,0,0,0,0,0,0
Forstwirtschaft,LU,nReglementiert,0,0,0,0,0,0,0,0,0
Forstwirtschaft,UR,abt-total,1,0,1,1,0,1,0,0,0
Forstwirtschaft,UR,EFZ,1,0,1,1,0,1,0,0,0
Forstwirtschaft,UR,EBA,0,0,0,0,0,0,0,0,0
Forstwirtschaft,UR,nReglementiert,0,0,0,0,0,0,0,0,0
Forstwirtschaft,SZ,abt-total,2,0,2,2,0,2,0,0,0
Forstwirtschaft,SZ,EFZ,2,0,2,2,0,2,0,0,0
Forstwirtschaft,SZ,EBA,0,0,0,0,0,0,0,0,0
Forstwirtschaft,SZ,nReglementiert,0,0,0,0,0,0,0,0,0
Forstwirtschaft,OW,abt-total,7,0,7,7,0,7,0,0,0
Forstwirtschaft,OW,EFZ,6,0,6,6,0,6,0,0,0
Forstwirtschaft,OW,EBA,1,0,1,1,0,1,0,0,0
Forstwirtschaft,OW,nReglementiert,0,0,0,0,0,0,0,0,0
Forstwirtschaft,NW,abt-total,3,0,3,3,0,3,0,0,0
Forstwirtschaft,NW,EFZ,3,0,3,3,0,3,0,0,0
Forstwirtschaft,NW,EBA,0,0,0,0,0,0,0,0,0
Forstwirtschaft,NW,nReglementiert,0,0,0,0,0,0,0,0,0
Forstwirtschaft,GL,abt-total,4,0,4,4,0,4,0,0,0
Forstwirtschaft,GL,EFZ,4,0,4,4,0,4,0,0,0
Forstwirtschaft,GL,EBA,0,0,0,0,0,0,0,0,0
Forstwirtschaft,GL,nReglementiert,0,0,0,0,0,0,0,0,0
Forstwirtschaft,ZG,abt-total,4,0,4,4,0,4,0,0,0
Forstwirtschaft,ZG,EFZ,3,0,3,3,0,3,0,0,0
Forstwirtschaft,ZG,EBA,1,0,1,1,0,1,0,0,0
Forstwirtschaft,ZG,nReglementiert,0,0,0,0,0,0,0,0,0
Forstwirtschaft,FR,abt-total,19,0,19,19,0,19,0,0,0
Forstwirtschaft,FR,EFZ,17,0,17,17,0,17,0,0,0
Forstwirtschaft,FR,EBA,2,0,2,2,0,2,0,0,0
Forstwirtschaft,FR,nReglementiert,0,0,0,0,0,0,0,0,0
Forstwirtschaft,SO,abt-total,7,0,7,6,0,6,1,0,1
Forstwirtschaft,SO,EFZ,7,0,7,6,0,6,1,0,1
Forstwirtschaft,SO,EBA,0,0,0,0,0,0,0,0,0
Forstwirtschaft,SO,nReglementiert,0,0,0,0,0,0,0,0,0
Forstwirtschaft,BS,abt-total,2,0,2,1,0,1,1,0,1
Forstwirtschaft,BS,EFZ,2,0,2,1,0,1,1,0,1
Forstwirtschaft,BS,EBA,0,0,0,0,0,0,0,0,0
Forstwirtschaft,BS,nReglementiert,0,0,0,0,0,0,0,0,0
Forstwirtschaft,BL,abt-total,11,0,11,10,0,10,1,0,1
Forstwirtschaft,BL,EFZ,11,0,11,10,0,10,1,0,1
Forstwirtschaft,BL,EBA,0,0,0,0,0,0,0,0,0
Forstwirtschaft,Bl,nReglementiert,0,0,0,0,0,0,0,0,0
Forstwirtschaft,SH,abt-total,4,0,4,4,0,4,0,0,0
Forstwirtschaft,SH,EFZ,4,0,4,4,0,4,0,0,0
Forstwirtschaft,SH,EBA,0,0,0,0,0,0,0,0,0
Forstwirtschaft,SH,nReglementiert,0,0,0,0,0,0,0,0,0
Forstwirtschaft,AR,abt-total,4,0,4,4,0,4,0,0,0
Forstwirtschaft,AR,EFZ,4,0,4,4,0,4,0,0,0
Forstwirtschaft,AR,EBA,0,0,0,0,0,0,0,0,0
Forstwirtschaft,AR,nReglementiert,0,0,0,0,0,0,0,0,0
Forstwirtschaft,AI,abt-total,0,0,0,0,0,0,0,0,0
Forstwirtschaft,AI,EFZ,0,0,0,0,0,0,0,0,0
Forstwirtschaft,AI,EBA,0,0,0,0,0,0,0,0,0
Forstwirtschaft,AI,nReglementiert,0,0,0,0,0,0,0,0,0
Forstwirtschaft,SG,abt-total,11,0,11,11,0,11,0,0,0
Forstwirtschaft,SG,EFZ,11,0,11,11,0,11,0,0,0
Forstwirtschaft,SG,EBA,0,0,0,0,0,0,0,0,0
Forstwirtschaft,SG,nReglementiert,0,0,0,0,0,0,0,0,0
Forstwirtschaft,GR,abt-total,34,0,34,34,0,34,0,0,0
Forstwirtschaft,GR,EFZ,34,0,34,34,0,34,0,0,0
Forstwirtschaft,GR,EBA,0,0,0,0,0,0,0,0,0
Forstwirtschaft,GR,nReglementiert,0,0,0,0,0,0,0,0,0
Forstwirtschaft,AG,abt-total,32,0,32,31,0,31,1,0,1
Forstwirtschaft,AG,EFZ,32,0,32,31,0,31,1,0,1
Forstwirtschaft,AG,EBA,0,0,0,0,0,0,0,0,0
Forstwirtschaft,AG,nReglementiert,0,0,0,0,0,0,0,0,0
Forstwirtschaft,TG,abt-total,9,0,9,9,0,9,0,0,0
Forstwirtschaft,TG,EFZ,9,0,9,9,0,9,0,0,0
Forstwirtschaft,TG,EBA,0,0,0,0,0,0,0,0,0
Forstwirtschaft,TG,nReglementiert,0,0,0,0,0,0,0,0,0
Forstwirtschaft,TI,abt-total,30,0,30,30,0,30,0,0,0
Forstwirtschaft,TI,EFZ,30,0,30,30,0,30,0,0,0
Forstwirtschaft,TI,EBA,0,0,0,0,0,0,0,0,0
Forstwirtschaft,TI,nReglementiert,0,0,0,0,0,0,0,0,0
Forstwirtschaft,VD,abt-total,41,0,41,41,0,41,0,0,0
Forstwirtschaft,VD,EFZ,41,0,41,41,0,41,0,0,0
Forstwirtschaft,VD,EBA,0,0,0,0,0,0,0,0,0
Forstwirtschaft,VD,nReglementiert,0,0,0,0,0,0,0,0,0
Forstwirtschaft,VS,abt-total,27,0,27,27,0,27,0,0,0
Forstwirtschaft,VS,EFZ,27,0,27,27,0,27,0,0,0
Forstwirtschaft,VS,EBA,0,0,0,0,0,0,0,0,0
Forstwirtschaft,VS,nReglementiert,0,0,0,0,0,0,0,0,0
Forstwirtschaft,NE,abt-total,15,0,15,15,0,15,0,0,0
Forstwirtschaft,NE,EFZ,15,0,15,15,0,15,0,0,0
Forstwirtschaft,NE,EBA,0,0,0,0,0,0,0,0,0
Forstwirtschaft,NE,nReglementiert,0,0,0,0,0,0,0,0,0
Forstwirtschaft,GE,abt-total,2,0,2,2,0,2,0,0,0
Forstwirtschaft,GE,EFZ,2,0,2,2,0,2,0,0,0
Forstwirtschaft,GE,EBA,0,0,0,0,0,0,0,0,0
Forstwirtschaft,GE,nReglementiert,0,0,0,0,0,0,0,0,0
Forstwirtschaft,JU,abt-total,7,0,7,7,0,7,0,0,0
Forstwirtschaft,JU,EFZ,7,0,7,7,0,7,0,0,0
Forstwirtschaft,JU,EBA,0,0,0,0,0,0,0,0,0
Forstwirtschaft,JU,nReglementiert,0,0,0,0,0,0,0,0,0
Tiermedizin,,abt-total,187,0,187,8,0,8,179,0,179
Tiermedizin,,EFZ,187,0,187,8,0,8,179,0,179
Tiermedizin,,EBA,0,0,0,0,0,0,0,0,0
Tiermedizin,,nReglementiert,0,0,0,0,0,0,0,0,0
Tiermedizin,ZH,abt-total,31,0,31,2,0,2,29,0,29
Tiermedizin,ZH,EFZ,31,0,31,2,0,2,29,0,29
Tiermedizin,ZH,EBA,0,0,0,0,0,0,0,0,0
Tiermedizin,ZH,nReglementiert,0,0,0,0,0,0,0,0,0
Tiermedizin,BE,abt-total,34,0,34,2,0,2,32,0,32
Tiermedizin,BE,EFZ,34,0,34,2,0,2,32,0,32
Tiermedizin,BE,EBA,0,0,0,0,0,0,0,0,0
Tiermedizin,BE,nReglementiert,0,0,0,0,0,0,0,0,0
Tiermedizin,LU,abt-total,5,0,5,0,0,0,5,0,5
Tiermedizin,LU,EFZ,5,0,5,0,0,0,5,0,5
Tiermedizin,LU,EBA,0,0,0,0,0,0,0,0,0
Tiermedizin,LU,nReglementiert,0,0,0,0,0,0,0,0,0
Tiermedizin,UR,abt-total,0,0,0,0,0,0,0,0,0
Tiermedizin,UR,EFZ,0,0,0,0,0,0,0,0,0
Tiermedizin,UR,EBA,0,0,0,0,0,0,0,0,0
Tiermedizin,UR,nReglementiert,0,0,0,0,0,0,0,0,0
Tiermedizin,SZ,abt-total,2,0,2,0,0,0,2,0,2
Tiermedizin,SZ,EFZ,2,0,2,0,0,0,2,0,2
Tiermedizin,SZ,EBA,0,0,0,0,0,0,0,0,0
Tiermedizin,SZ,nReglementiert,0,0,0,0,0,0,0,0,0
Tiermedizin,OW,abt-total,0,0,0,0,0,0,0,0,0
Tiermedizin,OW,EFZ,0,0,0,0,0,0,0,0,0
Tiermedizin,OW,EBA,0,0,0,0,0,0,0,0,0
Tiermedizin,OW,nReglementiert,0,0,0,0,0,0,0,0,0
Tiermedizin,NW,abt-total,2,0,2,0,0,0,2,0,2
Tiermedizin,NW,EFZ,2,0,2,0,0,0,2,0,2
Tiermedizin,NW,EBA,0,0,0,0,0,0,0,0,0
Tiermedizin,NW,nReglementiert,0,0,0,0,0,0,0,0,0
Tiermedizin,GL,abt-total,0,0,0,0,0,0,0,0,0
Tiermedizin,GL,EFZ,0,0,0,0,0,0,0,0,0
Tiermedizin,GL,EBA,0,0,0,0,0,0,0,0,0
Tiermedizin,GL,nReglementiert,0,0,0,0,0,0,0,0,0
Tiermedizin,ZG,abt-total,6,0,6,1,0,1,5,0,5
Tiermedizin,ZG,EFZ,6,0,6,1,0,1,5,0,5
Tiermedizin,ZG,EBA,0,0,0,0,0,0,0,0,0
Tiermedizin,ZG,nReglementiert,0,0,0,0,0,0,0,0,0
Tiermedizin,FR,abt-total,6,0,6,0,0,0,6,0,6
Tiermedizin,FR,EFZ,6,0,6,0,0,0,6,0,6
Tiermedizin,FR,EBA,0,0,0,0,0,0,0,0,0
Tiermedizin,FR,nReglementiert,0,0,0,0,0,0,0,0,0
Tiermedizin,SO,abt-total,5,0,5,0,0,0,5,0,5
Tiermedizin,SO,EFZ,5,0,5,0,0,0,5,0,5
Tiermedizin,SO,EBA,0,0,0,0,0,0,0,0,0
Tiermedizin,SO,nReglementiert,0,0,0,0,0,0,0,0,0
Tiermedizin,BS,abt-total,3,0,3,0,0,0,3,0,3
Tiermedizin,BS,EFZ,3,0,3,0,0,0,3,0,3
Tiermedizin,BS,EBA,0,0,0,0,0,0,0,0,0
Tiermedizin,BS,nReglementiert,0,0,0,0,0,0,0,0,0
Tiermedizin,BL,abt-total,5,0,5,0,0,0,5,0,5
Tiermedizin,BL,EFZ,5,0,5,0,0,0,5,0,5
Tiermedizin,BL,EBA,0,0,0,0,0,0,0,0,0
Tiermedizin,Bl,nReglementiert,0,0,0,0,0,0,0,0,0
Tiermedizin,SH,abt-total,2,0,2,0,0,0,2,0,2
Tiermedizin,SH,EFZ,2,0,2,0,0,0,2,0,2
Tiermedizin,SH,EBA,0,0,0,0,0,0,0,0,0
Tiermedizin,SH,nReglementiert,0,0,0,0,0,0,0,0,0
Tiermedizin,AR,abt-total,2,0,2,0,0,0,2,0,2
Tiermedizin,AR,EFZ,2,0,2,0,0,0,2,0,2
Tiermedizin,AR,EBA,0,0,0,0,0,0,0,0,0
Tiermedizin,AR,nReglementiert,0,0,0,0,0,0,0,0,0
Tiermedizin,AI,abt-total,0,0,0,0,0,0,0,0,0
Tiermedizin,AI,EFZ,0,0,0,0,0,0,0,0,0
Tiermedizin,AI,EBA,0,0,0,0,0,0,0,0,0
Tiermedizin,AI,nReglementiert,0,0,0,0,0,0,0,0,0
Tiermedizin,SG,abt-total,8,0,8,0,0,0,8,0,8
Tiermedizin,SG,EFZ,8,0,8,0,0,0,8,0,8
Tiermedizin,SG,EBA,0,0,0,0,0,0,0,0,0
Tiermedizin,SG,nReglementiert,0,0,0,0,0,0,0,0,0
Tiermedizin,GR,abt-total,6,0,6,0,0,0,6,0,6
Tiermedizin,GR,EFZ,6,0,6,0,0,0,6,0,6
Tiermedizin,GR,EBA,0,0,0,0,0,0,0,0,0
Tiermedizin,GR,nReglementiert,0,0,0,0,0,0,0,0,0
Tiermedizin,AG,abt-total,21,0,21,1,0,1,20,0,20
Tiermedizin,AG,EFZ,21,0,21,1,0,1,20,0,20
Tiermedizin,AG,EBA,0,0,0,0,0,0,0,0,0
Tiermedizin,AG,nReglementiert,0,0,0,0,0,0,0,0,0
Tiermedizin,TG,abt-total,6,0,6,0,0,0,6,0,6
Tiermedizin,TG,EFZ,6,0,6,0,0,0,6,0,6
Tiermedizin,TG,EBA,0,0,0,0,0,0,0,0,0
Tiermedizin,TG,nReglementiert,0,0,0,0,0,0,0,0,0
Tiermedizin,TI,abt-total,4,0,4,0,0,0,4,0,4
Tiermedizin,TI,EFZ,4,0,4,0,0,0,4,0,4
Tiermedizin,TI,EBA,0,0,0,0,0,0,0,0,0
Tiermedizin,TI,nReglementiert,0,0,0,0,0,0,0,0,0
Tiermedizin,VD,abt-total,19,0,19,0,0,0,19,0,19
Tiermedizin,VD,EFZ,19,0,19,0,0,0,19,0,19
Tiermedizin,VD,EBA,0,0,0,0,0,0,0,0,0
Tiermedizin,VD,nReglementiert,0,0,0,0,0,0,0,0,0
Tiermedizin,VS,abt-total,5,0,5,0,0,0,5,0,5
Tiermedizin,VS,EFZ,5,0,5,0,0,0,5,0,5
Tiermedizin,VS,EBA,0,0,0,0,0,0,0,0,0
Tiermedizin,VS,nReglementiert,0,0,0,0,0,0,0,0,0
Tiermedizin,NE,abt-total,6,0,6,0,0,0,6,0,6
Tiermedizin,NE,EFZ,6,0,6,0,0,0,6,0,6
Tiermedizin,NE,EBA,0,0,0,0,0,0,0,0,0
Tiermedizin,NE,nReglementiert,0,0,0,0,0,0,0,0,0
Tiermedizin,GE,abt-total,6,0,6,1,0,1,5,0,5
Tiermedizin,GE,EFZ,6,0,6,1,0,1,5,0,5
Tiermedizin,GE,EBA,0,0,0,0,0,0,0,0,0
Tiermedizin,GE,nReglementiert,0,0,0,0,0,0,0,0,0
Tiermedizin,JU,abt-total,3,0,3,1,0,1,2,0,2
Tiermedizin,JU,EFZ,3,0,3,1,0,1,2,0,2
Tiermedizin,JU,EBA,0,0,0,0,0,0,0,0,0
Tiermedizin,JU,nReglementiert,0,0,0,0,0,0,0,0,0
Medizinische Dienste,,abt-total,1353,97,1256,172,2,170,1181,95,1086
Medizinische Dienste,,EFZ,1353,97,1256,172,2,170,1181,95,1086
Medizinische Dienste,,EBA,0,0,0,0,0,0,0,0,0
Medizinische Dienste,,nReglementiert,0,0,0,0,0,0,0,0,0
Medizinische Dienste,ZH,abt-total,234,0,234,24,0,24,210,0,210
Medizinische Dienste,ZH,EFZ,234,0,234,24,0,24,210,0,210
Medizinische Dienste,ZH,EBA,0,0,0,0,0,0,0,0,0
Medizinische Dienste,ZH,nReglementiert,0,0,0,0,0,0,0,0,0
Medizinische Dienste,BE,abt-total,187,0,187,19,0,19,168,0,168
Medizinische Dienste,BE,EFZ,187,0,187,19,0,19,168,0,168
Medizinische Dienste,BE,EBA,0,0,0,0,0,0,0,0,0
Medizinische Dienste,BE,nReglementiert,0,0,0,0,0,0,0,0,0
Medizinische Dienste,LU,abt-total,74,0,74,7,0,7,67,0,67
Medizinische Dienste,LU,EFZ,74,0,74,7,0,7,67,0,67
Medizinische Dienste,LU,EBA,0,0,0,0,0,0,0,0,0
Medizinische Dienste,LU,nReglementiert,0,0,0,0,0,0,0,0,0
Medizinische Dienste,UR,abt-total,8,0,8,0,0,0,8,0,8
Medizinische Dienste,UR,EFZ,8,0,8,0,0,0,8,0,8
Medizinische Dienste,UR,EBA,0,0,0,0,0,0,0,0,0
Medizinische Dienste,UR,nReglementiert,0,0,0,0,0,0,0,0,0
Medizinische Dienste,SZ,abt-total,27,0,27,3,0,3,24,0,24
Medizinische Dienste,SZ,EFZ,27,0,27,3,0,3,24,0,24
Medizinische Dienste,SZ,EBA,0,0,0,0,0,0,0,0,0
Medizinische Dienste,SZ,nReglementiert,0,0,0,0,0,0,0,0,0
Medizinische Dienste,OW,abt-total,9,0,9,0,0,0,9,0,9
Medizinische Dienste,OW,EFZ,9,0,9,0,0,0,9,0,9
Medizinische Dienste,OW,EBA,0,0,0,0,0,0,0,0,0
Medizinische Dienste,OW,nReglementiert,0,0,0,0,0,0,0,0,0
Medizinische Dienste,NW,abt-total,7,0,7,0,0,0,7,0,7
Medizinische Dienste,NW,EFZ,7,0,7,0,0,0,7,0,7
Medizinische Dienste,NW,EBA,0,0,0,0,0,0,0,0,0
Medizinische Dienste,NW,nReglementiert,0,0,0,0,0,0,0,0,0
Medizinische Dienste,GL,abt-total,8,0,8,1,0,1,7,0,7
Medizinische Dienste,GL,EFZ,8,0,8,1,0,1,7,0,7
Medizinische Dienste,GL,EBA,0,0,0,0,0,0,0,0,0
Medizinische Dienste,GL,nReglementiert,0,0,0,0,0,0,0,0,0
Medizinische Dienste,ZG,abt-total,18,0,18,5,0,5,13,0,13
Medizinische Dienste,ZG,EFZ,18,0,18,5,0,5,13,0,13
Medizinische Dienste,ZG,EBA,0,0,0,0,0,0,0,0,0
Medizinische Dienste,ZG,nReglementiert,0,0,0,0,0,0,0,0,0
Medizinische Dienste,FR,abt-total,35,0,35,7,0,7,28,0,28
Medizinische Dienste,FR,EFZ,35,0,35,7,0,7,28,0,28
Medizinische Dienste,FR,EBA,0,0,0,0,0,0,0,0,0
Medizinische Dienste,FR,nReglementiert,0,0,0,0,0,0,0,0,0
Medizinische Dienste,SO,abt-total,35,0,35,5,0,5,30,0,30
Medizinische Dienste,SO,EFZ,35,0,35,5,0,5,30,0,30
Medizinische Dienste,SO,EBA,0,0,0,0,0,0,0,0,0
Medizinische Dienste,SO,nReglementiert,0,0,0,0,0,0,0,0,0
Medizinische Dienste,BS,abt-total,40,0,40,10,0,10,30,0,30
Medizinische Dienste,BS,EFZ,40,0,40,10,0,10,30,0,30
Medizinische Dienste,BS,EBA,0,0,0,0,0,0,0,0,0
Medizinische Dienste,BS,nReglementiert,0,0,0,0,0,0,0,0,0
Medizinische Dienste,BL,abt-total,39,0,39,2,0,2,37,0,37
Medizinische Dienste,BL,EFZ,39,0,39,2,0,2,37,0,37
Medizinische Dienste,BL,EBA,0,0,0,0,0,0,0,0,0
Medizinische Dienste,Bl,nReglementiert,0,0,0,0,0,0,0,0,0
Medizinische Dienste,SH,abt-total,16,0,16,1,0,1,15,0,15
Medizinische Dienste,SH,EFZ,16,0,16,1,0,1,15,0,15
Medizinische Dienste,SH,EBA,0,0,0,0,0,0,0,0,0
Medizinische Dienste,SH,nReglementiert,0,0,0,0,0,0,0,0,0
Medizinische Dienste,AR,abt-total,12,0,12,3,0,3,9,0,9
Medizinische Dienste,AR,EFZ,12,0,12,3,0,3,9,0,9
Medizinische Dienste,AR,EBA,0,0,0,0,0,0,0,0,0
Medizinische Dienste,AR,nReglementiert,0,0,0,0,0,0,0,0,0
Medizinische Dienste,AI,abt-total,4,0,4,0,0,0,4,0,4
Medizinische Dienste,AI,EFZ,4,0,4,0,0,0,4,0,4
Medizinische Dienste,AI,EBA,0,0,0,0,0,0,0,0,0
Medizinische Dienste,AI,nReglementiert,0,0,0,0,0,0,0,0,0
Medizinische Dienste,SG,abt-total,99,0,99,10,0,10,89,0,89
Medizinische Dienste,SG,EFZ,99,0,99,10,0,10,89,0,89
Medizinische Dienste,SG,EBA,0,0,0,0,0,0,0,0,0
Medizinische Dienste,SG,nReglementiert,0,0,0,0,0,0,0,0,0
Medizinische Dienste,GR,abt-total,29,0,29,6,0,6,23,0,23
Medizinische Dienste,GR,EFZ,29,0,29,6,0,6,23,0,23
Medizinische Dienste,GR,EBA,0,0,0,0,0,0,0,0,0
Medizinische Dienste,GR,nReglementiert,0,0,0,0,0,0,0,0,0
Medizinische Dienste,AG,abt-total,115,0,115,9,0,9,106,0,106
Medizinische Dienste,AG,EFZ,115,0,115,9,0,9,106,0,106
Medizinische Dienste,AG,EBA,0,0,0,0,0,0,0,0,0
Medizinische Dienste,AG,nReglementiert,0,0,0,0,0,0,0,0,0
Medizinische Dienste,TG,abt-total,44,0,44,4,0,4,40,0,40
Medizinische Dienste,TG,EFZ,44,0,44,4,0,4,40,0,40
Medizinische Dienste,TG,EBA,0,0,0,0,0,0,0,0,0
Medizinische Dienste,TG,nReglementiert,0,0,0,0,0,0,0,0,0
Medizinische Dienste,TI,abt-total,51,0,51,14,0,14,37,0,37
Medizinische Dienste,TI,EFZ,51,0,51,14,0,14,37,0,37
Medizinische Dienste,TI,EBA,0,0,0,0,0,0,0,0,0
Medizinische Dienste,TI,nReglementiert,0,0,0,0,0,0,0,0,0
Medizinische Dienste,VD,abt-total,113,37,76,16,1,15,97,36,61
Medizinische Dienste,VD,EFZ,113,37,76,16,1,15,97,36,61
Medizinische Dienste,VD,EBA,0,0,0,0,0,0,0,0,0
Medizinische Dienste,VD,nReglementiert,0,0,0,0,0,0,0,0,0
Medizinische Dienste,VS,abt-total,67,43,24,9,1,8,58,42,16
Medizinische Dienste,VS,EFZ,67,43,24,9,1,8,58,42,16
Medizinische Dienste,VS,EBA,0,0,0,0,0,0,0,0,0
Medizinische Dienste,VS,nReglementiert,0,0,0,0,0,0,0,0,0
Medizinische Dienste,NE,abt-total,24,0,24,4,0,4,20,0,20
Medizinische Dienste,NE,EFZ,24,0,24,4,0,4,20,0,20
Medizinische Dienste,NE,EBA,0,0,0,0,0,0,0,0,0
Medizinische Dienste,NE,nReglementiert,0,0,0,0,0,0,0,0,0
Medizinische Dienste,GE,abt-total,52,17,35,12,0,12,40,17,23
Medizinische Dienste,GE,EFZ,52,17,35,12,0,12,40,17,23
Medizinische Dienste,GE,EBA,0,0,0,0,0,0,0,0,0
Medizinische Dienste,GE,nReglementiert,0,0,0,0,0,0,0,0,0
Medizinische Dienste,JU,abt-total,6,0,6,1,0,1,5,0,5
Medizinische Dienste,JU,EFZ,6,0,6,1,0,1,5,0,5
Medizinische Dienste,JU,EBA,0,0,0,0,0,0,0,0,0
Medizinische Dienste,JU,nReglementiert,0,0,0,0,0,0,0,0,0
Krankenpflege,,abt-total,3823,237,3586,417,32,385,3406,205,3201
Krankenpflege,,EFZ,3823,237,3586,417,32,385,3406,205,3201
Krankenpflege,,EBA,0,0,0,0,0,0,0,0,0
Krankenpflege,,nReglementiert,0,0,0,0,0,0,0,0,0
Krankenpflege,ZH,abt-total,625,0,625,78,0,78,547,0,547
Krankenpflege,ZH,EFZ,625,0,625,78,0,78,547,0,547
Krankenpflege,ZH,EBA,0,0,0,0,0,0,0,0,0
Krankenpflege,ZH,nReglementiert,0,0,0,0,0,0,0,0,0
Krankenpflege,BE,abt-total,786,21,765,75,1,74,711,20,691
Krankenpflege,BE,EFZ,786,21,765,75,1,74,711,20,691
Krankenpflege,BE,EBA,0,0,0,0,0,0,0,0,0
Krankenpflege,BE,nReglementiert,0,0,0,0,0,0,0,0,0
Krankenpflege,LU,abt-total,264,0,264,22,0,22,242,0,242
Krankenpflege,LU,EFZ,264,0,264,22,0,22,242,0,242
Krankenpflege,LU,EBA,0,0,0,0,0,0,0,0,0
Krankenpflege,LU,nReglementiert,0,0,0,0,0,0,0,0,0
Krankenpflege,UR,abt-total,27,0,27,0,0,0,27,0,27
Krankenpflege,UR,EFZ,27,0,27,0,0,0,27,0,27
Krankenpflege,UR,EBA,0,0,0,0,0,0,0,0,0
Krankenpflege,UR,nReglementiert,0,0,0,0,0,0,0,0,0
Krankenpflege,SZ,abt-total,60,0,60,2,0,2,58,0,58
Krankenpflege,SZ,EFZ,60,0,60,2,0,2,58,0,58
Krankenpflege,SZ,EBA,0,0,0,0,0,0,0,0,0
Krankenpflege,SZ,nReglementiert,0,0,0,0,0,0,0,0,0
Krankenpflege,OW,abt-total,17,0,17,1,0,1,16,0,16
Krankenpflege,OW,EFZ,17,0,17,1,0,1,16,0,16
Krankenpflege,OW,EBA,0,0,0,0,0,0,0,0,0
Krankenpflege,OW,nReglementiert,0,0,0,0,0,0,0,0,0
Krankenpflege,NW,abt-total,20,0,20,0,0,0,20,0,20
Krankenpflege,NW,EFZ,20,0,20,0,0,0,20,0,20
Krankenpflege,NW,EBA,0,0,0,0,0,0,0,0,0
Krankenpflege,NW,nReglementiert,0,0,0,0,0,0,0,0,0
Krankenpflege,GL,abt-total,25,0,25,1,0,1,24,0,24
Krankenpflege,GL,EFZ,25,0,25,1,0,1,24,0,24
Krankenpflege,GL,EBA,0,0,0,0,0,0,0,0,0
Krankenpflege,GL,nReglementiert,0,0,0,0,0,0,0,0,0
Krankenpflege,ZG,abt-total,43,0,43,1,0,1,42,0,42
Krankenpflege,ZG,EFZ,43,0,43,1,0,1,42,0,42
Krankenpflege,ZG,EBA,0,0,0,0,0,0,0,0,0
Krankenpflege,ZG,nReglementiert,0,0,0,0,0,0,0,0,0
Krankenpflege,FR,abt-total,104,17,87,15,5,10,89,12,77
Krankenpflege,FR,EFZ,104,17,87,15,5,10,89,12,77
Krankenpflege,FR,EBA,0,0,0,0,0,0,0,0,0
Krankenpflege,FR,nReglementiert,0,0,0,0,0,0,0,0,0
Krankenpflege,SO,abt-total,89,0,89,3,0,3,86,0,86
Krankenpflege,SO,EFZ,89,0,89,3,0,3,86,0,86
Krankenpflege,SO,EBA,0,0,0,0,0,0,0,0,0
Krankenpflege,SO,nReglementiert,0,0,0,0,0,0,0,0,0
Krankenpflege,BS,abt-total,105,0,105,19,0,19,86,0,86
Krankenpflege,BS,EFZ,105,0,105,19,0,19,86,0,86
Krankenpflege,BS,EBA,0,0,0,0,0,0,0,0,0
Krankenpflege,BS,nReglementiert,0,0,0,0,0,0,0,0,0
Krankenpflege,BL,abt-total,96,0,96,17,0,17,79,0,79
Krankenpflege,BL,EFZ,96,0,96,17,0,17,79,0,79
Krankenpflege,BL,EBA,0,0,0,0,0,0,0,0,0
Krankenpflege,Bl,nReglementiert,0,0,0,0,0,0,0,0,0
Krankenpflege,SH,abt-total,40,0,40,1,0,1,39,0,39
Krankenpflege,SH,EFZ,40,0,40,1,0,1,39,0,39
Krankenpflege,SH,EBA,0,0,0,0,0,0,0,0,0
Krankenpflege,SH,nReglementiert,0,0,0,0,0,0,0,0,0
Krankenpflege,AR,abt-total,34,0,34,4,0,4,30,0,30
Krankenpflege,AR,EFZ,34,0,34,4,0,4,30,0,30
Krankenpflege,AR,EBA,0,0,0,0,0,0,0,0,0
Krankenpflege,AR,nReglementiert,0,0,0,0,0,0,0,0,0
Krankenpflege,AI,abt-total,4,0,4,0,0,0,4,0,4
Krankenpflege,AI,EFZ,4,0,4,0,0,0,4,0,4
Krankenpflege,AI,EBA,0,0,0,0,0,0,0,0,0
Krankenpflege,AI,nReglementiert,0,0,0,0,0,0,0,0,0
Krankenpflege,SG,abt-total,296,0,296,18,0,18,278,0,278
Krankenpflege,SG,EFZ,296,0,296,18,0,18,278,0,278
Krankenpflege,SG,EBA,0,0,0,0,0,0,0,0,0
Krankenpflege,SG,nReglementiert,0,0,0,0,0,0,0,0,0
Krankenpflege,GR,abt-total,106,0,106,8,0,8,98,0,98
Krankenpflege,GR,EFZ,106,0,106,8,0,8,98,0,98
Krankenpflege,GR,EBA,0,0,0,0,0,0,0,0,0
Krankenpflege,GR,nReglementiert,0,0,0,0,0,0,0,0,0
Krankenpflege,AG,abt-total,286,0,286,22,0,22,264,0,264
Krankenpflege,AG,EFZ,286,0,286,22,0,22,264,0,264
Krankenpflege,AG,EBA,0,0,0,0,0,0,0,0,0
Krankenpflege,AG,nReglementiert,0,0,0,0,0,0,0,0,0
Krankenpflege,TG,abt-total,142,0,142,12,0,12,130,0,130
Krankenpflege,TG,EFZ,142,0,142,12,0,12,130,0,130
Krankenpflege,TG,EBA,0,0,0,0,0,0,0,0,0
Krankenpflege,TG,nReglementiert,0,0,0,0,0,0,0,0,0
Krankenpflege,TI,abt-total,101,1,100,34,0,34,67,1,66
Krankenpflege,TI,EFZ,101,1,100,34,0,34,67,1,66
Krankenpflege,TI,EBA,0,0,0,0,0,0,0,0,0
Krankenpflege,TI,nReglementiert,0,0,0,0,0,0,0,0,0
Krankenpflege,VD,abt-total,259,107,152,36,12,24,223,95,128
Krankenpflege,VD,EFZ,259,107,152,36,12,24,223,95,128
Krankenpflege,VD,EBA,0,0,0,0,0,0,0,0,0
Krankenpflege,VD,nReglementiert,0,0,0,0,0,0,0,0,0
Krankenpflege,VS,abt-total,125,25,100,16,3,13,109,22,87
Krankenpflege,VS,EFZ,125,25,100,16,3,13,109,22,87
Krankenpflege,VS,EBA,0,0,0,0,0,0,0,0,0
Krankenpflege,VS,nReglementiert,0,0,0,0,0,0,0,0,0
Krankenpflege,NE,abt-total,66,17,49,13,2,11,53,15,38
Krankenpflege,NE,EFZ,66,17,49,13,2,11,53,15,38
Krankenpflege,NE,EBA,0,0,0,0,0,0,0,0,0
Krankenpflege,NE,nReglementiert,0,0,0,0,0,0,0,0,0
Krankenpflege,GE,abt-total,73,29,44,15,6,9,58,23,35
Krankenpflege,GE,EFZ,73,29,44,15,6,9,58,23,35
Krankenpflege,GE,EBA,0,0,0,0,0,0,0,0,0
Krankenpflege,GE,nReglementiert,0,0,0,0,0,0,0,0,0
Krankenpflege,JU,abt-total,30,20,10,4,3,1,26,17,9
Krankenpflege,JU,EFZ,30,20,10,4,3,1,26,17,9
Krankenpflege,JU,EBA,0,0,0,0,0,0,0,0,0
Krankenpflege,JU,nReglementiert,0,0,0,0,0,0,0,0,0
Zahnmedizin,,abt-total,1008,0,1008,25,0,25,983,0,983
Zahnmedizin,,EFZ,1008,0,1008,25,0,25,983,0,983
Zahnmedizin,,EBA,0,0,0,0,0,0,0,0,0
Zahnmedizin,,nReglementiert,0,0,0,0,0,0,0,0,0
Zahnmedizin,ZH,abt-total,225,0,225,5,0,5,220,0,220
Zahnmedizin,ZH,EFZ,225,0,225,5,0,5,220,0,220
Zahnmedizin,ZH,EBA,0,0,0,0,0,0,0,0,0
Zahnmedizin,ZH,nReglementiert,0,0,0,0,0,0,0,0,0
Zahnmedizin,BE,abt-total,140,0,140,0,0,0,140,0,140
Zahnmedizin,BE,EFZ,140,0,140,0,0,0,140,0,140
Zahnmedizin,BE,EBA,0,0,0,0,0,0,0,0,0
Zahnmedizin,BE,nReglementiert,0,0,0,0,0,0,0,0,0
Zahnmedizin,LU,abt-total,48,0,48,3,0,3,45,0,45
Zahnmedizin,LU,EFZ,48,0,48,3,0,3,45,0,45
Zahnmedizin,LU,EBA,0,0,0,0,0,0,0,0,0
Zahnmedizin,LU,nReglementiert,0,0,0,0,0,0,0,0,0
Zahnmedizin,UR,abt-total,6,0,6,0,0,0,6,0,6
Zahnmedizin,UR,EFZ,6,0,6,0,0,0,6,0,6
Zahnmedizin,UR,EBA,0,0,0,0,0,0,0,0,0
Zahnmedizin,UR,nReglementiert,0,0,0,0,0,0,0,0,0
Zahnmedizin,SZ,abt-total,18,0,18,2,0,2,16,0,16
Zahnmedizin,SZ,EFZ,18,0,18,2,0,2,16,0,16
Zahnmedizin,SZ,EBA,0,0,0,0,0,0,0,0,0
Zahnmedizin,SZ,nReglementiert,0,0,0,0,0,0,0,0,0
Zahnmedizin,OW,abt-total,3,0,3,0,0,0,3,0,3
Zahnmedizin,OW,EFZ,3,0,3,0,0,0,3,0,3
Zahnmedizin,OW,EBA,0,0,0,0,0,0,0,0,0
Zahnmedizin,OW,nReglementiert,0,0,0,0,0,0,0,0,0
Zahnmedizin,NW,abt-total,5,0,5,0,0,0,5,0,5
Zahnmedizin,NW,EFZ,5,0,5,0,0,0,5,0,5
Zahnmedizin,NW,EBA,0,0,0,0,0,0,0,0,0
Zahnmedizin,NW,nReglementiert,0,0,0,0,0,0,0,0,0
Zahnmedizin,GL,abt-total,7,0,7,0,0,0,7,0,7
Zahnmedizin,GL,EFZ,7,0,7,0,0,0,7,0,7
Zahnmedizin,GL,EBA,0,0,0,0,0,0,0,0,0
Zahnmedizin,GL,nReglementiert,0,0,0,0,0,0,0,0,0
Zahnmedizin,ZG,abt-total,15,0,15,0,0,0,15,0,15
Zahnmedizin,ZG,EFZ,15,0,15,0,0,0,15,0,15
Zahnmedizin,ZG,EBA,0,0,0,0,0,0,0,0,0
Zahnmedizin,ZG,nReglementiert,0,0,0,0,0,0,0,0,0
Zahnmedizin,FR,abt-total,28,0,28,0,0,0,28,0,28
Zahnmedizin,FR,EFZ,28,0,28,0,0,0,28,0,28
Zahnmedizin,FR,EBA,0,0,0,0,0,0,0,0,0
Zahnmedizin,FR,nReglementiert,0,0,0,0,0,0,0,0,0
Zahnmedizin,SO,abt-total,21,0,21,1,0,1,20,0,20
Zahnmedizin,SO,EFZ,21,0,21,1,0,1,20,0,20
Zahnmedizin,SO,EBA,0,0,0,0,0,0,0,0,0
Zahnmedizin,SO,nReglementiert,0,0,0,0,0,0,0,0,0
Zahnmedizin,BS,abt-total,36,0,36,3,0,3,33,0,33
Zahnmedizin,BS,EFZ,36,0,36,3,0,3,33,0,33
Zahnmedizin,BS,EBA,0,0,0,0,0,0,0,0,0
Zahnmedizin,BS,nReglementiert,0,0,0,0,0,0,0,0,0
Zahnmedizin,BL,abt-total,26,0,26,1,0,1,25,0,25
Zahnmedizin,BL,EFZ,26,0,26,1,0,1,25,0,25
Zahnmedizin,BL,EBA,0,0,0,0,0,0,0,0,0
Zahnmedizin,Bl,nReglementiert,0,0,0,0,0,0,0,0,0
Zahnmedizin,SH,abt-total,17,0,17,0,0,0,17,0,17
Zahnmedizin,SH,EFZ,17,0,17,0,0,0,17,0,17
Zahnmedizin,SH,EBA,0,0,0,0,0,0,0,0,0
Zahnmedizin,SH,nReglementiert,0,0,0,0,0,0,0,0,0
Zahnmedizin,AR,abt-total,15,0,15,0,0,0,15,0,15
Zahnmedizin,AR,EFZ,15,0,15,0,0,0,15,0,15
Zahnmedizin,AR,EBA,0,0,0,0,0,0,0,0,0
Zahnmedizin,AR,nReglementiert,0,0,0,0,0,0,0,0,0
Zahnmedizin,AI,abt-total,2,0,2,0,0,0,2,0,2
Zahnmedizin,AI,EFZ,2,0,2,0,0,0,2,0,2
Zahnmedizin,AI,EBA,0,0,0,0,0,0,0,0,0
Zahnmedizin,AI,nReglementiert,0,0,0,0,0,0,0,0,0
Zahnmedizin,SG,abt-total,61,0,61,0,0,0,61,0,61
Zahnmedizin,SG,EFZ,61,0,61,0,0,0,61,0,61
Zahnmedizin,SG,EBA,0,0,0,0,0,0,0,0,0
Zahnmedizin,SG,nReglementiert,0,0,0,0,0,0,0,0,0
Zahnmedizin,GR,abt-total,30,0,30,2,0,2,28,0,28
Zahnmedizin,GR,EFZ,30,0,30,2,0,2,28,0,28
Zahnmedizin,GR,EBA,0,0,0,0,0,0,0,0,0
Zahnmedizin,GR,nReglementiert,0,0,0,0,0,0,0,0,0
Zahnmedizin,AG,abt-total,74,0,74,3,0,3,71,0,71
Zahnmedizin,AG,EFZ,74,0,74,3,0,3,71,0,71
Zahnmedizin,AG,EBA,0,0,0,0,0,0,0,0,0
Zahnmedizin,AG,nReglementiert,0,0,0,0,0,0,0,0,0
Zahnmedizin,TG,abt-total,26,0,26,0,0,0,26,0,26
Zahnmedizin,TG,EFZ,26,0,26,0,0,0,26,0,26
Zahnmedizin,TG,EBA,0,0,0,0,0,0,0,0,0
Zahnmedizin,TG,nReglementiert,0,0,0,0,0,0,0,0,0
Zahnmedizin,TI,abt-total,26,0,26,0,0,0,26,0,26
Zahnmedizin,TI,EFZ,26,0,26,0,0,0,26,0,26
Zahnmedizin,TI,EBA,0,0,0,0,0,0,0,0,0
Zahnmedizin,TI,nReglementiert,0,0,0,0,0,0,0,0,0
Zahnmedizin,VD,abt-total,73,0,73,2,0,2,71,0,71
Zahnmedizin,VD,EFZ,73,0,73,2,0,2,71,0,71
Zahnmedizin,VD,EBA,0,0,0,0,0,0,0,0,0
Zahnmedizin,VD,nReglementiert,0,0,0,0,0,0,0,0,0
Zahnmedizin,VS,abt-total,32,0,32,1,0,1,31,0,31
Zahnmedizin,VS,EFZ,32,0,32,1,0,1,31,0,31
Zahnmedizin,VS,EBA,0,0,0,0,0,0,0,0,0
Zahnmedizin,VS,nReglementiert,0,0,0,0,0,0,0,0,0
Zahnmedizin,NE,abt-total,13,0,13,1,0,1,12,0,12
Zahnmedizin,NE,EFZ,13,0,13,1,0,1,12,0,12
Zahnmedizin,NE,EBA,0,0,0,0,0,0,0,0,0
Zahnmedizin,NE,nReglementiert,0,0,0,0,0,0,0,0,0
Zahnmedizin,GE,abt-total,58,0,58,0,0,0,58,0,58
Zahnmedizin,GE,EFZ,58,0,58,0,0,0,58,0,58
Zahnmedizin,GE,EBA,0,0,0,0,0,0,0,0,0
Zahnmedizin,GE,nReglementiert,0,0,0,0,0,0,0,0,0
Zahnmedizin,JU,abt-total,3,0,3,1,0,1,2,0,2
Zahnmedizin,JU,EFZ,3,0,3,1,0,1,2,0,2
Zahnmedizin,JU,EBA,0,0,0,0,0,0,0,0,0
Zahnmedizin,JU,nReglementiert,0,0,0,0,0,0,0,0,0
Sozialarbeit und Beratung,,abt-total,2914,209,2705,425,38,387,2489,171,2318
Sozialarbeit und Beratung,,EFZ,2914,209,2705,425,38,387,2489,171,2318
Sozialarbeit und Beratung,,EBA,0,0,0,0,0,0,0,0,0
Sozialarbeit und Beratung,,nReglementiert,0,0,0,0,0,0,0,0,0
Sozialarbeit und Beratung,ZH,abt-total,796,0,796,94,0,94,702,0,702
Sozialarbeit und Beratung,ZH,EFZ,796,0,796,94,0,94,702,0,702
Sozialarbeit und Beratung,ZH,EBA,0,0,0,0,0,0,0,0,0
Sozialarbeit und Beratung,ZH,nReglementiert,0,0,0,0,0,0,0,0,0
Sozialarbeit und Beratung,BE,abt-total,337,24,313,43,3,40,294,21,273
Sozialarbeit und Beratung,BE,EFZ,337,24,313,43,3,40,294,21,273
Sozialarbeit und Beratung,BE,EBA,0,0,0,0,0,0,0,0,0
Sozialarbeit und Beratung,BE,nReglementiert,0,0,0,0,0,0,0,0,0
Sozialarbeit und Beratung,LU,abt-total,108,0,108,8,0,8,100,0,100
Sozialarbeit und Beratung,LU,EFZ,108,0,108,8,0,8,100,0,100
Sozialarbeit und Beratung,LU,EBA,0,0,0,0,0,0,0,0,0
Sozialarbeit und Beratung,LU,nReglementiert,0,0,0,0,0,0,0,0,0
Sozialarbeit und Beratung,UR,abt-total,13,0,13,0,0,0,13,0,13
Sozialarbeit und Beratung,UR,EFZ,13,0,13,0,0,0,13,0,13
Sozialarbeit und Beratung,UR,EBA,0,0,0,0,0,0,0,0,0
Sozialarbeit und Beratung,UR,nReglementiert,0,0,0,0,0,0,0,0,0
Sozialarbeit und Beratung,SZ,abt-total,33,0,33,5,0,5,28,0,28
Sozialarbeit und Beratung,SZ,EFZ,33,0,33,5,0,5,28,0,28
Sozialarbeit und Beratung,SZ,EBA,0,0,0,0,0,0,0,0,0
Sozialarbeit und Beratung,SZ,nReglementiert,0,0,0,0,0,0,0,0,0
Sozialarbeit und Beratung,OW,abt-total,3,0,3,1,0,1,2,0,2
Sozialarbeit und Beratung,OW,EFZ,3,0,3,1,0,1,2,0,2
Sozialarbeit und Beratung,OW,EBA,0,0,0,0,0,0,0,0,0
Sozialarbeit und Beratung,OW,nReglementiert,0,0,0,0,0,0,0,0,0
Sozialarbeit und Beratung,NW,abt-total,8,0,8,0,0,0,8,0,8
Sozialarbeit und Beratung,NW,EFZ,8,0,8,0,0,0,8,0,8
Sozialarbeit und Beratung,NW,EBA,0,0,0,0,0,0,0,0,0
Sozialarbeit und Beratung,NW,nReglementiert,0,0,0,0,0,0,0,0,0
Sozialarbeit und Beratung,GL,abt-total,9,0,9,2,0,2,7,0,7
Sozialarbeit und Beratung,GL,EFZ,9,0,9,2,0,2,7,0,7
Sozialarbeit und Beratung,GL,EBA,0,0,0,0,0,0,0,0,0
Sozialarbeit und Beratung,GL,nReglementiert,0,0,0,0,0,0,0,0,0
Sozialarbeit und Beratung,ZG,abt-total,49,0,49,1,0,1,48,0,48
Sozialarbeit und Beratung,ZG,EFZ,49,0,49,1,0,1,48,0,48
Sozialarbeit und Beratung,ZG,EBA,0,0,0,0,0,0,0,0,0
Sozialarbeit und Beratung,ZG,nReglementiert,0,0,0,0,0,0,0,0,0
Sozialarbeit und Beratung,FR,abt-total,75,0,75,13,0,13,62,0,62
Sozialarbeit und Beratung,FR,EFZ,75,0,75,13,0,13,62,0,62
Sozialarbeit und Beratung,FR,EBA,0,0,0,0,0,0,0,0,0
Sozialarbeit und Beratung,FR,nReglementiert,0,0,0,0,0,0,0,0,0
Sozialarbeit und Beratung,SO,abt-total,62,0,62,14,0,14,48,0,48
Sozialarbeit und Beratung,SO,EFZ,62,0,62,14,0,14,48,0,48
Sozialarbeit und Beratung,SO,EBA,0,0,0,0,0,0,0,0,0
Sozialarbeit und Beratung,SO,nReglementiert,0,0,0,0,0,0,0,0,0
Sozialarbeit und Beratung,BS,abt-total,122,0,122,16,0,16,106,0,106
Sozialarbeit und Beratung,BS,EFZ,122,0,122,16,0,16,106,0,106
Sozialarbeit und Beratung,BS,EBA,0,0,0,0,0,0,0,0,0
Sozialarbeit und Beratung,BS,nReglementiert,0,0,0,0,0,0,0,0,0
Sozialarbeit und Beratung,BL,abt-total,72,0,72,17,0,17,55,0,55
Sozialarbeit und Beratung,BL,EFZ,72,0,72,17,0,17,55,0,55
Sozialarbeit und Beratung,BL,EBA,0,0,0,0,0,0,0,0,0
Sozialarbeit und Beratung,Bl,nReglementiert,0,0,0,0,0,0,0,0,0
Sozialarbeit und Beratung,SH,abt-total,33,0,33,3,0,3,30,0,30
Sozialarbeit und Beratung,SH,EFZ,33,0,33,3,0,3,30,0,30
Sozialarbeit und Beratung,SH,EBA,0,0,0,0,0,0,0,0,0
Sozialarbeit und Beratung,SH,nReglementiert,0,0,0,0,0,0,0,0,0
Sozialarbeit und Beratung,AR,abt-total,32,0,32,2,0,2,30,0,30
Sozialarbeit und Beratung,AR,EFZ,32,0,32,2,0,2,30,0,30
Sozialarbeit und Beratung,AR,EBA,0,0,0,0,0,0,0,0,0
Sozialarbeit und Beratung,AR,nReglementiert,0,0,0,0,0,0,0,0,0
Sozialarbeit und Beratung,AI,abt-total,3,0,3,0,0,0,3,0,3
Sozialarbeit und Beratung,AI,EFZ,3,0,3,0,0,0,3,0,3
Sozialarbeit und Beratung,AI,EBA,0,0,0,0,0,0,0,0,0
Sozialarbeit und Beratung,AI,nReglementiert,0,0,0,0,0,0,0,0,0
Sozialarbeit und Beratung,SG,abt-total,151,0,151,19,0,19,132,0,132
Sozialarbeit und Beratung,SG,EFZ,151,0,151,19,0,19,132,0,132
Sozialarbeit und Beratung,SG,EBA,0,0,0,0,0,0,0,0,0
Sozialarbeit und Beratung,SG,nReglementiert,0,0,0,0,0,0,0,0,0
Sozialarbeit und Beratung,GR,abt-total,39,0,39,7,0,7,32,0,32
Sozialarbeit und Beratung,GR,EFZ,39,0,39,7,0,7,32,0,32
Sozialarbeit und Beratung,GR,EBA,0,0,0,0,0,0,0,0,0
Sozialarbeit und Beratung,GR,nReglementiert,0,0,0,0,0,0,0,0,0
Sozialarbeit und Beratung,AG,abt-total,160,0,160,16,0,16,144,0,144
Sozialarbeit und Beratung,AG,EFZ,160,0,160,16,0,16,144,0,144
Sozialarbeit und Beratung,AG,EBA,0,0,0,0,0,0,0,0,0
Sozialarbeit und Beratung,AG,nReglementiert,0,0,0,0,0,0,0,0,0
Sozialarbeit und Beratung,TG,abt-total,74,0,74,7,0,7,67,0,67
Sozialarbeit und Beratung,TG,EFZ,74,0,74,7,0,7,67,0,67
Sozialarbeit und Beratung,TG,EBA,0,0,0,0,0,0,0,0,0
Sozialarbeit und Beratung,TG,nReglementiert,0,0,0,0,0,0,0,0,0
Sozialarbeit und Beratung,TI,abt-total,36,0,36,13,0,13,23,0,23
Sozialarbeit und Beratung,TI,EFZ,36,0,36,13,0,13,23,0,23
Sozialarbeit und Beratung,TI,EBA,0,0,0,0,0,0,0,0,0
Sozialarbeit und Beratung,TI,nReglementiert,0,0,0,0,0,0,0,0,0
Sozialarbeit und Beratung,VD,abt-total,335,78,257,63,16,47,272,62,210
Sozialarbeit und Beratung,VD,EFZ,335,78,257,63,16,47,272,62,210
Sozialarbeit und Beratung,VD,EBA,0,0,0,0,0,0,0,0,0
Sozialarbeit und Beratung,VD,nReglementiert,0,0,0,0,0,0,0,0,0
Sozialarbeit und Beratung,VS,abt-total,107,40,67,17,5,12,90,35,55
Sozialarbeit und Beratung,VS,EFZ,107,40,67,17,5,12,90,35,55
Sozialarbeit und Beratung,VS,EBA,0,0,0,0,0,0,0,0,0
Sozialarbeit und Beratung,VS,nReglementiert,0,0,0,0,0,0,0,0,0
Sozialarbeit und Beratung,NE,abt-total,116,20,96,20,1,19,96,19,77
Sozialarbeit und Beratung,NE,EFZ,116,20,96,20,1,19,96,19,77
Sozialarbeit und Beratung,NE,EBA,0,0,0,0,0,0,0,0,0
Sozialarbeit und Beratung,NE,nReglementiert,0,0,0,0,0,0,0,0,0
Sozialarbeit und Beratung,GE,abt-total,110,21,89,38,7,31,72,14,58
Sozialarbeit und Beratung,GE,EFZ,110,21,89,38,7,31,72,14,58
Sozialarbeit und Beratung,GE,EBA,0,0,0,0,0,0,0,0,0
Sozialarbeit und Beratung,GE,nReglementiert,0,0,0,0,0,0,0,0,0
Sozialarbeit und Beratung,JU,abt-total,31,26,5,6,6,0,25,20,5
Sozialarbeit und Beratung,JU,EFZ,31,26,5,6,6,0,25,20,5
Sozialarbeit und Beratung,JU,EBA,0,0,0,0,0,0,0,0,0
Sozialarbeit und Beratung,JU,nReglementiert,0,0,0,0,0,0,0,0,0
Gesundheits- und Sozialwesen o.n.A.,,abt-total,754,0,754,102,0,102,652,0,652
Gesundheits- und Sozialwesen o.n.A.,,EFZ,0,0,0,0,0,0,0,0,0
Gesundheits- und Sozialwesen o.n.A.,,EBA,754,0,754,102,0,102,652,0,652
Gesundheits- und Sozialwesen o.n.A.,,nReglementiert,0,0,0,0,0,0,0,0,0
Gesundheits- und Sozialwesen o.n.A.,ZH,abt-total,133,0,133,15,0,15,118,0,118
Gesundheits- und Sozialwesen o.n.A.,ZH,EFZ,0,0,0,0,0,0,0,0,0
Gesundheits- und Sozialwesen o.n.A.,ZH,EBA,133,0,133,15,0,15,118,0,118
Gesundheits- und Sozialwesen o.n.A.,ZH,nReglementiert,0,0,0,0,0,0,0,0,0
Gesundheits- und Sozialwesen o.n.A.,BE,abt-total,108,0,108,17,0,17,91,0,91
Gesundheits- und Sozialwesen o.n.A.,BE,EFZ,0,0,0,0,0,0,0,0,0
Gesundheits- und Sozialwesen o.n.A.,BE,EBA,108,0,108,17,0,17,91,0,91
Gesundheits- und Sozialwesen o.n.A.,BE,nReglementiert,0,0,0,0,0,0,0,0,0
Gesundheits- und Sozialwesen o.n.A.,LU,abt-total,43,0,43,6,0,6,37,0,37
Gesundheits- und Sozialwesen o.n.A.,LU,EFZ,0,0,0,0,0,0,0,0,0
Gesundheits- und Sozialwesen o.n.A.,LU,EBA,43,0,43,6,0,6,37,0,37
Gesundheits- und Sozialwesen o.n.A.,LU,nReglementiert,0,0,0,0,0,0,0,0,0
Gesundheits- und Sozialwesen o.n.A.,UR,abt-total,1,0,1,0,0,0,1,0,1
Gesundheits- und Sozialwesen o.n.A.,UR,EFZ,0,0,0,0,0,0,0,0,0
Gesundheits- und Sozialwesen o.n.A.,UR,EBA,1,0,1,0,0,0,1,0,1
Gesundheits- und Sozialwesen o.n.A.,UR,nReglementiert,0,0,0,0,0,0,0,0,0
Gesundheits- und Sozialwesen o.n.A.,SZ,abt-total,10,0,10,1,0,1,9,0,9
Gesundheits- und Sozialwesen o.n.A.,SZ,EFZ,0,0,0,0,0,0,0,0,0
Gesundheits- und Sozialwesen o.n.A.,SZ,EBA,10,0,10,1,0,1,9,0,9
Gesundheits- und Sozialwesen o.n.A.,SZ,nReglementiert,0,0,0,0,0,0,0,0,0
Gesundheits- und Sozialwesen o.n.A.,OW,abt-total,1,0,1,0,0,0,1,0,1
Gesundheits- und Sozialwesen o.n.A.,OW,EFZ,0,0,0,0,0,0,0,0,0
Gesundheits- und Sozialwesen o.n.A.,OW,EBA,1,0,1,0,0,0,1,0,1
Gesundheits- und Sozialwesen o.n.A.,OW,nReglementiert,0,0,0,0,0,0,0,0,0
Gesundheits- und Sozialwesen o.n.A.,NW,abt-total,3,0,3,0,0,0,3,0,3
Gesundheits- und Sozialwesen o.n.A.,NW,EFZ,0,0,0,0,0,0,0,0,0
Gesundheits- und Sozialwesen o.n.A.,NW,EBA,3,0,3,0,0,0,3,0,3
Gesundheits- und Sozialwesen o.n.A.,NW,nReglementiert,0,0,0,0,0,0,0,0,0
Gesundheits- und Sozialwesen o.n.A.,GL,abt-total,12,0,12,3,0,3,9,0,9
Gesundheits- und Sozialwesen o.n.A.,GL,EFZ,0,0,0,0,0,0,0,0,0
Gesundheits- und Sozialwesen o.n.A.,GL,EBA,12,0,12,3,0,3,9,0,9
Gesundheits- und Sozialwesen o.n.A.,GL,nReglementiert,0,0,0,0,0,0,0,0,0
Gesundheits- und Sozialwesen o.n.A.,ZG,abt-total,8,0,8,0,0,0,8,0,8
Gesundheits- und Sozialwesen o.n.A.,ZG,EFZ,0,0,0,0,0,0,0,0,0
Gesundheits- und Sozialwesen o.n.A.,ZG,EBA,8,0,8,0,0,0,8,0,8
Gesundheits- und Sozialwesen o.n.A.,ZG,nReglementiert,0,0,0,0,0,0,0,0,0
Gesundheits- und Sozialwesen o.n.A.,FR,abt-total,16,0,16,0,0,0,16,0,16
Gesundheits- und Sozialwesen o.n.A.,FR,EFZ,0,0,0,0,0,0,0,0,0
Gesundheits- und Sozialwesen o.n.A.,FR,EBA,16,0,16,0,0,0,16,0,16
Gesundheits- und Sozialwesen o.n.A.,FR,nReglementiert,0,0,0,0,0,0,0,0,0
Gesundheits- und Sozialwesen o.n.A.,SO,abt-total,26,0,26,2,0,2,24,0,24
Gesundheits- und Sozialwesen o.n.A.,SO,EFZ,0,0,0,0,0,0,0,0,0
Gesundheits- und Sozialwesen o.n.A.,SO,EBA,26,0,26,2,0,2,24,0,24
Gesundheits- und Sozialwesen o.n.A.,SO,nReglementiert,0,0,0,0,0,0,0,0,0
Gesundheits- und Sozialwesen o.n.A.,BS,abt-total,53,0,53,10,0,10,43,0,43
Gesundheits- und Sozialwesen o.n.A.,BS,EFZ,0,0,0,0,0,0,0,0,0
Gesundheits- und Sozialwesen o.n.A.,BS,EBA,53,0,53,10,0,10,43,0,43
Gesundheits- und Sozialwesen o.n.A.,BS,nReglementiert,0,0,0,0,0,0,0,0,0
Gesundheits- und Sozialwesen o.n.A.,BL,abt-total,39,0,39,7,0,7,32,0,32
Gesundheits- und Sozialwesen o.n.A.,BL,EFZ,0,0,0,0,0,0,0,0,0
Gesundheits- und Sozialwesen o.n.A.,BL,EBA,39,0,39,7,0,7,32,0,32
Gesundheits- und Sozialwesen o.n.A.,Bl,nReglementiert,0,0,0,0,0,0,0,0,0
Gesundheits- und Sozialwesen o.n.A.,SH,abt-total,11,0,11,2,0,2,9,0,9
Gesundheits- und Sozialwesen o.n.A.,SH,EFZ,0,0,0,0,0,0,0,0,0
Gesundheits- und Sozialwesen o.n.A.,SH,EBA,11,0,11,2,0,2,9,0,9
Gesundheits- und Sozialwesen o.n.A.,SH,nReglementiert,0,0,0,0,0,0,0,0,0
Gesundheits- und Sozialwesen o.n.A.,AR,abt-total,8,0,8,0,0,0,8,0,8
Gesundheits- und Sozialwesen o.n.A.,AR,EFZ,0,0,0,0,0,0,0,0,0
Gesundheits- und Sozialwesen o.n.A.,AR,EBA,8,0,8,0,0,0,8,0,8
Gesundheits- und Sozialwesen o.n.A.,AR,nReglementiert,0,0,0,0,0,0,0,0,0
Gesundheits- und Sozialwesen o.n.A.,AI,abt-total,0,0,0,0,0,0,0,0,0
Gesundheits- und Sozialwesen o.n.A.,AI,EFZ,0,0,0,0,0,0,0,0,0
Gesundheits- und Sozialwesen o.n.A.,AI,EBA,0,0,0,0,0,0,0,0,0
Gesundheits- und Sozialwesen o.n.A.,AI,nReglementiert,0,0,0,0,0,0,0,0,0
Gesundheits- und Sozialwesen o.n.A.,SG,abt-total,30,0,30,1,0,1,29,0,29
Gesundheits- und Sozialwesen o.n.A.,SG,EFZ,0,0,0,0,0,0,0,0,0
Gesundheits- und Sozialwesen o.n.A.,SG,EBA,30,0,30,1,0,1,29,0,29
Gesundheits- und Sozialwesen o.n.A.,SG,nReglementiert,0,0,0,0,0,0,0,0,0
Gesundheits- und Sozialwesen o.n.A.,GR,abt-total,14,0,14,1,0,1,13,0,13
Gesundheits- und Sozialwesen o.n.A.,GR,EFZ,0,0,0,0,0,0,0,0,0
Gesundheits- und Sozialwesen o.n.A.,GR,EBA,14,0,14,1,0,1,13,0,13
Gesundheits- und Sozialwesen o.n.A.,GR,nReglementiert,0,0,0,0,0,0,0,0,0
Gesundheits- und Sozialwesen o.n.A.,AG,abt-total,88,0,88,8,0,8,80,0,80
Gesundheits- und Sozialwesen o.n.A.,AG,EFZ,0,0,0,0,0,0,0,0,0
Gesundheits- und Sozialwesen o.n.A.,AG,EBA,88,0,88,8,0,8,80,0,80
Gesundheits- und Sozialwesen o.n.A.,AG,nReglementiert,0,0,0,0,0,0,0,0,0
Gesundheits- und Sozialwesen o.n.A.,TG,abt-total,19,0,19,1,0,1,18,0,18
Gesundheits- und Sozialwesen o.n.A.,TG,EFZ,0,0,0,0,0,0,0,0,0
Gesundheits- und Sozialwesen o.n.A.,TG,EBA,19,0,19,1,0,1,18,0,18
Gesundheits- und Sozialwesen o.n.A.,TG,nReglementiert,0,0,0,0,0,0,0,0,0
Gesundheits- und Sozialwesen o.n.A.,TI,abt-total,56,0,56,15,0,15,41,0,41
Gesundheits- und Sozialwesen o.n.A.,TI,EFZ,0,0,0,0,0,0,0,0,0
Gesundheits- und Sozialwesen o.n.A.,TI,EBA,56,0,56,15,0,15,41,0,41
Gesundheits- und Sozialwesen o.n.A.,TI,nReglementiert,0,0,0,0,0,0,0,0,0
Gesundheits- und Sozialwesen o.n.A.,VD,abt-total,26,0,26,6,0,6,20,0,20
Gesundheits- und Sozialwesen o.n.A.,VD,EFZ,0,0,0,0,0,0,0,0,0
Gesundheits- und Sozialwesen o.n.A.,VD,EBA,26,0,26,6,0,6,20,0,20
Gesundheits- und Sozialwesen o.n.A.,VD,nReglementiert,0,0,0,0,0,0,0,0,0
Gesundheits- und Sozialwesen o.n.A.,VS,abt-total,13,0,13,1,0,1,12,0,12
Gesundheits- und Sozialwesen o.n.A.,VS,EFZ,0,0,0,0,0,0,0,0,0
Gesundheits- und Sozialwesen o.n.A.,VS,EBA,13,0,13,1,0,1,12,0,12
Gesundheits- und Sozialwesen o.n.A.,VS,nReglementiert,0,0,0,0,0,0,0,0,0
Gesundheits- und Sozialwesen o.n.A.,NE,abt-total,10,0,10,3,0,3,7,0,7
Gesundheits- und Sozialwesen o.n.A.,NE,EFZ,0,0,0,0,0,0,0,0,0
Gesundheits- und Sozialwesen o.n.A.,NE,EBA,10,0,10,3,0,3,7,0,7
Gesundheits- und Sozialwesen o.n.A.,NE,nReglementiert,0,0,0,0,0,0,0,0,0
Gesundheits- und Sozialwesen o.n.A.,GE,abt-total,17,0,17,3,0,3,14,0,14
Gesundheits- und Sozialwesen o.n.A.,GE,EFZ,0,0,0,0,0,0,0,0,0
Gesundheits- und Sozialwesen o.n.A.,GE,EBA,17,0,17,3,0,3,14,0,14
Gesundheits- und Sozialwesen o.n.A.,GE,nReglementiert,0,0,0,0,0,0,0,0,0
Gesundheits- und Sozialwesen o.n.A.,JU,abt-total,9,0,9,0,0,0,9,0,9
Gesundheits- und Sozialwesen o.n.A.,JU,EFZ,0,0,0,0,0,0,0,0,0
Gesundheits- und Sozialwesen o.n.A.,JU,EBA,9,0,9,0,0,0,9,0,9
Gesundheits- und Sozialwesen o.n.A.,JU,nReglementiert,0,0,0,0,0,0,0,0,0
Gastgewerbe und Catering,,abt-total,3396,6,3390,1647,6,1641,1749,0,1749
Gastgewerbe und Catering,,EFZ,2901,4,2897,1380,4,1376,1521,0,1521
Gastgewerbe und Catering,,EBA,495,2,493,267,2,265,228,0,228
Gastgewerbe und Catering,,nReglementiert,0,0,0,0,0,0,0,0,0
Gastgewerbe und Catering,ZH,abt-total,587,4,583,302,4,298,285,0,285
Gastgewerbe und Catering,ZH,EFZ,508,2,506,262,2,260,246,0,246
Gastgewerbe und Catering,ZH,EBA,79,2,77,40,2,38,39,0,39
Gastgewerbe und Catering,ZH,nReglementiert,0,0,0,0,0,0,0,0,0
Gastgewerbe und Catering,BE,abt-total,520,1,519,224,1,223,296,0,296
Gastgewerbe und Catering,BE,EFZ,434,1,433,177,1,176,257,0,257
Gastgewerbe und Catering,BE,EBA,86,0,86,47,0,47,39,0,39
Gastgewerbe und Catering,BE,nReglementiert,0,0,0,0,0,0,0,0,0
Gastgewerbe und Catering,LU,abt-total,195,0,195,73,0,73,122,0,122
Gastgewerbe und Catering,LU,EFZ,168,0,168,60,0,60,108,0,108
Gastgewerbe und Catering,LU,EBA,27,0,27,13,0,13,14,0,14
Gastgewerbe und Catering,LU,nReglementiert,0,0,0,0,0,0,0,0,0
Gastgewerbe und Catering,UR,abt-total,6,0,6,5,0,5,1,0,1
Gastgewerbe und Catering,UR,EFZ,6,0,6,5,0,5,1,0,1
Gastgewerbe und Catering,UR,EBA,0,0,0,0,0,0,0,0,0
Gastgewerbe und Catering,UR,nReglementiert,0,0,0,0,0,0,0,0,0
Gastgewerbe und Catering,SZ,abt-total,67,0,67,20,0,20,47,0,47
Gastgewerbe und Catering,SZ,EFZ,58,0,58,17,0,17,41,0,41
Gastgewerbe und Catering,SZ,EBA,9,0,9,3,0,3,6,0,6
Gastgewerbe und Catering,SZ,nReglementiert,0,0,0,0,0,0,0,0,0
Gastgewerbe und Catering,OW,abt-total,26,0,26,11,0,11,15,0,15
Gastgewerbe und Catering,OW,EFZ,23,0,23,9,0,9,14,0,14
Gastgewerbe und Catering,OW,EBA,3,0,3,2,0,2,1,0,1
Gastgewerbe und Catering,OW,nReglementiert,0,0,0,0,0,0,0,0,0
Gastgewerbe und Catering,NW,abt-total,28,0,28,8,0,8,20,0,20
Gastgewerbe und Catering,NW,EFZ,24,0,24,7,0,7,17,0,17
Gastgewerbe und Catering,NW,EBA,4,0,4,1,0,1,3,0,3
Gastgewerbe und Catering,NW,nReglementiert,0,0,0,0,0,0,0,0,0
Gastgewerbe und Catering,GL,abt-total,18,0,18,8,0,8,10,0,10
Gastgewerbe und Catering,GL,EFZ,14,0,14,6,0,6,8,0,8
Gastgewerbe und Catering,GL,EBA,4,0,4,2,0,2,2,0,2
Gastgewerbe und Catering,GL,nReglementiert,0,0,0,0,0,0,0,0,0
Gastgewerbe und Catering,ZG,abt-total,49,0,49,19,0,19,30,0,30
Gastgewerbe und Catering,ZG,EFZ,43,0,43,15,0,15,28,0,28
Gastgewerbe und Catering,ZG,EBA,6,0,6,4,0,4,2,0,2
Gastgewerbe und Catering,ZG,nReglementiert,0,0,0,0,0,0,0,0,0
Gastgewerbe und Catering,FR,abt-total,134,0,134,64,0,64,70,0,70
Gastgewerbe und Catering,FR,EFZ,113,0,113,54,0,54,59,0,59
Gastgewerbe und Catering,FR,EBA,21,0,21,10,0,10,11,0,11
Gastgewerbe und Catering,FR,nReglementiert,0,0,0,0,0,0,0,0,0
Gastgewerbe und Catering,SO,abt-total,130,0,130,55,0,55,75,0,75
Gastgewerbe und Catering,SO,EFZ,102,0,102,42,0,42,60,0,60
Gastgewerbe und Catering,SO,EBA,28,0,28,13,0,13,15,0,15
Gastgewerbe und Catering,SO,nReglementiert,0,0,0,0,0,0,0,0,0
Gastgewerbe und Catering,BS,abt-total,99,0,99,59,0,59,40,0,40
Gastgewerbe und Catering,BS,EFZ,77,0,77,44,0,44,33,0,33
Gastgewerbe und Catering,BS,EBA,22,0,22,15,0,15,7,0,7
Gastgewerbe und Catering,BS,nReglementiert,0,0,0,0,0,0,0,0,0
Gastgewerbe und Catering,BL,abt-total,86,0,86,47,0,47,39,0,39
Gastgewerbe und Catering,BL,EFZ,69,0,69,38,0,38,31,0,31
Gastgewerbe und Catering,BL,EBA,17,0,17,9,0,9,8,0,8
Gastgewerbe und Catering,Bl,nReglementiert,0,0,0,0,0,0,0,0,0
Gastgewerbe und Catering,SH,abt-total,53,0,53,26,0,26,27,0,27
Gastgewerbe und Catering,SH,EFZ,44,0,44,20,0,20,24,0,24
Gastgewerbe und Catering,SH,EBA,9,0,9,6,0,6,3,0,3
Gastgewerbe und Catering,SH,nReglementiert,0,0,0,0,0,0,0,0,0
Gastgewerbe und Catering,AR,abt-total,36,0,36,15,0,15,21,0,21
Gastgewerbe und Catering,AR,EFZ,33,0,33,13,0,13,20,0,20
Gastgewerbe und Catering,AR,EBA,3,0,3,2,0,2,1,0,1
Gastgewerbe und Catering,AR,nReglementiert,0,0,0,0,0,0,0,0,0
Gastgewerbe und Catering,AI,abt-total,12,0,12,4,0,4,8,0,8
Gastgewerbe und Catering,AI,EFZ,12,0,12,4,0,4,8,0,8
Gastgewerbe und Catering,AI,EBA,0,0,0,0,0,0,0,0,0
Gastgewerbe und Catering,AI,nReglementiert,0,0,0,0,0,0,0,0,0
Gastgewerbe und Catering,SG,abt-total,214,0,214,88,0,88,126,0,126
Gastgewerbe und Catering,SG,EFZ,191,0,191,77,0,77,114,0,114
Gastgewerbe und Catering,SG,EBA,23,0,23,11,0,11,12,0,12
Gastgewerbe und Catering,SG,nReglementiert,0,0,0,0,0,0,0,0,0
Gastgewerbe und Catering,GR,abt-total,140,0,140,51,0,51,89,0,89
Gastgewerbe und Catering,GR,EFZ,124,0,124,46,0,46,78,0,78
Gastgewerbe und Catering,GR,EBA,16,0,16,5,0,5,11,0,11
Gastgewerbe und Catering,GR,nReglementiert,0,0,0,0,0,0,0,0,0
Gastgewerbe und Catering,AG,abt-total,212,0,212,104,0,104,108,0,108
Gastgewerbe und Catering,AG,EFZ,186,0,186,89,0,89,97,0,97
Gastgewerbe und Catering,AG,EBA,26,0,26,15,0,15,11,0,11
Gastgewerbe und Catering,AG,nReglementiert,0,0,0,0,0,0,0,0,0
Gastgewerbe und Catering,TG,abt-total,103,0,103,52,0,52,51,0,51
Gastgewerbe und Catering,TG,EFZ,94,0,94,47,0,47,47,0,47
Gastgewerbe und Catering,TG,EBA,9,0,9,5,0,5,4,0,4
Gastgewerbe und Catering,TG,nReglementiert,0,0,0,0,0,0,0,0,0
Gastgewerbe und Catering,TI,abt-total,101,0,101,66,0,66,35,0,35
Gastgewerbe und Catering,TI,EFZ,82,0,82,53,0,53,29,0,29
Gastgewerbe und Catering,TI,EBA,19,0,19,13,0,13,6,0,6
Gastgewerbe und Catering,TI,nReglementiert,0,0,0,0,0,0,0,0,0
Gastgewerbe und Catering,VD,abt-total,253,0,253,146,0,146,107,0,107
Gastgewerbe und Catering,VD,EFZ,227,0,227,130,0,130,97,0,97
Gastgewerbe und Catering,VD,EBA,26,0,26,16,0,16,10,0,10
Gastgewerbe und Catering,VD,nReglementiert,0,0,0,0,0,0,0,0,0
Gastgewerbe und Catering,VS,abt-total,121,1,120,65,1,64,56,0,56
Gastgewerbe und Catering,VS,EFZ,103,1,102,56,1,55,47,0,47
Gastgewerbe und Catering,VS,EBA,18,0,18,9,0,9,9,0,9
Gastgewerbe und Catering,VS,nReglementiert,0,0,0,0,0,0,0,0,0
Gastgewerbe und Catering,NE,abt-total,88,0,88,56,0,56,32,0,32
Gastgewerbe und Catering,NE,EFZ,82,0,82,53,0,53,29,0,29
Gastgewerbe und Catering,NE,EBA,6,0,6,3,0,3,3,0,3
Gastgewerbe und Catering,NE,nReglementiert,0,0,0,0,0,0,0,0,0
Gastgewerbe und Catering,GE,abt-total,98,0,98,66,0,66,32,0,32
Gastgewerbe und Catering,GE,EFZ,65,0,65,44,0,44,21,0,21
Gastgewerbe und Catering,GE,EBA,33,0,33,22,0,22,11,0,11
Gastgewerbe und Catering,GE,nReglementiert,0,0,0,0,0,0,0,0,0
Gastgewerbe und Catering,JU,abt-total,20,0,20,13,0,13,7,0,7
Gastgewerbe und Catering,JU,EFZ,19,0,19,12,0,12,7,0,7
Gastgewerbe und Catering,JU,EBA,1,0,1,1,0,1,0,0,0
Gastgewerbe und Catering,JU,nReglementiert,0,0,0,0,0,0,0,0,0
"Reisebüros, Fremdenverkehrgewerbe und Freizeitindustrie",,abt-total,40,39,1,7,6,1,33,33,0
"Reisebüros, Fremdenverkehrgewerbe und Freizeitindustrie",,EFZ,0,0,0,0,0,0,0,0,0
"Reisebüros, Fremdenverkehrgewerbe und Freizeitindustrie",,EBA,0,0,0,0,0,0,0,0,0
"Reisebüros, Fremdenverkehrgewerbe und Freizeitindustrie",,nReglementiert,40,39,1,7,6,1,33,33,0
"Reisebüros, Fremdenverkehrgewerbe und Freizeitindustrie",ZH,abt-total,0,0,0,0,0,0,0,0,0
"Reisebüros, Fremdenverkehrgewerbe und Freizeitindustrie",ZH,EFZ,0,0,0,0,0,0,0,0,0
"Reisebüros, Fremdenverkehrgewerbe und Freizeitindustrie",ZH,EBA,0,0,0,0,0,0,0,0,0
"Reisebüros, Fremdenverkehrgewerbe und Freizeitindustrie",ZH,nReglementiert,0,0,0,0,0,0,0,0,0
"Reisebüros, Fremdenverkehrgewerbe und Freizeitindustrie",BE,abt-total,0,0,0,0,0,0,0,0,0
"Reisebüros, Fremdenverkehrgewerbe und Freizeitindustrie",BE,EFZ,0,0,0,0,0,0,0,0,0
"Reisebüros, Fremdenverkehrgewerbe und Freizeitindustrie",BE,EBA,0,0,0,0,0,0,0,0,0
"Reisebüros, Fremdenverkehrgewerbe und Freizeitindustrie",BE,nReglementiert,0,0,0,0,0,0,0,0,0
"Reisebüros, Fremdenverkehrgewerbe und Freizeitindustrie",LU,abt-total,0,0,0,0,0,0,0,0,0
"Reisebüros, Fremdenverkehrgewerbe und Freizeitindustrie",LU,EFZ,0,0,0,0,0,0,0,0,0
"Reisebüros, Fremdenverkehrgewerbe und Freizeitindustrie",LU,EBA,0,0,0,0,0,0,0,0,0
"Reisebüros, Fremdenverkehrgewerbe und Freizeitindustrie",LU,nReglementiert,0,0,0,0,0,0,0,0,0
"Reisebüros, Fremdenverkehrgewerbe und Freizeitindustrie",UR,abt-total,0,0,0,0,0,0,0,0,0
"Reisebüros, Fremdenverkehrgewerbe und Freizeitindustrie",UR,EFZ,0,0,0,0,0,0,0,0,0
"Reisebüros, Fremdenverkehrgewerbe und Freizeitindustrie",UR,EBA,0,0,0,0,0,0,0,0,0
"Reisebüros, Fremdenverkehrgewerbe und Freizeitindustrie",UR,nReglementiert,0,0,0,0,0,0,0,0,0
"Reisebüros, Fremdenverkehrgewerbe und Freizeitindustrie",SZ,abt-total,0,0,0,0,0,0,0,0,0
"Reisebüros, Fremdenverkehrgewerbe und Freizeitindustrie",SZ,EFZ,0,0,0,0,0,0,0,0,0
"Reisebüros, Fremdenverkehrgewerbe und Freizeitindustrie",SZ,EBA,0,0,0,0,0,0,0,0,0
"Reisebüros, Fremdenverkehrgewerbe und Freizeitindustrie",SZ,nReglementiert,0,0,0,0,0,0,0,0,0
"Reisebüros, Fremdenverkehrgewerbe und Freizeitindustrie",OW,abt-total,0,0,0,0,0,0,0,0,0
"Reisebüros, Fremdenverkehrgewerbe und Freizeitindustrie",OW,EFZ,0,0,0,0,0,0,0,0,0
"Reisebüros, Fremdenverkehrgewerbe und Freizeitindustrie",OW,EBA,0,0,0,0,0,0,0,0,0
"Reisebüros, Fremdenverkehrgewerbe und Freizeitindustrie",OW,nReglementiert,0,0,0,0,0,0,0,0,0
"Reisebüros, Fremdenverkehrgewerbe und Freizeitindustrie",NW,abt-total,0,0,0,0,0,0,0,0,0
"Reisebüros, Fremdenverkehrgewerbe und Freizeitindustrie",NW,EFZ,0,0,0,0,0,0,0,0,0
"Reisebüros, Fremdenverkehrgewerbe und Freizeitindustrie",NW,EBA,0,0,0,0,0,0,0,0,0
"Reisebüros, Fremdenverkehrgewerbe und Freizeitindustrie",NW,nReglementiert,0,0,0,0,0,0,0,0,0
"Reisebüros, Fremdenverkehrgewerbe und Freizeitindustrie",GL,abt-total,0,0,0,0,0,0,0,0,0
"Reisebüros, Fremdenverkehrgewerbe und Freizeitindustrie",GL,EFZ,0,0,0,0,0,0,0,0,0
"Reisebüros, Fremdenverkehrgewerbe und Freizeitindustrie",GL,EBA,0,0,0,0,0,0,0,0,0
"Reisebüros, Fremdenverkehrgewerbe und Freizeitindustrie",GL,nReglementiert,0,0,0,0,0,0,0,0,0
"Reisebüros, Fremdenverkehrgewerbe und Freizeitindustrie",ZG,abt-total,0,0,0,0,0,0,0,0,0
"Reisebüros, Fremdenverkehrgewerbe und Freizeitindustrie",ZG,EFZ,0,0,0,0,0,0,0,0,0
"Reisebüros, Fremdenverkehrgewerbe und Freizeitindustrie",ZG,EBA,0,0,0,0,0,0,0,0,0
"Reisebüros, Fremdenverkehrgewerbe und Freizeitindustrie",ZG,nReglementiert,0,0,0,0,0,0,0,0,0
"Reisebüros, Fremdenverkehrgewerbe und Freizeitindustrie",FR,abt-total,0,0,0,0,0,0,0,0,0
"Reisebüros, Fremdenverkehrgewerbe und Freizeitindustrie",FR,EFZ,0,0,0,0,0,0,0,0,0
"Reisebüros, Fremdenverkehrgewerbe und Freizeitindustrie",FR,EBA,0,0,0,0,0,0,0,0,0
"Reisebüros, Fremdenverkehrgewerbe und Freizeitindustrie",FR,nReglementiert,0,0,0,0,0,0,0,0,0
"Reisebüros, Fremdenverkehrgewerbe und Freizeitindustrie",SO,abt-total,0,0,0,0,0,0,0,0,0
"Reisebüros, Fremdenverkehrgewerbe und Freizeitindustrie",SO,EFZ,0,0,0,0,0,0,0,0,0
"Reisebüros, Fremdenverkehrgewerbe und Freizeitindustrie",SO,EBA,0,0,0,0,0,0,0,0,0
"Reisebüros, Fremdenverkehrgewerbe und Freizeitindustrie",SO,nReglementiert,0,0,0,0,0,0,0,0,0
"Reisebüros, Fremdenverkehrgewerbe und Freizeitindustrie",BS,abt-total,0,0,0,0,0,0,0,0,0
"Reisebüros, Fremdenverkehrgewerbe und Freizeitindustrie",BS,EFZ,0,0,0,0,0,0,0,0,0
"Reisebüros, Fremdenverkehrgewerbe und Freizeitindustrie",BS,EBA,0,0,0,0,0,0,0,0,0
"Reisebüros, Fremdenverkehrgewerbe und Freizeitindustrie",BS,nReglementiert,0,0,0,0,0,0,0,0,0
"Reisebüros, Fremdenverkehrgewerbe und Freizeitindustrie",BL,abt-total,0,0,0,0,0,0,0,0,0
"Reisebüros, Fremdenverkehrgewerbe und Freizeitindustrie",BL,EFZ,0,0,0,0,0,0,0,0,0
"Reisebüros, Fremdenverkehrgewerbe und Freizeitindustrie",BL,EBA,0,0,0,0,0,0,0,0,0
"Reisebüros, Fremdenverkehrgewerbe und Freizeitindustrie",Bl,nReglementiert,0,0,0,0,0,0,0,0,0
"Reisebüros, Fremdenverkehrgewerbe und Freizeitindustrie",SH,abt-total,0,0,0,0,0,0,0,0,0
"Reisebüros, Fremdenverkehrgewerbe und Freizeitindustrie",SH,EFZ,0,0,0,0,0,0,0,0,0
"Reisebüros, Fremdenverkehrgewerbe und Freizeitindustrie",SH,EBA,0,0,0,0,0,0,0,0,0
"Reisebüros, Fremdenverkehrgewerbe und Freizeitindustrie",SH,nReglementiert,0,0,0,0,0,0,0,0,0
"Reisebüros, Fremdenverkehrgewerbe und Freizeitindustrie",AR,abt-total,0,0,0,0,0,0,0,0,0
"Reisebüros, Fremdenverkehrgewerbe und Freizeitindustrie",AR,EFZ,0,0,0,0,0,0,0,0,0
"Reisebüros, Fremdenverkehrgewerbe und Freizeitindustrie",AR,EBA,0,0,0,0,0,0,0,0,0
"Reisebüros, Fremdenverkehrgewerbe und Freizeitindustrie",AR,nReglementiert,0,0,0,0,0,0,0,0,0
"Reisebüros, Fremdenverkehrgewerbe und Freizeitindustrie",AI,abt-total,0,0,0,0,0,0,0,0,0
"Reisebüros, Fremdenverkehrgewerbe und Freizeitindustrie",AI,EFZ,0,0,0,0,0,0,0,0,0
"Reisebüros, Fremdenverkehrgewerbe und Freizeitindustrie",AI,EBA,0,0,0,0,0,0,0,0,0
"Reisebüros, Fremdenverkehrgewerbe und Freizeitindustrie",AI,nReglementiert,0,0,0,0,0,0,0,0,0
"Reisebüros, Fremdenverkehrgewerbe und Freizeitindustrie",SG,abt-total,0,0,0,0,0,0,0,0,0
"Reisebüros, Fremdenverkehrgewerbe und Freizeitindustrie",SG,EFZ,0,0,0,0,0,0,0,0,0
"Reisebüros, Fremdenverkehrgewerbe und Freizeitindustrie",SG,EBA,0,0,0,0,0,0,0,0,0
"Reisebüros, Fremdenverkehrgewerbe und Freizeitindustrie",SG,nReglementiert,0,0,0,0,0,0,0,0,0
"Reisebüros, Fremdenverkehrgewerbe und Freizeitindustrie",GR,abt-total,0,0,0,0,0,0,0,0,0
"Reisebüros, Fremdenverkehrgewerbe und Freizeitindustrie",GR,EFZ,0,0,0,0,0,0,0,0,0
"Reisebüros, Fremdenverkehrgewerbe und Freizeitindustrie",GR,EBA,0,0,0,0,0,0,0,0,0
"Reisebüros, Fremdenverkehrgewerbe und Freizeitindustrie",GR,nReglementiert,0,0,0,0,0,0,0,0,0
"Reisebüros, Fremdenverkehrgewerbe und Freizeitindustrie",AG,abt-total,0,0,0,0,0,0,0,0,0
"Reisebüros, Fremdenverkehrgewerbe und Freizeitindustrie",AG,EFZ,0,0,0,0,0,0,0,0,0
"Reisebüros, Fremdenverkehrgewerbe und Freizeitindustrie",AG,EBA,0,0,0,0,0,0,0,0,0
"Reisebüros, Fremdenverkehrgewerbe und Freizeitindustrie",AG,nReglementiert,0,0,0,0,0,0,0,0,0
"Reisebüros, Fremdenverkehrgewerbe und Freizeitindustrie",TG,abt-total,0,0,0,0,0,0,0,0,0
"Reisebüros, Fremdenverkehrgewerbe und Freizeitindustrie",TG,EFZ,0,0,0,0,0,0,0,0,0
"Reisebüros, Fremdenverkehrgewerbe und Freizeitindustrie",TG,EBA,0,0,0,0,0,0,0,0,0
"Reisebüros, Fremdenverkehrgewerbe und Freizeitindustrie",TG,nReglementiert,0,0,0,0,0,0,0,0,0
"Reisebüros, Fremdenverkehrgewerbe und Freizeitindustrie",TI,abt-total,0,0,0,0,0,0,0,0,0
"Reisebüros, Fremdenverkehrgewerbe und Freizeitindustrie",TI,EFZ,0,0,0,0,0,0,0,0,0
"Reisebüros, Fremdenverkehrgewerbe und Freizeitindustrie",TI,EBA,0,0,0,0,0,0,0,0,0
"Reisebüros, Fremdenverkehrgewerbe und Freizeitindustrie",TI,nReglementiert,0,0,0,0,0,0,0,0,0
"Reisebüros, Fremdenverkehrgewerbe und Freizeitindustrie",VD,abt-total,0,0,0,0,0,0,0,0,0
"Reisebüros, Fremdenverkehrgewerbe und Freizeitindustrie",VD,EFZ,0,0,0,0,0,0,0,0,0
"Reisebüros, Fremdenverkehrgewerbe und Freizeitindustrie",VD,EBA,0,0,0,0,0,0,0,0,0
"Reisebüros, Fremdenverkehrgewerbe und Freizeitindustrie",VD,nReglementiert,0,0,0,0,0,0,0,0,0
"Reisebüros, Fremdenverkehrgewerbe und Freizeitindustrie",VS,abt-total,40,39,1,7,6,1,33,33,0
"Reisebüros, Fremdenverkehrgewerbe und Freizeitindustrie",VS,EFZ,0,0,0,0,0,0,0,0,0
"Reisebüros, Fremdenverkehrgewerbe und Freizeitindustrie",VS,EBA,0,0,0,0,0,0,0,0,0
"Reisebüros, Fremdenverkehrgewerbe und Freizeitindustrie",VS,nReglementiert,40,39,1,7,6,1,33,33,0
"Reisebüros, Fremdenverkehrgewerbe und Freizeitindustrie",NE,abt-total,0,0,0,0,0,0,0,0,0
"Reisebüros, Fremdenverkehrgewerbe und Freizeitindustrie",NE,EFZ,0,0,0,0,0,0,0,0,0
"Reisebüros, Fremdenverkehrgewerbe und Freizeitindustrie",NE,EBA,0,0,0,0,0,0,0,0,0
"Reisebüros, Fremdenverkehrgewerbe und Freizeitindustrie",NE,nReglementiert,0,0,0,0,0,0,0,0,0
"Reisebüros, Fremdenverkehrgewerbe und Freizeitindustrie",GE,abt-total,0,0,0,0,0,0,0,0,0
"Reisebüros, Fremdenverkehrgewerbe und Freizeitindustrie",GE,EFZ,0,0,0,0,0,0,0,0,0
"Reisebüros, Fremdenverkehrgewerbe und Freizeitindustrie",GE,EBA,0,0,0,0,0,0,0,0,0
"Reisebüros, Fremdenverkehrgewerbe und Freizeitindustrie",GE,nReglementiert,0,0,0,0,0,0,0,0,0
"Reisebüros, Fremdenverkehrgewerbe und Freizeitindustrie",JU,abt-total,0,0,0,0,0,0,0,0,0
"Reisebüros, Fremdenverkehrgewerbe und Freizeitindustrie",JU,EFZ,0,0,0,0,0,0,0,0,0
"Reisebüros, Fremdenverkehrgewerbe und Freizeitindustrie",JU,EBA,0,0,0,0,0,0,0,0,0
"Reisebüros, Fremdenverkehrgewerbe und Freizeitindustrie",JU,nReglementiert,0,0,0,0,0,0,0,0,0
Sport,,abt-total,91,0,91,62,0,62,29,0,29
Sport,,EFZ,91,0,91,62,0,62,29,0,29
Sport,,EBA,0,0,0,0,0,0,0,0,0
Sport,,nReglementiert,0,0,0,0,0,0,0,0,0
Sport,ZH,abt-total,13,0,13,6,0,6,7,0,7
Sport,ZH,EFZ,13,0,13,6,0,6,7,0,7
Sport,ZH,EBA,0,0,0,0,0,0,0,0,0
Sport,ZH,nReglementiert,0,0,0,0,0,0,0,0,0
Sport,BE,abt-total,4,0,4,4,0,4,0,0,0
Sport,BE,EFZ,4,0,4,4,0,4,0,0,0
Sport,BE,EBA,0,0,0,0,0,0,0,0,0
Sport,BE,nReglementiert,0,0,0,0,0,0,0,0,0
Sport,LU,abt-total,2,0,2,1,0,1,1,0,1
Sport,LU,EFZ,2,0,2,1,0,1,1,0,1
Sport,LU,EBA,0,0,0,0,0,0,0,0,0
Sport,LU,nReglementiert,0,0,0,0,0,0,0,0,0
Sport,UR,abt-total,0,0,0,0,0,0,0,0,0
Sport,UR,EFZ,0,0,0,0,0,0,0,0,0
Sport,UR,EBA,0,0,0,0,0,0,0,0,0
Sport,UR,nReglementiert,0,0,0,0,0,0,0,0,0
Sport,SZ,abt-total,0,0,0,0,0,0,0,0,0
Sport,SZ,EFZ,0,0,0,0,0,0,0,0,0
Sport,SZ,EBA,0,0,0,0,0,0,0,0,0
Sport,SZ,nReglementiert,0,0,0,0,0,0,0,0,0
Sport,OW,abt-total,1,0,1,1,0,1,0,0,0
Sport,OW,EFZ,1,0,1,1,0,1,0,0,0
Sport,OW,EBA,0,0,0,0,0,0,0,0,0
Sport,OW,nReglementiert,0,0,0,0,0,0,0,0,0
Sport,NW,abt-total,0,0,0,0,0,0,0,0,0
Sport,NW,EFZ,0,0,0,0,0,0,0,0,0
Sport,NW,EBA,0,0,0,0,0,0,0,0,0
Sport,NW,nReglementiert,0,0,0,0,0,0,0,0,0
Sport,GL,abt-total,0,0,0,0,0,0,0,0,0
Sport,GL,EFZ,0,0,0,0,0,0,0,0,0
Sport,GL,EBA,0,0,0,0,0,0,0,0,0
Sport,GL,nReglementiert,0,0,0,0,0,0,0,0,0
Sport,ZG,abt-total,0,0,0,0,0,0,0,0,0
Sport,ZG,EFZ,0,0,0,0,0,0,0,0,0
Sport,ZG,EBA,0,0,0,0,0,0,0,0,0
Sport,ZG,nReglementiert,0,0,0,0,0,0,0,0,0
Sport,FR,abt-total,3,0,3,3,0,3,0,0,0
Sport,FR,EFZ,3,0,3,3,0,3,0,0,0
Sport,FR,EBA,0,0,0,0,0,0,0,0,0
Sport,FR,nReglementiert,0,0,0,0,0,0,0,0,0
Sport,SO,abt-total,1,0,1,1,0,1,0,0,0
Sport,SO,EFZ,1,0,1,1,0,1,0,0,0
Sport,SO,EBA,0,0,0,0,0,0,0,0,0
Sport,SO,nReglementiert,0,0,0,0,0,0,0,0,0
Sport,BS,abt-total,8,0,8,5,0,5,3,0,3
Sport,BS,EFZ,8,0,8,5,0,5,3,0,3
Sport,BS,EBA,0,0,0,0,0,0,0,0,0
Sport,BS,nReglementiert,0,0,0,0,0,0,0,0,0
Sport,BL,abt-total,11,0,11,6,0,6,5,0,5
Sport,BL,EFZ,11,0,11,6,0,6,5,0,5
Sport,BL,EBA,0,0,0,0,0,0,0,0,0
Sport,Bl,nReglementiert,0,0,0,0,0,0,0,0,0
Sport,SH,abt-total,0,0,0,0,0,0,0,0,0
Sport,SH,EFZ,0,0,0,0,0,0,0,0,0
Sport,SH,EBA,0,0,0,0,0,0,0,0,0
Sport,SH,nReglementiert,0,0,0,0,0,0,0,0,0
Sport,AR,abt-total,0,0,0,0,0,0,0,0,0
Sport,AR,EFZ,0,0,0,0,0,0,0,0,0
Sport,AR,EBA,0,0,0,0,0,0,0,0,0
Sport,AR,nReglementiert,0,0,0,0,0,0,0,0,0
Sport,AI,abt-total,0,0,0,0,0,0,0,0,0
Sport,AI,EFZ,0,0,0,0,0,0,0,0,0
Sport,AI,EBA,0,0,0,0,0,0,0,0,0
Sport,AI,nReglementiert,0,0,0,0,0,0,0,0,0
Sport,SG,abt-total,0,0,0,0,0,0,0,0,0
Sport,SG,EFZ,0,0,0,0,0,0,0,0,0
Sport,SG,EBA,0,0,0,0,0,0,0,0,0
Sport,SG,nReglementiert,0,0,0,0,0,0,0,0,0
Sport,GR,abt-total,0,0,0,0,0,0,0,0,0
Sport,GR,EFZ,0,0,0,0,0,0,0,0,0
Sport,GR,EBA,0,0,0,0,0,0,0,0,0
Sport,GR,nReglementiert,0,0,0,0,0,0,0,0,0
Sport,AG,abt-total,11,0,11,6,0,6,5,0,5
Sport,AG,EFZ,11,0,11,6,0,6,5,0,5
Sport,AG,EBA,0,0,0,0,0,0,0,0,0
Sport,AG,nReglementiert,0,0,0,0,0,0,0,0,0
Sport,TG,abt-total,1,0,1,0,0,0,1,0,1
Sport,TG,EFZ,1,0,1,0,0,0,1,0,1
Sport,TG,EBA,0,0,0,0,0,0,0,0,0
Sport,TG,nReglementiert,0,0,0,0,0,0,0,0,0
Sport,TI,abt-total,11,0,11,11,0,11,0,0,0
Sport,TI,EFZ,11,0,11,11,0,11,0,0,0
Sport,TI,EBA,0,0,0,0,0,0,0,0,0
Sport,TI,nReglementiert,0,0,0,0,0,0,0,0,0
Sport,VD,abt-total,10,0,10,7,0,7,3,0,3
Sport,VD,EFZ,10,0,10,7,0,7,3,0,3
Sport,VD,EBA,0,0,0,0,0,0,0,0,0
Sport,VD,nReglementiert,0,0,0,0,0,0,0,0,0
Sport,VS,abt-total,2,0,2,2,0,2,0,0,0
Sport,VS,EFZ,2,0,2,2,0,2,0,0,0
Sport,VS,EBA,0,0,0,0,0,0,0,0,0
Sport,VS,nReglementiert,0,0,0,0,0,0,0,0,0
Sport,NE,abt-total,7,0,7,5,0,5,2,0,2
Sport,NE,EFZ,7,0,7,5,0,5,2,0,2
Sport,NE,EBA,0,0,0,0,0,0,0,0,0
Sport,NE,nReglementiert,0,0,0,0,0,0,0,0,0
Sport,GE,abt-total,4,0,4,2,0,2,2,0,2
Sport,GE,EFZ,4,0,4,2,0,2,2,0,2
Sport,GE,EBA,0,0,0,0,0,0,0,0,0
Sport,GE,nReglementiert,0,0,0,0,0,0,0,0,0
Sport,JU,abt-total,2,0,2,2,0,2,0,0,0
Sport,JU,EFZ,2,0,2,2,0,2,0,0,0
Sport,JU,EBA,0,0,0,0,0,0,0,0,0
Sport,JU,nReglementiert,0,0,0,0,0,0,0,0,0
Hauswirtschaftliche Dienste,,abt-total,1787,71,1716,995,4,991,792,67,725
Hauswirtschaftliche Dienste,,EFZ,1475,52,1423,927,3,924,548,49,499
Hauswirtschaftliche Dienste,,EBA,312,19,293,68,1,67,244,18,226
Hauswirtschaftliche Dienste,,nReglementiert,0,0,0,0,0,0,0,0,0
Hauswirtschaftliche Dienste,ZH,abt-total,379,1,378,263,1,262,116,0,116
Hauswirtschaftliche Dienste,ZH,EFZ,323,1,322,248,1,247,75,0,75
Hauswirtschaftliche Dienste,ZH,EBA,56,0,56,15,0,15,41,0,41
Hauswirtschaftliche Dienste,ZH,nReglementiert,0,0,0,0,0,0,0,0,0
Hauswirtschaftliche Dienste,BE,abt-total,185,0,185,95,0,95,90,0,90
Hauswirtschaftliche Dienste,BE,EFZ,156,0,156,92,0,92,64,0,64
Hauswirtschaftliche Dienste,BE,EBA,29,0,29,3,0,3,26,0,26
Hauswirtschaftliche Dienste,BE,nReglementiert,0,0,0,0,0,0,0,0,0
Hauswirtschaftliche Dienste,LU,abt-total,99,0,99,51,0,51,48,0,48
Hauswirtschaftliche Dienste,LU,EFZ,94,0,94,51,0,51,43,0,43
Hauswirtschaftliche Dienste,LU,EBA,5,0,5,0,0,0,5,0,5
Hauswirtschaftliche Dienste,LU,nReglementiert,0,0,0,0,0,0,0,0,0
Hauswirtschaftliche Dienste,UR,abt-total,7,0,7,2,0,2,5,0,5
Hauswirtschaftliche Dienste,UR,EFZ,6,0,6,2,0,2,4,0,4
Hauswirtschaftliche Dienste,UR,EBA,1,0,1,0,0,0,1,0,1
Hauswirtschaftliche Dienste,UR,nReglementiert,0,0,0,0,0,0,0,0,0
Hauswirtschaftliche Dienste,SZ,abt-total,31,0,31,16,0,16,15,0,15
Hauswirtschaftliche Dienste,SZ,EFZ,27,0,27,16,0,16,11,0,11
Hauswirtschaftliche Dienste,SZ,EBA,4,0,4,0,0,0,4,0,4
Hauswirtschaftliche Dienste,SZ,nReglementiert,0,0,0,0,0,0,0,0,0
Hauswirtschaftliche Dienste,OW,abt-total,15,0,15,8,0,8,7,0,7
Hauswirtschaftliche Dienste,OW,EFZ,14,0,14,8,0,8,6,0,6
Hauswirtschaftliche Dienste,OW,EBA,1,0,1,0,0,0,1,0,1
Hauswirtschaftliche Dienste,OW,nReglementiert,0,0,0,0,0,0,0,0,0
Hauswirtschaftliche Dienste,NW,abt-total,10,0,10,6,0,6,4,0,4
Hauswirtschaftliche Dienste,NW,EFZ,8,0,8,6,0,6,2,0,2
Hauswirtschaftliche Dienste,NW,EBA,2,0,2,0,0,0,2,0,2
Hauswirtschaftliche Dienste,NW,nReglementiert,0,0,0,0,0,0,0,0,0
Hauswirtschaftliche Dienste,GL,abt-total,11,0,11,9,0,9,2,0,2
Hauswirtschaftliche Dienste,GL,EFZ,10,0,10,9,0,9,1,0,1
Hauswirtschaftliche Dienste,GL,EBA,1,0,1,0,0,0,1,0,1
Hauswirtschaftliche Dienste,GL,nReglementiert,0,0,0,0,0,0,0,0,0
Hauswirtschaftliche Dienste,ZG,abt-total,46,0,46,20,0,20,26,0,26
Hauswirtschaftliche Dienste,ZG,EFZ,36,0,36,19,0,19,17,0,17
Hauswirtschaftliche Dienste,ZG,EBA,10,0,10,1,0,1,9,0,9
Hauswirtschaftliche Dienste,ZG,nReglementiert,0,0,0,0,0,0,0,0,0
Hauswirtschaftliche Dienste,FR,abt-total,55,0,55,22,0,22,33,0,33
Hauswirtschaftliche Dienste,FR,EFZ,39,0,39,21,0,21,18,0,18
Hauswirtschaftliche Dienste,FR,EBA,16,0,16,1,0,1,15,0,15
Hauswirtschaftliche Dienste,FR,nReglementiert,0,0,0,0,0,0,0,0,0
Hauswirtschaftliche Dienste,SO,abt-total,69,0,69,39,0,39,30,0,30
Hauswirtschaftliche Dienste,SO,EFZ,52,0,52,33,0,33,19,0,19
Hauswirtschaftliche Dienste,SO,EBA,17,0,17,6,0,6,11,0,11
Hauswirtschaftliche Dienste,SO,nReglementiert,0,0,0,0,0,0,0,0,0
Hauswirtschaftliche Dienste,BS,abt-total,47,0,47,27,0,27,20,0,20
Hauswirtschaftliche Dienste,BS,EFZ,30,0,30,24,0,24,6,0,6
Hauswirtschaftliche Dienste,BS,EBA,17,0,17,3,0,3,14,0,14
Hauswirtschaftliche Dienste,BS,nReglementiert,0,0,0,0,0,0,0,0,0
Hauswirtschaftliche Dienste,BL,abt-total,46,0,46,31,0,31,15,0,15
Hauswirtschaftliche Dienste,BL,EFZ,39,0,39,29,0,29,10,0,10
Hauswirtschaftliche Dienste,BL,EBA,7,0,7,2,0,2,5,0,5
Hauswirtschaftliche Dienste,Bl,nReglementiert,0,0,0,0,0,0,0,0,0
Hauswirtschaftliche Dienste,SH,abt-total,28,0,28,17,0,17,11,0,11
Hauswirtschaftliche Dienste,SH,EFZ,21,0,21,17,0,17,4,0,4
Hauswirtschaftliche Dienste,SH,EBA,7,0,7,0,0,0,7,0,7
Hauswirtschaftliche Dienste,SH,nReglementiert,0,0,0,0,0,0,0,0,0
Hauswirtschaftliche Dienste,AR,abt-total,17,0,17,5,0,5,12,0,12
Hauswirtschaftliche Dienste,AR,EFZ,14,0,14,5,0,5,9,0,9
Hauswirtschaftliche Dienste,AR,EBA,3,0,3,0,0,0,3,0,3
Hauswirtschaftliche Dienste,AR,nReglementiert,0,0,0,0,0,0,0,0,0
Hauswirtschaftliche Dienste,AI,abt-total,0,0,0,0,0,0,0,0,0
Hauswirtschaftliche Dienste,AI,EFZ,0,0,0,0,0,0,0,0,0
Hauswirtschaftliche Dienste,AI,EBA,0,0,0,0,0,0,0,0,0
Hauswirtschaftliche Dienste,AI,nReglementiert,0,0,0,0,0,0,0,0,0
Hauswirtschaftliche Dienste,SG,abt-total,106,0,106,50,0,50,56,0,56
Hauswirtschaftliche Dienste,SG,EFZ,83,0,83,47,0,47,36,0,36
Hauswirtschaftliche Dienste,SG,EBA,23,0,23,3,0,3,20,0,20
Hauswirtschaftliche Dienste,SG,nReglementiert,0,0,0,0,0,0,0,0,0
Hauswirtschaftliche Dienste,GR,abt-total,35,0,35,15,0,15,20,0,20
Hauswirtschaftliche Dienste,GR,EFZ,27,0,27,14,0,14,13,0,13
Hauswirtschaftliche Dienste,GR,EBA,8,0,8,1,0,1,7,0,7
Hauswirtschaftliche Dienste,GR,nReglementiert,0,0,0,0,0,0,0,0,0
Hauswirtschaftliche Dienste,AG,abt-total,148,0,148,99,0,99,49,0,49
Hauswirtschaftliche Dienste,AG,EFZ,137,0,137,97,0,97,40,0,40
Hauswirtschaftliche Dienste,AG,EBA,11,0,11,2,0,2,9,0,9
Hauswirtschaftliche Dienste,AG,nReglementiert,0,0,0,0,0,0,0,0,0
Hauswirtschaftliche Dienste,TG,abt-total,50,0,50,24,0,24,26,0,26
Hauswirtschaftliche Dienste,TG,EFZ,40,0,40,23,0,23,17,0,17
Hauswirtschaftliche Dienste,TG,EBA,10,0,10,1,0,1,9,0,9
Hauswirtschaftliche Dienste,TG,nReglementiert,0,0,0,0,0,0,0,0,0
Hauswirtschaftliche Dienste,TI,abt-total,44,0,44,22,0,22,22,0,22
Hauswirtschaftliche Dienste,TI,EFZ,34,0,34,21,0,21,13,0,13
Hauswirtschaftliche Dienste,TI,EBA,10,0,10,1,0,1,9,0,9
Hauswirtschaftliche Dienste,TI,nReglementiert,0,0,0,0,0,0,0,0,0
Hauswirtschaftliche Dienste,VD,abt-total,138,0,138,78,0,78,60,0,60
Hauswirtschaftliche Dienste,VD,EFZ,114,0,114,61,0,61,53,0,53
Hauswirtschaftliche Dienste,VD,EBA,24,0,24,17,0,17,7,0,7
Hauswirtschaftliche Dienste,VD,nReglementiert,0,0,0,0,0,0,0,0,0
Hauswirtschaftliche Dienste,VS,abt-total,64,23,41,19,0,19,45,23,22
Hauswirtschaftliche Dienste,VS,EFZ,42,12,30,17,0,17,25,12,13
Hauswirtschaftliche Dienste,VS,EBA,22,11,11,2,0,2,20,11,9
Hauswirtschaftliche Dienste,VS,nReglementiert,0,0,0,0,0,0,0,0,0
Hauswirtschaftliche Dienste,NE,abt-total,40,0,40,21,0,21,19,0,19
Hauswirtschaftliche Dienste,NE,EFZ,33,0,33,19,0,19,14,0,14
Hauswirtschaftliche Dienste,NE,EBA,7,0,7,2,0,2,5,0,5
Hauswirtschaftliche Dienste,NE,nReglementiert,0,0,0,0,0,0,0,0,0
Hauswirtschaftliche Dienste,GE,abt-total,80,27,53,45,1,44,35,26,9
Hauswirtschaftliche Dienste,GE,EFZ,68,27,41,38,1,37,30,26,4
Hauswirtschaftliche Dienste,GE,EBA,12,0,12,7,0,7,5,0,5
Hauswirtschaftliche Dienste,GE,nReglementiert,0,0,0,0,0,0,0,0,0
Hauswirtschaftliche Dienste,JU,abt-total,37,20,17,11,2,9,26,18,8
Hauswirtschaftliche Dienste,JU,EFZ,28,12,16,10,1,9,18,11,7
Hauswirtschaftliche Dienste,JU,EBA,9,8,1,1,1,0,8,7,1
Hauswirtschaftliche Dienste,JU,nReglementiert,0,0,0,0,0,0,0,0,0
Coiffeurgewerbe und Schönheitspflege,,abt-total,1461,10,1451,133,0,133,1328,10,1318
Coiffeurgewerbe und Schönheitspflege,,EFZ,1316,10,1306,114,0,114,1202,10,1192
Coiffeurgewerbe und Schönheitspflege,,EBA,145,0,145,19,0,19,126,0,126
Coiffeurgewerbe und Schönheitspflege,,nReglementiert,0,0,0,0,0,0,0,0,0
Coiffeurgewerbe und Schönheitspflege,ZH,abt-total,286,0,286,41,0,41,245,0,245
Coiffeurgewerbe und Schönheitspflege,ZH,EFZ,259,0,259,34,0,34,225,0,225
Coiffeurgewerbe und Schönheitspflege,ZH,EBA,27,0,27,7,0,7,20,0,20
Coiffeurgewerbe und Schönheitspflege,ZH,nReglementiert,0,0,0,0,0,0,0,0,0
Coiffeurgewerbe und Schönheitspflege,BE,abt-total,144,0,144,12,0,12,132,0,132
Coiffeurgewerbe und Schönheitspflege,BE,EFZ,136,0,136,12,0,12,124,0,124
Coiffeurgewerbe und Schönheitspflege,BE,EBA,8,0,8,0,0,0,8,0,8
Coiffeurgewerbe und Schönheitspflege,BE,nReglementiert,0,0,0,0,0,0,0,0,0
Coiffeurgewerbe und Schönheitspflege,LU,abt-total,80,0,80,4,0,4,76,0,76
Coiffeurgewerbe und Schönheitspflege,LU,EFZ,65,0,65,3,0,3,62,0,62
Coiffeurgewerbe und Schönheitspflege,LU,EBA,15,0,15,1,0,1,14,0,14
Coiffeurgewerbe und Schönheitspflege,LU,nReglementiert,0,0,0,0,0,0,0,0,0
Coiffeurgewerbe und Schönheitspflege,UR,abt-total,6,0,6,0,0,0,6,0,6
Coiffeurgewerbe und Schönheitspflege,UR,EFZ,6,0,6,0,0,0,6,0,6
Coiffeurgewerbe und Schönheitspflege,UR,EBA,0,0,0,0,0,0,0,0,0
Coiffeurgewerbe und Schönheitspflege,UR,nReglementiert,0,0,0,0,0,0,0,0,0
Coiffeurgewerbe und Schönheitspflege,SZ,abt-total,23,0,23,2,0,2,21,0,21
Coiffeurgewerbe und Schönheitspflege,SZ,EFZ,18,0,18,1,0,1,17,0,17
Coiffeurgewerbe und Schönheitspflege,SZ,EBA,5,0,5,1,0,1,4,0,4
Coiffeurgewerbe und Schönheitspflege,SZ,nReglementiert,0,0,0,0,0,0,0,0,0
Coiffeurgewerbe und Schönheitspflege,OW,abt-total,3,0,3,0,0,0,3,0,3
Coiffeurgewerbe und Schönheitspflege,OW,EFZ,3,0,3,0,0,0,3,0,3
Coiffeurgewerbe und Schönheitspflege,OW,EBA,0,0,0,0,0,0,0,0,0
Coiffeurgewerbe und Schönheitspflege,OW,nReglementiert,0,0,0,0,0,0,0,0,0
Coiffeurgewerbe und Schönheitspflege,NW,abt-total,8,0,8,1,0,1,7,0,7
Coiffeurgewerbe und Schönheitspflege,NW,EFZ,8,0,8,1,0,1,7,0,7
Coiffeurgewerbe und Schönheitspflege,NW,EBA,0,0,0,0,0,0,0,0,0
Coiffeurgewerbe und Schönheitspflege,NW,nReglementiert,0,0,0,0,0,0,0,0,0
Coiffeurgewerbe und Schönheitspflege,GL,abt-total,9,0,9,0,0,0,9,0,9
Coiffeurgewerbe und Schönheitspflege,GL,EFZ,9,0,9,0,0,0,9,0,9
Coiffeurgewerbe und Schönheitspflege,GL,EBA,0,0,0,0,0,0,0,0,0
Coiffeurgewerbe und Schönheitspflege,GL,nReglementiert,0,0,0,0,0,0,0,0,0
Coiffeurgewerbe und Schönheitspflege,ZG,abt-total,22,0,22,1,0,1,21,0,21
Coiffeurgewerbe und Schönheitspflege,ZG,EFZ,20,0,20,1,0,1,19,0,19
Coiffeurgewerbe und Schönheitspflege,ZG,EBA,2,0,2,0,0,0,2,0,2
Coiffeurgewerbe und Schönheitspflege,ZG,nReglementiert,0,0,0,0,0,0,0,0,0
Coiffeurgewerbe und Schönheitspflege,FR,abt-total,49,0,49,5,0,5,44,0,44
Coiffeurgewerbe und Schönheitspflege,FR,EFZ,47,0,47,5,0,5,42,0,42
Coiffeurgewerbe und Schönheitspflege,FR,EBA,2,0,2,0,0,0,2,0,2
Coiffeurgewerbe und Schönheitspflege,FR,nReglementiert,0,0,0,0,0,0,0,0,0
Coiffeurgewerbe und Schönheitspflege,SO,abt-total,35,0,35,0,0,0,35,0,35
Coiffeurgewerbe und Schönheitspflege,SO,EFZ,30,0,30,0,0,0,30,0,30
Coiffeurgewerbe und Schönheitspflege,SO,EBA,5,0,5,0,0,0,5,0,5
Coiffeurgewerbe und Schönheitspflege,SO,nReglementiert,0,0,0,0,0,0,0,0,0
Coiffeurgewerbe und Schönheitspflege,BS,abt-total,42,0,42,6,0,6,36,0,36
Coiffeurgewerbe und Schönheitspflege,BS,EFZ,39,0,39,6,0,6,33,0,33
Coiffeurgewerbe und Schönheitspflege,BS,EBA,3,0,3,0,0,0,3,0,3
Coiffeurgewerbe und Schönheitspflege,BS,nReglementiert,0,0,0,0,0,0,0,0,0
Coiffeurgewerbe und Schönheitspflege,BL,abt-total,29,0,29,3,0,3,26,0,26
Coiffeurgewerbe und Schönheitspflege,BL,EFZ,22,0,22,2,0,2,20,0,20
Coiffeurgewerbe und Schönheitspflege,BL,EBA,7,0,7,1,0,1,6,0,6
Coiffeurgewerbe und Schönheitspflege,Bl,nReglementiert,0,0,0,0,0,0,0,0,0
Coiffeurgewerbe und Schönheitspflege,SH,abt-total,20,0,20,1,0,1,19,0,19
Coiffeurgewerbe und Schönheitspflege,SH,EFZ,17,0,17,1,0,1,16,0,16
Coiffeurgewerbe und Schönheitspflege,SH,EBA,3,0,3,0,0,0,3,0,3
Coiffeurgewerbe und Schönheitspflege,SH,nReglementiert,0,0,0,0,0,0,0,0,0
Coiffeurgewerbe und Schönheitspflege,AR,abt-total,6,0,6,1,0,1,5,0,5
Coiffeurgewerbe und Schönheitspflege,AR,EFZ,6,0,6,1,0,1,5,0,5
Coiffeurgewerbe und Schönheitspflege,AR,EBA,0,0,0,0,0,0,0,0,0
Coiffeurgewerbe und Schönheitspflege,AR,nReglementiert,0,0,0,0,0,0,0,0,0
Coiffeurgewerbe und Schönheitspflege,AI,abt-total,3,0,3,0,0,0,3,0,3
Coiffeurgewerbe und Schönheitspflege,AI,EFZ,2,0,2,0,0,0,2,0,2
Coiffeurgewerbe und Schönheitspflege,AI,EBA,1,0,1,0,0,0,1,0,1
Coiffeurgewerbe und Schönheitspflege,AI,nReglementiert,0,0,0,0,0,0,0,0,0
Coiffeurgewerbe und Schönheitspflege,SG,abt-total,147,0,147,13,0,13,134,0,134
Coiffeurgewerbe und Schönheitspflege,SG,EFZ,123,0,123,8,0,8,115,0,115
Coiffeurgewerbe und Schönheitspflege,SG,EBA,24,0,24,5,0,5,19,0,19
Coiffeurgewerbe und Schönheitspflege,SG,nReglementiert,0,0,0,0,0,0,0,0,0
Coiffeurgewerbe und Schönheitspflege,GR,abt-total,39,0,39,1,0,1,38,0,38
Coiffeurgewerbe und Schönheitspflege,GR,EFZ,38,0,38,1,0,1,37,0,37
Coiffeurgewerbe und Schönheitspflege,GR,EBA,1,0,1,0,0,0,1,0,1
Coiffeurgewerbe und Schönheitspflege,GR,nReglementiert,0,0,0,0,0,0,0,0,0
Coiffeurgewerbe und Schönheitspflege,AG,abt-total,108,0,108,10,0,10,98,0,98
Coiffeurgewerbe und Schönheitspflege,AG,EFZ,93,0,93,7,0,7,86,0,86
Coiffeurgewerbe und Schönheitspflege,AG,EBA,15,0,15,3,0,3,12,0,12
Coiffeurgewerbe und Schönheitspflege,AG,nReglementiert,0,0,0,0,0,0,0,0,0
Coiffeurgewerbe und Schönheitspflege,TG,abt-total,35,0,35,2,0,2,33,0,33
Coiffeurgewerbe und Schönheitspflege,TG,EFZ,32,0,32,2,0,2,30,0,30
Coiffeurgewerbe und Schönheitspflege,TG,EBA,3,0,3,0,0,0,3,0,3
Coiffeurgewerbe und Schönheitspflege,TG,nReglementiert,0,0,0,0,0,0,0,0,0
Coiffeurgewerbe und Schönheitspflege,TI,abt-total,51,0,51,4,0,4,47,0,47
Coiffeurgewerbe und Schönheitspflege,TI,EFZ,47,0,47,4,0,4,43,0,43
Coiffeurgewerbe und Schönheitspflege,TI,EBA,4,0,4,0,0,0,4,0,4
Coiffeurgewerbe und Schönheitspflege,TI,nReglementiert,0,0,0,0,0,0,0,0,0
Coiffeurgewerbe und Schönheitspflege,VD,abt-total,128,10,118,8,0,8,120,10,110
Coiffeurgewerbe und Schönheitspflege,VD,EFZ,119,10,109,8,0,8,111,10,101
Coiffeurgewerbe und Schönheitspflege,VD,EBA,9,0,9,0,0,0,9,0,9
Coiffeurgewerbe und Schönheitspflege,VD,nReglementiert,0,0,0,0,0,0,0,0,0
Coiffeurgewerbe und Schönheitspflege,VS,abt-total,75,0,75,5,0,5,70,0,70
Coiffeurgewerbe und Schönheitspflege,VS,EFZ,73,0,73,5,0,5,68,0,68
Coiffeurgewerbe und Schönheitspflege,VS,EBA,2,0,2,0,0,0,2,0,2
Coiffeurgewerbe und Schönheitspflege,VS,nReglementiert,0,0,0,0,0,0,0,0,0
Coiffeurgewerbe und Schönheitspflege,NE,abt-total,47,0,47,5,0,5,42,0,42
Coiffeurgewerbe und Schönheitspflege,NE,EFZ,46,0,46,4,0,4,42,0,42
Coiffeurgewerbe und Schönheitspflege,NE,EBA,1,0,1,1,0,1,0,0,0
Coiffeurgewerbe und Schönheitspflege,NE,nReglementiert,0,0,0,0,0,0,0,0,0
Coiffeurgewerbe und Schönheitspflege,GE,abt-total,54,0,54,8,0,8,46,0,46
Coiffeurgewerbe und Schönheitspflege,GE,EFZ,46,0,46,8,0,8,38,0,38
Coiffeurgewerbe und Schönheitspflege,GE,EBA,8,0,8,0,0,0,8,0,8
Coiffeurgewerbe und Schönheitspflege,GE,nReglementiert,0,0,0,0,0,0,0,0,0
Coiffeurgewerbe und Schönheitspflege,JU,abt-total,12,0,12,0,0,0,12,0,12
Coiffeurgewerbe und Schönheitspflege,JU,EFZ,12,0,12,0,0,0,12,0,12
Coiffeurgewerbe und Schönheitspflege,JU,EBA,0,0,0,0,0,0,0,0,0
Coiffeurgewerbe und Schönheitspflege,JU,nReglementiert,0,0,0,0,0,0,0,0,0
Verkehrsdienstleistungen,,abt-total,315,0,315,288,0,288,27,0,27
Verkehrsdienstleistungen,,EFZ,308,0,308,281,0,281,27,0,27
Verkehrsdienstleistungen,,EBA,7,0,7,7,0,7,0,0,0
Verkehrsdienstleistungen,,nReglementiert,0,0,0,0,0,0,0,0,0
Verkehrsdienstleistungen,ZH,abt-total,29,0,29,26,0,26,3,0,3
Verkehrsdienstleistungen,ZH,EFZ,29,0,29,26,0,26,3,0,3
Verkehrsdienstleistungen,ZH,EBA,0,0,0,0,0,0,0,0,0
Verkehrsdienstleistungen,ZH,nReglementiert,0,0,0,0,0,0,0,0,0
Verkehrsdienstleistungen,BE,abt-total,46,0,46,43,0,43,3,0,3
Verkehrsdienstleistungen,BE,EFZ,44,0,44,41,0,41,3,0,3
Verkehrsdienstleistungen,BE,EBA,2,0,2,2,0,2,0,0,0
Verkehrsdienstleistungen,BE,nReglementiert,0,0,0,0,0,0,0,0,0
Verkehrsdienstleistungen,LU,abt-total,18,0,18,15,0,15,3,0,3
Verkehrsdienstleistungen,LU,EFZ,18,0,18,15,0,15,3,0,3
Verkehrsdienstleistungen,LU,EBA,0,0,0,0,0,0,0,0,0
Verkehrsdienstleistungen,LU,nReglementiert,0,0,0,0,0,0,0,0,0
Verkehrsdienstleistungen,UR,abt-total,1,0,1,1,0,1,0,0,0
Verkehrsdienstleistungen,UR,EFZ,1,0,1,1,0,1,0,0,0
Verkehrsdienstleistungen,UR,EBA,0,0,0,0,0,0,0,0,0
Verkehrsdienstleistungen,UR,nReglementiert,0,0,0,0,0,0,0,0,0
Verkehrsdienstleistungen,SZ,abt-total,4,0,4,4,0,4,0,0,0
Verkehrsdienstleistungen,SZ,EFZ,4,0,4,4,0,4,0,0,0
Verkehrsdienstleistungen,SZ,EBA,0,0,0,0,0,0,0,0,0
Verkehrsdienstleistungen,SZ,nReglementiert,0,0,0,0,0,0,0,0,0
Verkehrsdienstleistungen,OW,abt-total,1,0,1,1,0,1,0,0,0
Verkehrsdienstleistungen,OW,EFZ,1,0,1,1,0,1,0,0,0
Verkehrsdienstleistungen,OW,EBA,0,0,0,0,0,0,0,0,0
Verkehrsdienstleistungen,OW,nReglementiert,0,0,0,0,0,0,0,0,0
Verkehrsdienstleistungen,NW,abt-total,2,0,2,2,0,2,0,0,0
Verkehrsdienstleistungen,NW,EFZ,2,0,2,2,0,2,0,0,0
Verkehrsdienstleistungen,NW,EBA,0,0,0,0,0,0,0,0,0
Verkehrsdienstleistungen,NW,nReglementiert,0,0,0,0,0,0,0,0,0
Verkehrsdienstleistungen,GL,abt-total,4,0,4,3,0,3,1,0,1
Verkehrsdienstleistungen,GL,EFZ,4,0,4,3,0,3,1,0,1
Verkehrsdienstleistungen,GL,EBA,0,0,0,0,0,0,0,0,0
Verkehrsdienstleistungen,GL,nReglementiert,0,0,0,0,0,0,0,0,0
Verkehrsdienstleistungen,ZG,abt-total,0,0,0,0,0,0,0,0,0
Verkehrsdienstleistungen,ZG,EFZ,0,0,0,0,0,0,0,0,0
Verkehrsdienstleistungen,ZG,EBA,0,0,0,0,0,0,0,0,0
Verkehrsdienstleistungen,ZG,nReglementiert,0,0,0,0,0,0,0,0,0
Verkehrsdienstleistungen,FR,abt-total,22,0,22,22,0,22,0,0,0
Verkehrsdienstleistungen,FR,EFZ,22,0,22,22,0,22,0,0,0
Verkehrsdienstleistungen,FR,EBA,0,0,0,0,0,0,0,0,0
Verkehrsdienstleistungen,FR,nReglementiert,0,0,0,0,0,0,0,0,0
Verkehrsdienstleistungen,SO,abt-total,9,0,9,8,0,8,1,0,1
Verkehrsdienstleistungen,SO,EFZ,9,0,9,8,0,8,1,0,1
Verkehrsdienstleistungen,SO,EBA,0,0,0,0,0,0,0,0,0
Verkehrsdienstleistungen,SO,nReglementiert,0,0,0,0,0,0,0,0,0
Verkehrsdienstleistungen,BS,abt-total,24,0,24,21,0,21,3,0,3
Verkehrsdienstleistungen,BS,EFZ,24,0,24,21,0,21,3,0,3
Verkehrsdienstleistungen,BS,EBA,0,0,0,0,0,0,0,0,0
Verkehrsdienstleistungen,BS,nReglementiert,0,0,0,0,0,0,0,0,0
Verkehrsdienstleistungen,BL,abt-total,12,0,12,12,0,12,0,0,0
Verkehrsdienstleistungen,BL,EFZ,12,0,12,12,0,12,0,0,0
Verkehrsdienstleistungen,BL,EBA,0,0,0,0,0,0,0,0,0
Verkehrsdienstleistungen,Bl,nReglementiert,0,0,0,0,0,0,0,0,0
Verkehrsdienstleistungen,SH,abt-total,7,0,7,7,0,7,0,0,0
Verkehrsdienstleistungen,SH,EFZ,7,0,7,7,0,7,0,0,0
Verkehrsdienstleistungen,SH,EBA,0,0,0,0,0,0,0,0,0
Verkehrsdienstleistungen,SH,nReglementiert,0,0,0,0,0,0,0,0,0
Verkehrsdienstleistungen,AR,abt-total,1,0,1,1,0,1,0,0,0
Verkehrsdienstleistungen,AR,EFZ,1,0,1,1,0,1,0,0,0
Verkehrsdienstleistungen,AR,EBA,0,0,0,0,0,0,0,0,0
Verkehrsdienstleistungen,AR,nReglementiert,0,0,0,0,0,0,0,0,0
Verkehrsdienstleistungen,AI,abt-total,0,0,0,0,0,0,0,0,0
Verkehrsdienstleistungen,AI,EFZ,0,0,0,0,0,0,0,0,0
Verkehrsdienstleistungen,AI,EBA,0,0,0,0,0,0,0,0,0
Verkehrsdienstleistungen,AI,nReglementiert,0,0,0,0,0,0,0,0,0
Verkehrsdienstleistungen,SG,abt-total,27,0,27,24,0,24,3,0,3
Verkehrsdienstleistungen,SG,EFZ,26,0,26,23,0,23,3,0,3
Verkehrsdienstleistungen,SG,EBA,1,0,1,1,0,1,0,0,0
Verkehrsdienstleistungen,SG,nReglementiert,0,0,0,0,0,0,0,0,0
Verkehrsdienstleistungen,GR,abt-total,7,0,7,6,0,6,1,0,1
Verkehrsdienstleistungen,GR,EFZ,7,0,7,6,0,6,1,0,1
Verkehrsdienstleistungen,GR,EBA,0,0,0,0,0,0,0,0,0
Verkehrsdienstleistungen,GR,nReglementiert,0,0,0,0,0,0,0,0,0
Verkehrsdienstleistungen,AG,abt-total,27,0,27,24,0,24,3,0,3
Verkehrsdienstleistungen,AG,EFZ,27,0,27,24,0,24,3,0,3
Verkehrsdienstleistungen,AG,EBA,0,0,0,0,0,0,0,0,0
Verkehrsdienstleistungen,AG,nReglementiert,0,0,0,0,0,0,0,0,0
Verkehrsdienstleistungen,TG,abt-total,3,0,3,2,0,2,1,0,1
Verkehrsdienstleistungen,TG,EFZ,3,0,3,2,0,2,1,0,1
Verkehrsdienstleistungen,TG,EBA,0,0,0,0,0,0,0,0,0
Verkehrsdienstleistungen,TG,nReglementiert,0,0,0,0,0,0,0,0,0
Verkehrsdienstleistungen,TI,abt-total,10,0,10,9,0,9,1,0,1
Verkehrsdienstleistungen,TI,EFZ,10,0,10,9,0,9,1,0,1
Verkehrsdienstleistungen,TI,EBA,0,0,0,0,0,0,0,0,0
Verkehrsdienstleistungen,TI,nReglementiert,0,0,0,0,0,0,0,0,0
Verkehrsdienstleistungen,VD,abt-total,19,0,19,18,0,18,1,0,1
Verkehrsdienstleistungen,VD,EFZ,19,0,19,18,0,18,1,0,1
Verkehrsdienstleistungen,VD,EBA,0,0,0,0,0,0,0,0,0
Verkehrsdienstleistungen,VD,nReglementiert,0,0,0,0,0,0,0,0,0
Verkehrsdienstleistungen,VS,abt-total,30,0,30,27,0,27,3,0,3
Verkehrsdienstleistungen,VS,EFZ,26,0,26,23,0,23,3,0,3
Verkehrsdienstleistungen,VS,EBA,4,0,4,4,0,4,0,0,0
Verkehrsdienstleistungen,VS,nReglementiert,0,0,0,0,0,0,0,0,0
Verkehrsdienstleistungen,NE,abt-total,6,0,6,6,0,6,0,0,0
Verkehrsdienstleistungen,NE,EFZ,6,0,6,6,0,6,0,0,0
Verkehrsdienstleistungen,NE,EBA,0,0,0,0,0,0,0,0,0
Verkehrsdienstleistungen,NE,nReglementiert,0,0,0,0,0,0,0,0,0
Verkehrsdienstleistungen,GE,abt-total,6,0,6,6,0,6,0,0,0
Verkehrsdienstleistungen,GE,EFZ,6,0,6,6,0,6,0,0,0
Verkehrsdienstleistungen,GE,EBA,0,0,0,0,0,0,0,0,0
Verkehrsdienstleistungen,GE,nReglementiert,0,0,0,0,0,0,0,0,0
Verkehrsdienstleistungen,JU,abt-total,0,0,0,0,0,0,0,0,0
Verkehrsdienstleistungen,JU,EFZ,0,0,0,0,0,0,0,0,0
Verkehrsdienstleistungen,JU,EBA,0,0,0,0,0,0,0,0,0
Verkehrsdienstleistungen,JU,nReglementiert,0,0,0,0,0,0,0,0,0
Umweltschutz,,abt-total,39,0,39,38,0,38,1,0,1
Umweltschutz,,EFZ,39,0,39,38,0,38,1,0,1
Umweltschutz,,EBA,0,0,0,0,0,0,0,0,0
Umweltschutz,,nReglementiert,0,0,0,0,0,0,0,0,0
Umweltschutz,ZH,abt-total,8,0,8,8,0,8,0,0,0
Umweltschutz,ZH,EFZ,8,0,8,8,0,8,0,0,0
Umweltschutz,ZH,EBA,0,0,0,0,0,0,0,0,0
Umweltschutz,ZH,nReglementiert,0,0,0,0,0,0,0,0,0
Umweltschutz,BE,abt-total,5,0,5,5,0,5,0,0,0
Umweltschutz,BE,EFZ,5,0,5,5,0,5,0,0,0
Umweltschutz,BE,EBA,0,0,0,0,0,0,0,0,0
Umweltschutz,BE,nReglementiert,0,0,0,0,0,0,0,0,0
Umweltschutz,LU,abt-total,1,0,1,1,0,1,0,0,0
Umweltschutz,LU,EFZ,1,0,1,1,0,1,0,0,0
Umweltschutz,LU,EBA,0,0,0,0,0,0,0,0,0
Umweltschutz,LU,nReglementiert,0,0,0,0,0,0,0,0,0
Umweltschutz,UR,abt-total,2,0,2,2,0,2,0,0,0
Umweltschutz,UR,EFZ,2,0,2,2,0,2,0,0,0
Umweltschutz,UR,EBA,0,0,0,0,0,0,0,0,0
Umweltschutz,UR,nReglementiert,0,0,0,0,0,0,0,0,0
Umweltschutz,SZ,abt-total,1,0,1,1,0,1,0,0,0
Umweltschutz,SZ,EFZ,1,0,1,1,0,1,0,0,0
Umweltschutz,SZ,EBA,0,0,0,0,0,0,0,0,0
Umweltschutz,SZ,nReglementiert,0,0,0,0,0,0,0,0,0
Umweltschutz,OW,abt-total,0,0,0,0,0,0,0,0,0
Umweltschutz,OW,EFZ,0,0,0,0,0,0,0,0,0
Umweltschutz,OW,EBA,0,0,0,0,0,0,0,0,0
Umweltschutz,OW,nReglementiert,0,0,0,0,0,0,0,0,0
Umweltschutz,NW,abt-total,1,0,1,1,0,1,0,0,0
Umweltschutz,NW,EFZ,1,0,1,1,0,1,0,0,0
Umweltschutz,NW,EBA,0,0,0,0,0,0,0,0,0
Umweltschutz,NW,nReglementiert,0,0,0,0,0,0,0,0,0
Umweltschutz,GL,abt-total,0,0,0,0,0,0,0,0,0
Umweltschutz,GL,EFZ,0,0,0,0,0,0,0,0,0
Umweltschutz,GL,EBA,0,0,0,0,0,0,0,0,0
Umweltschutz,GL,nReglementiert,0,0,0,0,0,0,0,0,0
Umweltschutz,ZG,abt-total,0,0,0,0,0,0,0,0,0
Umweltschutz,ZG,EFZ,0,0,0,0,0,0,0,0,0
Umweltschutz,ZG,EBA,0,0,0,0,0,0,0,0,0
Umweltschutz,ZG,nReglementiert,0,0,0,0,0,0,0,0,0
Umweltschutz,FR,abt-total,0,0,0,0,0,0,0,0,0
Umweltschutz,FR,EFZ,0,0,0,0,0,0,0,0,0
Umweltschutz,FR,EBA,0,0,0,0,0,0,0,0,0
Umweltschutz,FR,nReglementiert,0,0,0,0,0,0,0,0,0
Umweltschutz,SO,abt-total,0,0,0,0,0,0,0,0,0
Umweltschutz,SO,EFZ,0,0,0,0,0,0,0,0,0
Umweltschutz,SO,EBA,0,0,0,0,0,0,0,0,0
Umweltschutz,SO,nReglementiert,0,0,0,0,0,0,0,0,0
Umweltschutz,BS,abt-total,0,0,0,0,0,0,0,0,0
Umweltschutz,BS,EFZ,0,0,0,0,0,0,0,0,0
Umweltschutz,BS,EBA,0,0,0,0,0,0,0,0,0
Umweltschutz,BS,nReglementiert,0,0,0,0,0,0,0,0,0
Umweltschutz,BL,abt-total,1,0,1,1,0,1,0,0,0
Umweltschutz,BL,EFZ,1,0,1,1,0,1,0,0,0
Umweltschutz,BL,EBA,0,0,0,0,0,0,0,0,0
Umweltschutz,Bl,nReglementiert,0,0,0,0,0,0,0,0,0
Umweltschutz,SH,abt-total,1,0,1,1,0,1,0,0,0
Umweltschutz,SH,EFZ,1,0,1,1,0,1,0,0,0
Umweltschutz,SH,EBA,0,0,0,0,0,0,0,0,0
Umweltschutz,SH,nReglementiert,0,0,0,0,0,0,0,0,0
Umweltschutz,AR,abt-total,0,0,0,0,0,0,0,0,0
Umweltschutz,AR,EFZ,0,0,0,0,0,0,0,0,0
Umweltschutz,AR,EBA,0,0,0,0,0,0,0,0,0
Umweltschutz,AR,nReglementiert,0,0,0,0,0,0,0,0,0
Umweltschutz,AI,abt-total,0,0,0,0,0,0,0,0,0
Umweltschutz,AI,EFZ,0,0,0,0,0,0,0,0,0
Umweltschutz,AI,EBA,0,0,0,0,0,0,0,0,0
Umweltschutz,AI,nReglementiert,0,0,0,0,0,0,0,0,0
Umweltschutz,SG,abt-total,6,0,6,5,0,5,1,0,1
Umweltschutz,SG,EFZ,6,0,6,5,0,5,1,0,1
Umweltschutz,SG,EBA,0,0,0,0,0,0,0,0,0
Umweltschutz,SG,nReglementiert,0,0,0,0,0,0,0,0,0
Umweltschutz,GR,abt-total,0,0,0,0,0,0,0,0,0
Umweltschutz,GR,EFZ,0,0,0,0,0,0,0,0,0
Umweltschutz,GR,EBA,0,0,0,0,0,0,0,0,0
Umweltschutz,GR,nReglementiert,0,0,0,0,0,0,0,0,0
Umweltschutz,AG,abt-total,7,0,7,7,0,7,0,0,0
Umweltschutz,AG,EFZ,7,0,7,7,0,7,0,0,0
Umweltschutz,AG,EBA,0,0,0,0,0,0,0,0,0
Umweltschutz,AG,nReglementiert,0,0,0,0,0,0,0,0,0
Umweltschutz,TG,abt-total,1,0,1,1,0,1,0,0,0
Umweltschutz,TG,EFZ,1,0,1,1,0,1,0,0,0
Umweltschutz,TG,EBA,0,0,0,0,0,0,0,0,0
Umweltschutz,TG,nReglementiert,0,0,0,0,0,0,0,0,0
Umweltschutz,TI,abt-total,1,0,1,1,0,1,0,0,0
Umweltschutz,TI,EFZ,1,0,1,1,0,1,0,0,0
Umweltschutz,TI,EBA,0,0,0,0,0,0,0,0,0
Umweltschutz,TI,nReglementiert,0,0,0,0,0,0,0,0,0
Umweltschutz,VD,abt-total,2,0,2,2,0,2,0,0,0
Umweltschutz,VD,EFZ,2,0,2,2,0,2,0,0,0
Umweltschutz,VD,EBA,0,0,0,0,0,0,0,0,0
Umweltschutz,VD,nReglementiert,0,0,0,0,0,0,0,0,0
Umweltschutz,VS,abt-total,0,0,0,0,0,0,0,0,0
Umweltschutz,VS,EFZ,0,0,0,0,0,0,0,0,0
Umweltschutz,VS,EBA,0,0,0,0,0,0,0,0,0
Umweltschutz,VS,nReglementiert,0,0,0,0,0,0,0,0,0
Umweltschutz,NE,abt-total,0,0,0,0,0,0,0,0,0
Umweltschutz,NE,EFZ,0,0,0,0,0,0,0,0,0
Umweltschutz,NE,EBA,0,0,0,0,0,0,0,0,0
Umweltschutz,NE,nReglementiert,0,0,0,0,0,0,0,0,0
Umweltschutz,GE,abt-total,1,0,1,1,0,1,0,0,0
Umweltschutz,GE,EFZ,1,0,1,1,0,1,0,0,0
Umweltschutz,GE,EBA,0,0,0,0,0,0,0,0,0
Umweltschutz,GE,nReglementiert,0,0,0,0,0,0,0,0,0
Umweltschutz,JU,abt-total,1,0,1,1,0,1,0,0,0
Umweltschutz,JU,EFZ,1,0,1,1,0,1,0,0,0
Umweltschutz,JU,EBA,0,0,0,0,0,0,0,0,0
Umweltschutz,JU,nReglementiert,0,0,0,0,0,0,0,0,0
