FeldShort,Ausbildungsfeld,Canton,Ausbildungstyp,Geschlecht_Total,Geschlecht_Vollschulisch,Geschlecht_Dual,Mann_Total,Mann_Vollschulisch,Mann_Dual,Frau_Total,Frau_Vollschulisch,Frau_Dual
Total,Total,,abt-total,78432,7865,70567,44894,4461,40433,33538,3404,30134
Total,Total,,EFZ,71322,7609,63713,40969,4312,36657,30353,3297,27056
Total,Total,,EBA,7077,225,6852,3916,141,3775,3161,84,3077
Total,Total,,nReglementiert,33,31,2,9,8,1,24,23,1
Total,Total,ZH,abt-total,12285,171,12114,6685,115,6570,5600,56,5544
Total,Total,ZH,EFZ,11137,170,10967,6054,114,5940,5083,56,5027
Total,Total,ZH,EBA,1148,1,1147,631,1,630,517,0,517
Total,Total,ZH,nReglementiert,0,0,0,0,0,0,0,0,0
Total,Total,BE,abt-total,10584,919,9665,5890,572,5318,4694,347,4347
Total,Total,BE,EFZ,9583,786,8797,5325,467,4858,4258,319,3939
Total,Total,BE,EBA,1001,133,868,565,105,460,436,28,408
Total,Total,BE,nReglementiert,0,0,0,0,0,0,0,0,0
Total,Total,LU,abt-total,4146,134,4012,2280,52,2228,1866,82,1784
Total,Total,LU,EFZ,3711,134,3577,2058,52,2006,1653,82,1571
Total,Total,LU,EBA,435,0,435,222,0,222,213,0,213
Total,Total,LU,nReglementiert,0,0,0,0,0,0,0,0,0
Total,Total,UR,abt-total,388,0,388,223,0,223,165,0,165
Total,Total,UR,EFZ,374,0,374,216,0,216,158,0,158
Total,Total,UR,EBA,14,0,14,7,0,7,7,0,7
Total,Total,UR,nReglementiert,0,0,0,0,0,0,0,0,0
Total,Total,SZ,abt-total,1249,21,1228,720,10,710,529,11,518
Total,Total,SZ,EFZ,1155,21,1134,671,10,661,484,11,473
Total,Total,SZ,EBA,94,0,94,49,0,49,45,0,45
Total,Total,SZ,nReglementiert,0,0,0,0,0,0,0,0,0
Total,Total,OW,abt-total,390,12,378,241,6,235,149,6,143
Total,Total,OW,EFZ,361,12,349,227,6,221,134,6,128
Total,Total,OW,EBA,29,0,29,14,0,14,15,0,15
Total,Total,OW,nReglementiert,0,0,0,0,0,0,0,0,0
Total,Total,NW,abt-total,397,0,397,221,0,221,176,0,176
Total,Total,NW,EFZ,376,0,376,212,0,212,164,0,164
Total,Total,NW,EBA,21,0,21,9,0,9,12,0,12
Total,Total,NW,nReglementiert,0,0,0,0,0,0,0,0,0
Total,Total,GL,abt-total,418,0,418,255,0,255,163,0,163
Total,Total,GL,EFZ,370,0,370,227,0,227,143,0,143
Total,Total,GL,EBA,48,0,48,28,0,28,20,0,20
Total,Total,GL,nReglementiert,0,0,0,0,0,0,0,0,0
Total,Total,ZG,abt-total,1343,72,1271,759,40,719,584,32,552
Total,Total,ZG,EFZ,1224,64,1160,697,32,665,527,32,495
Total,Total,ZG,EBA,119,8,111,62,8,54,57,0,57
Total,Total,ZG,nReglementiert,0,0,0,0,0,0,0,0,0
Total,Total,FR,abt-total,2880,261,2619,1748,155,1593,1132,106,1026
Total,Total,FR,EFZ,2668,261,2407,1638,155,1483,1030,106,924
Total,Total,FR,EBA,212,0,212,110,0,110,102,0,102
Total,Total,FR,nReglementiert,0,0,0,0,0,0,0,0,0
Total,Total,SO,abt-total,2165,37,2128,1242,21,1221,923,16,907
Total,Total,SO,EFZ,1877,35,1842,1104,21,1083,773,14,759
Total,Total,SO,EBA,288,2,286,138,0,138,150,2,148
Total,Total,SO,nReglementiert,0,0,0,0,0,0,0,0,0
Total,Total,BS,abt-total,2042,71,1971,1046,40,1006,996,31,965
Total,Total,BS,EFZ,1751,66,1685,926,36,890,825,30,795
Total,Total,BS,EBA,291,5,286,120,4,116,171,1,170
Total,Total,BS,nReglementiert,0,0,0,0,0,0,0,0,0
Total,Total,BL,abt-total,2336,206,2130,1441,122,1319,895,84,811
Total,Total,BL,EFZ,2054,206,1848,1280,122,1158,774,84,690
Total,Total,BL,EBA,282,0,282,161,0,161,121,0,121
Total,Total,Bl,nReglementiert,0,0,0,0,0,0,0,0,0
Total,Total,SH,abt-total,886,20,866,514,14,500,372,6,366
Total,Total,SH,EFZ,786,20,766,449,14,435,337,6,331
Total,Total,SH,EBA,100,0,100,65,0,65,35,0,35
Total,Total,SH,nReglementiert,0,0,0,0,0,0,0,0,0
Total,Total,AR,abt-total,474,0,474,240,0,240,234,0,234
Total,Total,AR,EFZ,421,0,421,210,0,210,211,0,211
Total,Total,AR,EBA,53,0,53,30,0,30,23,0,23
Total,Total,AR,nReglementiert,0,0,0,0,0,0,0,0,0
Total,Total,AI,abt-total,152,0,152,79,0,79,73,0,73
Total,Total,AI,EFZ,147,0,147,78,0,78,69,0,69
Total,Total,AI,EBA,5,0,5,1,0,1,4,0,4
Total,Total,AI,nReglementiert,0,0,0,0,0,0,0,0,0
Total,Total,SG,abt-total,5661,135,5526,3184,67,3117,2477,68,2409
Total,Total,SG,EFZ,5145,135,5010,2878,67,2811,2267,68,2199
Total,Total,SG,EBA,516,0,516,306,0,306,210,0,210
Total,Total,SG,nReglementiert,0,0,0,0,0,0,0,0,0
Total,Total,GR,abt-total,1975,12,1963,1124,8,1116,851,4,847
Total,Total,GR,EFZ,1809,10,1799,1028,6,1022,781,4,777
Total,Total,GR,EBA,166,2,164,96,2,94,70,0,70
Total,Total,GR,nReglementiert,0,0,0,0,0,0,0,0,0
Total,Total,AG,abt-total,5825,204,5621,3360,150,3210,2465,54,2411
Total,Total,AG,EFZ,5251,204,5047,3043,150,2893,2208,54,2154
Total,Total,AG,EBA,574,0,574,317,0,317,257,0,257
Total,Total,AG,nReglementiert,0,0,0,0,0,0,0,0,0
Total,Total,TG,abt-total,2416,59,2357,1456,49,1407,960,10,950
Total,Total,TG,EFZ,2173,59,2114,1314,49,1265,859,10,849
Total,Total,TG,EBA,243,0,243,142,0,142,101,0,101
Total,Total,TG,nReglementiert,0,0,0,0,0,0,0,0,0
Total,Total,TI,abt-total,3709,1364,2345,2187,636,1551,1522,728,794
Total,Total,TI,EFZ,3447,1342,2105,2052,632,1420,1395,710,685
Total,Total,TI,EBA,262,22,240,135,4,131,127,18,109
Total,Total,TI,nReglementiert,0,0,0,0,0,0,0,0,0
Total,Total,VD,abt-total,6371,1172,5199,3751,659,3092,2620,513,2107
Total,Total,VD,EFZ,5968,1172,4796,3506,659,2847,2462,513,1949
Total,Total,VD,EBA,403,0,403,245,0,245,158,0,158
Total,Total,VD,nReglementiert,0,0,0,0,0,0,0,0,0
Total,Total,VS,abt-total,3280,612,2668,1975,281,1694,1305,331,974
Total,Total,VS,EFZ,3000,571,2429,1821,272,1549,1179,299,880
Total,Total,VS,EBA,247,10,237,145,1,144,102,9,93
Total,Total,VS,nReglementiert,33,31,2,9,8,1,24,23,1
Total,Total,NE,abt-total,2204,561,1643,1260,334,926,944,227,717
Total,Total,NE,EFZ,2049,561,1488,1175,334,841,874,227,647
Total,Total,NE,EBA,155,0,155,85,0,85,70,0,70
Total,Total,NE,nReglementiert,0,0,0,0,0,0,0,0,0
Total,Total,GE,abt-total,3835,1578,2257,2406,994,1412,1429,584,845
Total,Total,GE,EFZ,3548,1551,1997,2225,985,1240,1323,566,757
Total,Total,GE,EBA,287,27,260,181,9,172,106,18,88
Total,Total,GE,nReglementiert,0,0,0,0,0,0,0,0,0
Total,Total,JU,abt-total,1021,244,777,607,136,471,414,108,306
Total,Total,JU,EFZ,937,229,708,555,129,426,382,100,282
Total,Total,JU,EBA,84,15,69,52,7,45,32,8,24
Total,Total,JU,nReglementiert,0,0,0,0,0,0,0,0,0
Musik_Kunst,Musik und darstellende Kunst,,abt-total,58,37,21,24,13,11,34,24,10
Musik_Kunst,Musik und darstellende Kunst,,EFZ,58,37,21,24,13,11,34,24,10
Musik_Kunst,Musik und darstellende Kunst,,EBA,0,0,0,0,0,0,0,0,0
Musik_Kunst,Musik und darstellende Kunst,,nReglementiert,0,0,0,0,0,0,0,0,0
Musik_Kunst,Musik und darstellende Kunst,ZH,abt-total,20,0,20,10,0,10,10,0,10
Musik_Kunst,Musik und darstellende Kunst,ZH,EFZ,20,0,20,10,0,10,10,0,10
Musik_Kunst,Musik und darstellende Kunst,ZH,EBA,0,0,0,0,0,0,0,0,0
Musik_Kunst,Musik und darstellende Kunst,ZH,nReglementiert,0,0,0,0,0,0,0,0,0
Musik_Kunst,Musik und darstellende Kunst,BE,abt-total,1,0,1,1,0,1,0,0,0
Musik_Kunst,Musik und darstellende Kunst,BE,EFZ,1,0,1,1,0,1,0,0,0
Musik_Kunst,Musik und darstellende Kunst,BE,EBA,0,0,0,0,0,0,0,0,0
Musik_Kunst,Musik und darstellende Kunst,BE,nReglementiert,0,0,0,0,0,0,0,0,0
Musik_Kunst,Musik und darstellende Kunst,LU,abt-total,0,0,0,0,0,0,0,0,0
Musik_Kunst,Musik und darstellende Kunst,LU,EFZ,0,0,0,0,0,0,0,0,0
Musik_Kunst,Musik und darstellende Kunst,LU,EBA,0,0,0,0,0,0,0,0,0
Musik_Kunst,Musik und darstellende Kunst,LU,nReglementiert,0,0,0,0,0,0,0,0,0
Musik_Kunst,Musik und darstellende Kunst,UR,abt-total,0,0,0,0,0,0,0,0,0
Musik_Kunst,Musik und darstellende Kunst,UR,EFZ,0,0,0,0,0,0,0,0,0
Musik_Kunst,Musik und darstellende Kunst,UR,EBA,0,0,0,0,0,0,0,0,0
Musik_Kunst,Musik und darstellende Kunst,UR,nReglementiert,0,0,0,0,0,0,0,0,0
Musik_Kunst,Musik und darstellende Kunst,SZ,abt-total,0,0,0,0,0,0,0,0,0
Musik_Kunst,Musik und darstellende Kunst,SZ,EFZ,0,0,0,0,0,0,0,0,0
Musik_Kunst,Musik und darstellende Kunst,SZ,EBA,0,0,0,0,0,0,0,0,0
Musik_Kunst,Musik und darstellende Kunst,SZ,nReglementiert,0,0,0,0,0,0,0,0,0
Musik_Kunst,Musik und darstellende Kunst,OW,abt-total,0,0,0,0,0,0,0,0,0
Musik_Kunst,Musik und darstellende Kunst,OW,EFZ,0,0,0,0,0,0,0,0,0
Musik_Kunst,Musik und darstellende Kunst,OW,EBA,0,0,0,0,0,0,0,0,0
Musik_Kunst,Musik und darstellende Kunst,OW,nReglementiert,0,0,0,0,0,0,0,0,0
Musik_Kunst,Musik und darstellende Kunst,NW,abt-total,0,0,0,0,0,0,0,0,0
Musik_Kunst,Musik und darstellende Kunst,NW,EFZ,0,0,0,0,0,0,0,0,0
Musik_Kunst,Musik und darstellende Kunst,NW,EBA,0,0,0,0,0,0,0,0,0
Musik_Kunst,Musik und darstellende Kunst,NW,nReglementiert,0,0,0,0,0,0,0,0,0
Musik_Kunst,Musik und darstellende Kunst,GL,abt-total,0,0,0,0,0,0,0,0,0
Musik_Kunst,Musik und darstellende Kunst,GL,EFZ,0,0,0,0,0,0,0,0,0
Musik_Kunst,Musik und darstellende Kunst,GL,EBA,0,0,0,0,0,0,0,0,0
Musik_Kunst,Musik und darstellende Kunst,GL,nReglementiert,0,0,0,0,0,0,0,0,0
Musik_Kunst,Musik und darstellende Kunst,ZG,abt-total,0,0,0,0,0,0,0,0,0
Musik_Kunst,Musik und darstellende Kunst,ZG,EFZ,0,0,0,0,0,0,0,0,0
Musik_Kunst,Musik und darstellende Kunst,ZG,EBA,0,0,0,0,0,0,0,0,0
Musik_Kunst,Musik und darstellende Kunst,ZG,nReglementiert,0,0,0,0,0,0,0,0,0
Musik_Kunst,Musik und darstellende Kunst,FR,abt-total,0,0,0,0,0,0,0,0,0
Musik_Kunst,Musik und darstellende Kunst,FR,EFZ,0,0,0,0,0,0,0,0,0
Musik_Kunst,Musik und darstellende Kunst,FR,EBA,0,0,0,0,0,0,0,0,0
Musik_Kunst,Musik und darstellende Kunst,FR,nReglementiert,0,0,0,0,0,0,0,0,0
Musik_Kunst,Musik und darstellende Kunst,SO,abt-total,0,0,0,0,0,0,0,0,0
Musik_Kunst,Musik und darstellende Kunst,SO,EFZ,0,0,0,0,0,0,0,0,0
Musik_Kunst,Musik und darstellende Kunst,SO,EBA,0,0,0,0,0,0,0,0,0
Musik_Kunst,Musik und darstellende Kunst,SO,nReglementiert,0,0,0,0,0,0,0,0,0
Musik_Kunst,Musik und darstellende Kunst,BS,abt-total,19,19,0,6,6,0,13,13,0
Musik_Kunst,Musik und darstellende Kunst,BS,EFZ,19,19,0,6,6,0,13,13,0
Musik_Kunst,Musik und darstellende Kunst,BS,EBA,0,0,0,0,0,0,0,0,0
Musik_Kunst,Musik und darstellende Kunst,BS,nReglementiert,0,0,0,0,0,0,0,0,0
Musik_Kunst,Musik und darstellende Kunst,BL,abt-total,0,0,0,0,0,0,0,0,0
Musik_Kunst,Musik und darstellende Kunst,BL,EFZ,0,0,0,0,0,0,0,0,0
Musik_Kunst,Musik und darstellende Kunst,BL,EBA,0,0,0,0,0,0,0,0,0
Musik_Kunst,Musik und darstellende Kunst,Bl,nReglementiert,0,0,0,0,0,0,0,0,0
Musik_Kunst,Musik und darstellende Kunst,SH,abt-total,0,0,0,0,0,0,0,0,0
Musik_Kunst,Musik und darstellende Kunst,SH,EFZ,0,0,0,0,0,0,0,0,0
Musik_Kunst,Musik und darstellende Kunst,SH,EBA,0,0,0,0,0,0,0,0,0
Musik_Kunst,Musik und darstellende Kunst,SH,nReglementiert,0,0,0,0,0,0,0,0,0
Musik_Kunst,Musik und darstellende Kunst,AR,abt-total,0,0,0,0,0,0,0,0,0
Musik_Kunst,Musik und darstellende Kunst,AR,EFZ,0,0,0,0,0,0,0,0,0
Musik_Kunst,Musik und darstellende Kunst,AR,EBA,0,0,0,0,0,0,0,0,0
Musik_Kunst,Musik und darstellende Kunst,AR,nReglementiert,0,0,0,0,0,0,0,0,0
Musik_Kunst,Musik und darstellende Kunst,AI,abt-total,0,0,0,0,0,0,0,0,0
Musik_Kunst,Musik und darstellende Kunst,AI,EFZ,0,0,0,0,0,0,0,0,0
Musik_Kunst,Musik und darstellende Kunst,AI,EBA,0,0,0,0,0,0,0,0,0
Musik_Kunst,Musik und darstellende Kunst,AI,nReglementiert,0,0,0,0,0,0,0,0,0
Musik_Kunst,Musik und darstellende Kunst,SG,abt-total,0,0,0,0,0,0,0,0,0
Musik_Kunst,Musik und darstellende Kunst,SG,EFZ,0,0,0,0,0,0,0,0,0
Musik_Kunst,Musik und darstellende Kunst,SG,EBA,0,0,0,0,0,0,0,0,0
Musik_Kunst,Musik und darstellende Kunst,SG,nReglementiert,0,0,0,0,0,0,0,0,0
Musik_Kunst,Musik und darstellende Kunst,GR,abt-total,0,0,0,0,0,0,0,0,0
Musik_Kunst,Musik und darstellende Kunst,GR,EFZ,0,0,0,0,0,0,0,0,0
Musik_Kunst,Musik und darstellende Kunst,GR,EBA,0,0,0,0,0,0,0,0,0
Musik_Kunst,Musik und darstellende Kunst,GR,nReglementiert,0,0,0,0,0,0,0,0,0
Musik_Kunst,Musik und darstellende Kunst,AG,abt-total,0,0,0,0,0,0,0,0,0
Musik_Kunst,Musik und darstellende Kunst,AG,EFZ,0,0,0,0,0,0,0,0,0
Musik_Kunst,Musik und darstellende Kunst,AG,EBA,0,0,0,0,0,0,0,0,0
Musik_Kunst,Musik und darstellende Kunst,AG,nReglementiert,0,0,0,0,0,0,0,0,0
Musik_Kunst,Musik und darstellende Kunst,TG,abt-total,0,0,0,0,0,0,0,0,0
Musik_Kunst,Musik und darstellende Kunst,TG,EFZ,0,0,0,0,0,0,0,0,0
Musik_Kunst,Musik und darstellende Kunst,TG,EBA,0,0,0,0,0,0,0,0,0
Musik_Kunst,Musik und darstellende Kunst,TG,nReglementiert,0,0,0,0,0,0,0,0,0
Musik_Kunst,Musik und darstellende Kunst,TI,abt-total,0,0,0,0,0,0,0,0,0
Musik_Kunst,Musik und darstellende Kunst,TI,EFZ,0,0,0,0,0,0,0,0,0
Musik_Kunst,Musik und darstellende Kunst,TI,EBA,0,0,0,0,0,0,0,0,0
Musik_Kunst,Musik und darstellende Kunst,TI,nReglementiert,0,0,0,0,0,0,0,0,0
Musik_Kunst,Musik und darstellende Kunst,VD,abt-total,0,0,0,0,0,0,0,0,0
Musik_Kunst,Musik und darstellende Kunst,VD,EFZ,0,0,0,0,0,0,0,0,0
Musik_Kunst,Musik und darstellende Kunst,VD,EBA,0,0,0,0,0,0,0,0,0
Musik_Kunst,Musik und darstellende Kunst,VD,nReglementiert,0,0,0,0,0,0,0,0,0
Musik_Kunst,Musik und darstellende Kunst,VS,abt-total,0,0,0,0,0,0,0,0,0
Musik_Kunst,Musik und darstellende Kunst,VS,EFZ,0,0,0,0,0,0,0,0,0
Musik_Kunst,Musik und darstellende Kunst,VS,EBA,0,0,0,0,0,0,0,0,0
Musik_Kunst,Musik und darstellende Kunst,VS,nReglementiert,0,0,0,0,0,0,0,0,0
Musik_Kunst,Musik und darstellende Kunst,NE,abt-total,0,0,0,0,0,0,0,0,0
Musik_Kunst,Musik und darstellende Kunst,NE,EFZ,0,0,0,0,0,0,0,0,0
Musik_Kunst,Musik und darstellende Kunst,NE,EBA,0,0,0,0,0,0,0,0,0
Musik_Kunst,Musik und darstellende Kunst,NE,nReglementiert,0,0,0,0,0,0,0,0,0
Musik_Kunst,Musik und darstellende Kunst,GE,abt-total,18,18,0,7,7,0,11,11,0
Musik_Kunst,Musik und darstellende Kunst,GE,EFZ,18,18,0,7,7,0,11,11,0
Musik_Kunst,Musik und darstellende Kunst,GE,EBA,0,0,0,0,0,0,0,0,0
Musik_Kunst,Musik und darstellende Kunst,GE,nReglementiert,0,0,0,0,0,0,0,0,0
Musik_Kunst,Musik und darstellende Kunst,JU,abt-total,0,0,0,0,0,0,0,0,0
Musik_Kunst,Musik und darstellende Kunst,JU,EFZ,0,0,0,0,0,0,0,0,0
Musik_Kunst,Musik und darstellende Kunst,JU,EBA,0,0,0,0,0,0,0,0,0
Musik_Kunst,Musik und darstellende Kunst,JU,nReglementiert,0,0,0,0,0,0,0,0,0
Techniken_Medienproduktion,Audiovisuelle Techniken und Medienproduktion,,abt-total,1365,414,951,713,192,521,652,222,430
Techniken_Medienproduktion,Audiovisuelle Techniken und Medienproduktion,,EFZ,1334,414,920,693,192,501,641,222,419
Techniken_Medienproduktion,Audiovisuelle Techniken und Medienproduktion,,EBA,31,0,31,20,0,20,11,0,11
Techniken_Medienproduktion,Audiovisuelle Techniken und Medienproduktion,,nReglementiert,0,0,0,0,0,0,0,0,0
Techniken_Medienproduktion,Audiovisuelle Techniken und Medienproduktion,ZH,abt-total,171,0,171,91,0,91,80,0,80
Techniken_Medienproduktion,Audiovisuelle Techniken und Medienproduktion,ZH,EFZ,164,0,164,85,0,85,79,0,79
Techniken_Medienproduktion,Audiovisuelle Techniken und Medienproduktion,ZH,EBA,7,0,7,6,0,6,1,0,1
Techniken_Medienproduktion,Audiovisuelle Techniken und Medienproduktion,ZH,nReglementiert,0,0,0,0,0,0,0,0,0
Techniken_Medienproduktion,Audiovisuelle Techniken und Medienproduktion,BE,abt-total,183,18,165,89,10,79,94,8,86
Techniken_Medienproduktion,Audiovisuelle Techniken und Medienproduktion,BE,EFZ,181,18,163,89,10,79,92,8,84
Techniken_Medienproduktion,Audiovisuelle Techniken und Medienproduktion,BE,EBA,2,0,2,0,0,0,2,0,2
Techniken_Medienproduktion,Audiovisuelle Techniken und Medienproduktion,BE,nReglementiert,0,0,0,0,0,0,0,0,0
Techniken_Medienproduktion,Audiovisuelle Techniken und Medienproduktion,LU,abt-total,82,27,55,44,10,34,38,17,21
Techniken_Medienproduktion,Audiovisuelle Techniken und Medienproduktion,LU,EFZ,80,27,53,43,10,33,37,17,20
Techniken_Medienproduktion,Audiovisuelle Techniken und Medienproduktion,LU,EBA,2,0,2,1,0,1,1,0,1
Techniken_Medienproduktion,Audiovisuelle Techniken und Medienproduktion,LU,nReglementiert,0,0,0,0,0,0,0,0,0
Techniken_Medienproduktion,Audiovisuelle Techniken und Medienproduktion,UR,abt-total,5,0,5,0,0,0,5,0,5
Techniken_Medienproduktion,Audiovisuelle Techniken und Medienproduktion,UR,EFZ,5,0,5,0,0,0,5,0,5
Techniken_Medienproduktion,Audiovisuelle Techniken und Medienproduktion,UR,EBA,0,0,0,0,0,0,0,0,0
Techniken_Medienproduktion,Audiovisuelle Techniken und Medienproduktion,UR,nReglementiert,0,0,0,0,0,0,0,0,0
Techniken_Medienproduktion,Audiovisuelle Techniken und Medienproduktion,SZ,abt-total,7,0,7,2,0,2,5,0,5
Techniken_Medienproduktion,Audiovisuelle Techniken und Medienproduktion,SZ,EFZ,7,0,7,2,0,2,5,0,5
Techniken_Medienproduktion,Audiovisuelle Techniken und Medienproduktion,SZ,EBA,0,0,0,0,0,0,0,0,0
Techniken_Medienproduktion,Audiovisuelle Techniken und Medienproduktion,SZ,nReglementiert,0,0,0,0,0,0,0,0,0
Techniken_Medienproduktion,Audiovisuelle Techniken und Medienproduktion,OW,abt-total,7,0,7,2,0,2,5,0,5
Techniken_Medienproduktion,Audiovisuelle Techniken und Medienproduktion,OW,EFZ,7,0,7,2,0,2,5,0,5
Techniken_Medienproduktion,Audiovisuelle Techniken und Medienproduktion,OW,EBA,0,0,0,0,0,0,0,0,0
Techniken_Medienproduktion,Audiovisuelle Techniken und Medienproduktion,OW,nReglementiert,0,0,0,0,0,0,0,0,0
Techniken_Medienproduktion,Audiovisuelle Techniken und Medienproduktion,NW,abt-total,10,0,10,6,0,6,4,0,4
Techniken_Medienproduktion,Audiovisuelle Techniken und Medienproduktion,NW,EFZ,10,0,10,6,0,6,4,0,4
Techniken_Medienproduktion,Audiovisuelle Techniken und Medienproduktion,NW,EBA,0,0,0,0,0,0,0,0,0
Techniken_Medienproduktion,Audiovisuelle Techniken und Medienproduktion,NW,nReglementiert,0,0,0,0,0,0,0,0,0
Techniken_Medienproduktion,Audiovisuelle Techniken und Medienproduktion,GL,abt-total,1,0,1,0,0,0,1,0,1
Techniken_Medienproduktion,Audiovisuelle Techniken und Medienproduktion,GL,EFZ,1,0,1,0,0,0,1,0,1
Techniken_Medienproduktion,Audiovisuelle Techniken und Medienproduktion,GL,EBA,0,0,0,0,0,0,0,0,0
Techniken_Medienproduktion,Audiovisuelle Techniken und Medienproduktion,GL,nReglementiert,0,0,0,0,0,0,0,0,0
Techniken_Medienproduktion,Audiovisuelle Techniken und Medienproduktion,ZG,abt-total,25,0,25,16,0,16,9,0,9
Techniken_Medienproduktion,Audiovisuelle Techniken und Medienproduktion,ZG,EFZ,24,0,24,15,0,15,9,0,9
Techniken_Medienproduktion,Audiovisuelle Techniken und Medienproduktion,ZG,EBA,1,0,1,1,0,1,0,0,0
Techniken_Medienproduktion,Audiovisuelle Techniken und Medienproduktion,ZG,nReglementiert,0,0,0,0,0,0,0,0,0
Techniken_Medienproduktion,Audiovisuelle Techniken und Medienproduktion,FR,abt-total,68,37,31,35,17,18,33,20,13
Techniken_Medienproduktion,Audiovisuelle Techniken und Medienproduktion,FR,EFZ,68,37,31,35,17,18,33,20,13
Techniken_Medienproduktion,Audiovisuelle Techniken und Medienproduktion,FR,EBA,0,0,0,0,0,0,0,0,0
Techniken_Medienproduktion,Audiovisuelle Techniken und Medienproduktion,FR,nReglementiert,0,0,0,0,0,0,0,0,0
Techniken_Medienproduktion,Audiovisuelle Techniken und Medienproduktion,SO,abt-total,33,0,33,17,0,17,16,0,16
Techniken_Medienproduktion,Audiovisuelle Techniken und Medienproduktion,SO,EFZ,30,0,30,14,0,14,16,0,16
Techniken_Medienproduktion,Audiovisuelle Techniken und Medienproduktion,SO,EBA,3,0,3,3,0,3,0,0,0
Techniken_Medienproduktion,Audiovisuelle Techniken und Medienproduktion,SO,nReglementiert,0,0,0,0,0,0,0,0,0
Techniken_Medienproduktion,Audiovisuelle Techniken und Medienproduktion,BS,abt-total,27,0,27,12,0,12,15,0,15
Techniken_Medienproduktion,Audiovisuelle Techniken und Medienproduktion,BS,EFZ,26,0,26,12,0,12,14,0,14
Techniken_Medienproduktion,Audiovisuelle Techniken und Medienproduktion,BS,EBA,1,0,1,0,0,0,1,0,1
Techniken_Medienproduktion,Audiovisuelle Techniken und Medienproduktion,BS,nReglementiert,0,0,0,0,0,0,0,0,0
Techniken_Medienproduktion,Audiovisuelle Techniken und Medienproduktion,BL,abt-total,21,0,21,9,0,9,12,0,12
Techniken_Medienproduktion,Audiovisuelle Techniken und Medienproduktion,BL,EFZ,21,0,21,9,0,9,12,0,12
Techniken_Medienproduktion,Audiovisuelle Techniken und Medienproduktion,BL,EBA,0,0,0,0,0,0,0,0,0
Techniken_Medienproduktion,Audiovisuelle Techniken und Medienproduktion,Bl,nReglementiert,0,0,0,0,0,0,0,0,0
Techniken_Medienproduktion,Audiovisuelle Techniken und Medienproduktion,SH,abt-total,14,0,14,7,0,7,7,0,7
Techniken_Medienproduktion,Audiovisuelle Techniken und Medienproduktion,SH,EFZ,13,0,13,7,0,7,6,0,6
Techniken_Medienproduktion,Audiovisuelle Techniken und Medienproduktion,SH,EBA,1,0,1,0,0,0,1,0,1
Techniken_Medienproduktion,Audiovisuelle Techniken und Medienproduktion,SH,nReglementiert,0,0,0,0,0,0,0,0,0
Techniken_Medienproduktion,Audiovisuelle Techniken und Medienproduktion,AR,abt-total,6,0,6,2,0,2,4,0,4
Techniken_Medienproduktion,Audiovisuelle Techniken und Medienproduktion,AR,EFZ,6,0,6,2,0,2,4,0,4
Techniken_Medienproduktion,Audiovisuelle Techniken und Medienproduktion,AR,EBA,0,0,0,0,0,0,0,0,0
Techniken_Medienproduktion,Audiovisuelle Techniken und Medienproduktion,AR,nReglementiert,0,0,0,0,0,0,0,0,0
Techniken_Medienproduktion,Audiovisuelle Techniken und Medienproduktion,AI,abt-total,2,0,2,0,0,0,2,0,2
Techniken_Medienproduktion,Audiovisuelle Techniken und Medienproduktion,AI,EFZ,2,0,2,0,0,0,2,0,2
Techniken_Medienproduktion,Audiovisuelle Techniken und Medienproduktion,AI,EBA,0,0,0,0,0,0,0,0,0
Techniken_Medienproduktion,Audiovisuelle Techniken und Medienproduktion,AI,nReglementiert,0,0,0,0,0,0,0,0,0
Techniken_Medienproduktion,Audiovisuelle Techniken und Medienproduktion,SG,abt-total,80,12,68,37,0,37,43,12,31
Techniken_Medienproduktion,Audiovisuelle Techniken und Medienproduktion,SG,EFZ,73,12,61,32,0,32,41,12,29
Techniken_Medienproduktion,Audiovisuelle Techniken und Medienproduktion,SG,EBA,7,0,7,5,0,5,2,0,2
Techniken_Medienproduktion,Audiovisuelle Techniken und Medienproduktion,SG,nReglementiert,0,0,0,0,0,0,0,0,0
Techniken_Medienproduktion,Audiovisuelle Techniken und Medienproduktion,GR,abt-total,30,0,30,16,0,16,14,0,14
Techniken_Medienproduktion,Audiovisuelle Techniken und Medienproduktion,GR,EFZ,30,0,30,16,0,16,14,0,14
Techniken_Medienproduktion,Audiovisuelle Techniken und Medienproduktion,GR,EBA,0,0,0,0,0,0,0,0,0
Techniken_Medienproduktion,Audiovisuelle Techniken und Medienproduktion,GR,nReglementiert,0,0,0,0,0,0,0,0,0
Techniken_Medienproduktion,Audiovisuelle Techniken und Medienproduktion,AG,abt-total,75,0,75,46,0,46,29,0,29
Techniken_Medienproduktion,Audiovisuelle Techniken und Medienproduktion,AG,EFZ,72,0,72,44,0,44,28,0,28
Techniken_Medienproduktion,Audiovisuelle Techniken und Medienproduktion,AG,EBA,3,0,3,2,0,2,1,0,1
Techniken_Medienproduktion,Audiovisuelle Techniken und Medienproduktion,AG,nReglementiert,0,0,0,0,0,0,0,0,0
Techniken_Medienproduktion,Audiovisuelle Techniken und Medienproduktion,TG,abt-total,52,0,52,38,0,38,14,0,14
Techniken_Medienproduktion,Audiovisuelle Techniken und Medienproduktion,TG,EFZ,51,0,51,37,0,37,14,0,14
Techniken_Medienproduktion,Audiovisuelle Techniken und Medienproduktion,TG,EBA,1,0,1,1,0,1,0,0,0
Techniken_Medienproduktion,Audiovisuelle Techniken und Medienproduktion,TG,nReglementiert,0,0,0,0,0,0,0,0,0
Techniken_Medienproduktion,Audiovisuelle Techniken und Medienproduktion,TI,abt-total,46,22,24,23,7,16,23,15,8
Techniken_Medienproduktion,Audiovisuelle Techniken und Medienproduktion,TI,EFZ,46,22,24,23,7,16,23,15,8
Techniken_Medienproduktion,Audiovisuelle Techniken und Medienproduktion,TI,EBA,0,0,0,0,0,0,0,0,0
Techniken_Medienproduktion,Audiovisuelle Techniken und Medienproduktion,TI,nReglementiert,0,0,0,0,0,0,0,0,0
Techniken_Medienproduktion,Audiovisuelle Techniken und Medienproduktion,VD,abt-total,222,158,64,116,82,34,106,76,30
Techniken_Medienproduktion,Audiovisuelle Techniken und Medienproduktion,VD,EFZ,220,158,62,115,82,33,105,76,29
Techniken_Medienproduktion,Audiovisuelle Techniken und Medienproduktion,VD,EBA,2,0,2,1,0,1,1,0,1
Techniken_Medienproduktion,Audiovisuelle Techniken und Medienproduktion,VD,nReglementiert,0,0,0,0,0,0,0,0,0
Techniken_Medienproduktion,Audiovisuelle Techniken und Medienproduktion,VS,abt-total,74,45,29,45,23,22,29,22,7
Techniken_Medienproduktion,Audiovisuelle Techniken und Medienproduktion,VS,EFZ,73,45,28,45,23,22,28,22,6
Techniken_Medienproduktion,Audiovisuelle Techniken und Medienproduktion,VS,EBA,1,0,1,0,0,0,1,0,1
Techniken_Medienproduktion,Audiovisuelle Techniken und Medienproduktion,VS,nReglementiert,0,0,0,0,0,0,0,0,0
Techniken_Medienproduktion,Audiovisuelle Techniken und Medienproduktion,NE,abt-total,49,39,10,25,21,4,24,18,6
Techniken_Medienproduktion,Audiovisuelle Techniken und Medienproduktion,NE,EFZ,49,39,10,25,21,4,24,18,6
Techniken_Medienproduktion,Audiovisuelle Techniken und Medienproduktion,NE,EBA,0,0,0,0,0,0,0,0,0
Techniken_Medienproduktion,Audiovisuelle Techniken und Medienproduktion,NE,nReglementiert,0,0,0,0,0,0,0,0,0
Techniken_Medienproduktion,Audiovisuelle Techniken und Medienproduktion,GE,abt-total,71,56,15,31,22,9,40,34,6
Techniken_Medienproduktion,Audiovisuelle Techniken und Medienproduktion,GE,EFZ,71,56,15,31,22,9,40,34,6
Techniken_Medienproduktion,Audiovisuelle Techniken und Medienproduktion,GE,EBA,0,0,0,0,0,0,0,0,0
Techniken_Medienproduktion,Audiovisuelle Techniken und Medienproduktion,GE,nReglementiert,0,0,0,0,0,0,0,0,0
Techniken_Medienproduktion,Audiovisuelle Techniken und Medienproduktion,JU,abt-total,4,0,4,4,0,4,0,0,0
Techniken_Medienproduktion,Audiovisuelle Techniken und Medienproduktion,JU,EFZ,4,0,4,4,0,4,0,0,0
Techniken_Medienproduktion,Audiovisuelle Techniken und Medienproduktion,JU,EBA,0,0,0,0,0,0,0,0,0
Techniken_Medienproduktion,Audiovisuelle Techniken und Medienproduktion,JU,nReglementiert,0,0,0,0,0,0,0,0,0
Design,Design,,abt-total,391,61,330,111,13,98,280,48,232
Design,Design,,EFZ,391,61,330,111,13,98,280,48,232
Design,Design,,EBA,0,0,0,0,0,0,0,0,0
Design,Design,,nReglementiert,0,0,0,0,0,0,0,0,0
Design,Design,ZH,abt-total,65,0,65,16,0,16,49,0,49
Design,Design,ZH,EFZ,65,0,65,16,0,16,49,0,49
Design,Design,ZH,EBA,0,0,0,0,0,0,0,0,0
Design,Design,ZH,nReglementiert,0,0,0,0,0,0,0,0,0
Design,Design,BE,abt-total,45,0,45,7,0,7,38,0,38
Design,Design,BE,EFZ,45,0,45,7,0,7,38,0,38
Design,Design,BE,EBA,0,0,0,0,0,0,0,0,0
Design,Design,BE,nReglementiert,0,0,0,0,0,0,0,0,0
Design,Design,LU,abt-total,19,0,19,4,0,4,15,0,15
Design,Design,LU,EFZ,19,0,19,4,0,4,15,0,15
Design,Design,LU,EBA,0,0,0,0,0,0,0,0,0
Design,Design,LU,nReglementiert,0,0,0,0,0,0,0,0,0
Design,Design,UR,abt-total,1,0,1,0,0,0,1,0,1
Design,Design,UR,EFZ,1,0,1,0,0,0,1,0,1
Design,Design,UR,EBA,0,0,0,0,0,0,0,0,0
Design,Design,UR,nReglementiert,0,0,0,0,0,0,0,0,0
Design,Design,SZ,abt-total,6,0,6,1,0,1,5,0,5
Design,Design,SZ,EFZ,6,0,6,1,0,1,5,0,5
Design,Design,SZ,EBA,0,0,0,0,0,0,0,0,0
Design,Design,SZ,nReglementiert,0,0,0,0,0,0,0,0,0
Design,Design,OW,abt-total,2,0,2,0,0,0,2,0,2
Design,Design,OW,EFZ,2,0,2,0,0,0,2,0,2
Design,Design,OW,EBA,0,0,0,0,0,0,0,0,0
Design,Design,OW,nReglementiert,0,0,0,0,0,0,0,0,0
Design,Design,NW,abt-total,4,0,4,1,0,1,3,0,3
Design,Design,NW,EFZ,4,0,4,1,0,1,3,0,3
Design,Design,NW,EBA,0,0,0,0,0,0,0,0,0
Design,Design,NW,nReglementiert,0,0,0,0,0,0,0,0,0
Design,Design,GL,abt-total,0,0,0,0,0,0,0,0,0
Design,Design,GL,EFZ,0,0,0,0,0,0,0,0,0
Design,Design,GL,EBA,0,0,0,0,0,0,0,0,0
Design,Design,GL,nReglementiert,0,0,0,0,0,0,0,0,0
Design,Design,ZG,abt-total,7,0,7,3,0,3,4,0,4
Design,Design,ZG,EFZ,7,0,7,3,0,3,4,0,4
Design,Design,ZG,EBA,0,0,0,0,0,0,0,0,0
Design,Design,ZG,nReglementiert,0,0,0,0,0,0,0,0,0
Design,Design,FR,abt-total,6,0,6,3,0,3,3,0,3
Design,Design,FR,EFZ,6,0,6,3,0,3,3,0,3
Design,Design,FR,EBA,0,0,0,0,0,0,0,0,0
Design,Design,FR,nReglementiert,0,0,0,0,0,0,0,0,0
Design,Design,SO,abt-total,5,0,5,2,0,2,3,0,3
Design,Design,SO,EFZ,5,0,5,2,0,2,3,0,3
Design,Design,SO,EBA,0,0,0,0,0,0,0,0,0
Design,Design,SO,nReglementiert,0,0,0,0,0,0,0,0,0
Design,Design,BS,abt-total,6,0,6,2,0,2,4,0,4
Design,Design,BS,EFZ,6,0,6,2,0,2,4,0,4
Design,Design,BS,EBA,0,0,0,0,0,0,0,0,0
Design,Design,BS,nReglementiert,0,0,0,0,0,0,0,0,0
Design,Design,BL,abt-total,6,0,6,1,0,1,5,0,5
Design,Design,BL,EFZ,6,0,6,1,0,1,5,0,5
Design,Design,BL,EBA,0,0,0,0,0,0,0,0,0
Design,Design,Bl,nReglementiert,0,0,0,0,0,0,0,0,0
Design,Design,SH,abt-total,1,0,1,0,0,0,1,0,1
Design,Design,SH,EFZ,1,0,1,0,0,0,1,0,1
Design,Design,SH,EBA,0,0,0,0,0,0,0,0,0
Design,Design,SH,nReglementiert,0,0,0,0,0,0,0,0,0
Design,Design,AR,abt-total,1,0,1,1,0,1,0,0,0
Design,Design,AR,EFZ,1,0,1,1,0,1,0,0,0
Design,Design,AR,EBA,0,0,0,0,0,0,0,0,0
Design,Design,AR,nReglementiert,0,0,0,0,0,0,0,0,0
Design,Design,AI,abt-total,1,0,1,1,0,1,0,0,0
Design,Design,AI,EFZ,1,0,1,1,0,1,0,0,0
Design,Design,AI,EBA,0,0,0,0,0,0,0,0,0
Design,Design,AI,nReglementiert,0,0,0,0,0,0,0,0,0
Design,Design,SG,abt-total,27,0,27,7,0,7,20,0,20
Design,Design,SG,EFZ,27,0,27,7,0,7,20,0,20
Design,Design,SG,EBA,0,0,0,0,0,0,0,0,0
Design,Design,SG,nReglementiert,0,0,0,0,0,0,0,0,0
Design,Design,GR,abt-total,18,0,18,4,0,4,14,0,14
Design,Design,GR,EFZ,18,0,18,4,0,4,14,0,14
Design,Design,GR,EBA,0,0,0,0,0,0,0,0,0
Design,Design,GR,nReglementiert,0,0,0,0,0,0,0,0,0
Design,Design,AG,abt-total,24,0,24,11,0,11,13,0,13
Design,Design,AG,EFZ,24,0,24,11,0,11,13,0,13
Design,Design,AG,EBA,0,0,0,0,0,0,0,0,0
Design,Design,AG,nReglementiert,0,0,0,0,0,0,0,0,0
Design,Design,TG,abt-total,13,0,13,4,0,4,9,0,9
Design,Design,TG,EFZ,13,0,13,4,0,4,9,0,9
Design,Design,TG,EBA,0,0,0,0,0,0,0,0,0
Design,Design,TG,nReglementiert,0,0,0,0,0,0,0,0,0
Design,Design,TI,abt-total,25,20,5,3,2,1,22,18,4
Design,Design,TI,EFZ,25,20,5,3,2,1,22,18,4
Design,Design,TI,EBA,0,0,0,0,0,0,0,0,0
Design,Design,TI,nReglementiert,0,0,0,0,0,0,0,0,0
Design,Design,VD,abt-total,47,27,20,10,3,7,37,24,13
Design,Design,VD,EFZ,47,27,20,10,3,7,37,24,13
Design,Design,VD,EBA,0,0,0,0,0,0,0,0,0
Design,Design,VD,nReglementiert,0,0,0,0,0,0,0,0,0
Design,Design,VS,abt-total,16,0,16,7,0,7,9,0,9
Design,Design,VS,EFZ,16,0,16,7,0,7,9,0,9
Design,Design,VS,EBA,0,0,0,0,0,0,0,0,0
Design,Design,VS,nReglementiert,0,0,0,0,0,0,0,0,0
Design,Design,NE,abt-total,9,0,9,1,0,1,8,0,8
Design,Design,NE,EFZ,9,0,9,1,0,1,8,0,8
Design,Design,NE,EBA,0,0,0,0,0,0,0,0,0
Design,Design,NE,nReglementiert,0,0,0,0,0,0,0,0,0
Design,Design,GE,abt-total,36,14,22,21,8,13,15,6,9
Design,Design,GE,EFZ,36,14,22,21,8,13,15,6,9
Design,Design,GE,EBA,0,0,0,0,0,0,0,0,0
Design,Design,GE,nReglementiert,0,0,0,0,0,0,0,0,0
Design,Design,JU,abt-total,1,0,1,1,0,1,0,0,0
Design,Design,JU,EFZ,1,0,1,1,0,1,0,0,0
Design,Design,JU,EBA,0,0,0,0,0,0,0,0,0
Design,Design,JU,nReglementiert,0,0,0,0,0,0,0,0,0
Kunstgewerbe,Kunstgewerbe,,abt-total,464,101,363,60,17,43,404,84,320
Kunstgewerbe,Kunstgewerbe,,EFZ,445,101,344,57,17,40,388,84,304
Kunstgewerbe,Kunstgewerbe,,EBA,19,0,19,3,0,3,16,0,16
Kunstgewerbe,Kunstgewerbe,,nReglementiert,0,0,0,0,0,0,0,0,0
Kunstgewerbe,Kunstgewerbe,ZH,abt-total,66,0,66,7,0,7,59,0,59
Kunstgewerbe,Kunstgewerbe,ZH,EFZ,62,0,62,6,0,6,56,0,56
Kunstgewerbe,Kunstgewerbe,ZH,EBA,4,0,4,1,0,1,3,0,3
Kunstgewerbe,Kunstgewerbe,ZH,nReglementiert,0,0,0,0,0,0,0,0,0
Kunstgewerbe,Kunstgewerbe,BE,abt-total,101,33,68,9,4,5,92,29,63
Kunstgewerbe,Kunstgewerbe,BE,EFZ,98,33,65,9,4,5,89,29,60
Kunstgewerbe,Kunstgewerbe,BE,EBA,3,0,3,0,0,0,3,0,3
Kunstgewerbe,Kunstgewerbe,BE,nReglementiert,0,0,0,0,0,0,0,0,0
Kunstgewerbe,Kunstgewerbe,LU,abt-total,28,0,28,2,0,2,26,0,26
Kunstgewerbe,Kunstgewerbe,LU,EFZ,28,0,28,2,0,2,26,0,26
Kunstgewerbe,Kunstgewerbe,LU,EBA,0,0,0,0,0,0,0,0,0
Kunstgewerbe,Kunstgewerbe,LU,nReglementiert,0,0,0,0,0,0,0,0,0
Kunstgewerbe,Kunstgewerbe,UR,abt-total,1,0,1,0,0,0,1,0,1
Kunstgewerbe,Kunstgewerbe,UR,EFZ,1,0,1,0,0,0,1,0,1
Kunstgewerbe,Kunstgewerbe,UR,EBA,0,0,0,0,0,0,0,0,0
Kunstgewerbe,Kunstgewerbe,UR,nReglementiert,0,0,0,0,0,0,0,0,0
Kunstgewerbe,Kunstgewerbe,SZ,abt-total,7,0,7,1,0,1,6,0,6
Kunstgewerbe,Kunstgewerbe,SZ,EFZ,7,0,7,1,0,1,6,0,6
Kunstgewerbe,Kunstgewerbe,SZ,EBA,0,0,0,0,0,0,0,0,0
Kunstgewerbe,Kunstgewerbe,SZ,nReglementiert,0,0,0,0,0,0,0,0,0
Kunstgewerbe,Kunstgewerbe,OW,abt-total,1,0,1,0,0,0,1,0,1
Kunstgewerbe,Kunstgewerbe,OW,EFZ,1,0,1,0,0,0,1,0,1
Kunstgewerbe,Kunstgewerbe,OW,EBA,0,0,0,0,0,0,0,0,0
Kunstgewerbe,Kunstgewerbe,OW,nReglementiert,0,0,0,0,0,0,0,0,0
Kunstgewerbe,Kunstgewerbe,NW,abt-total,1,0,1,0,0,0,1,0,1
Kunstgewerbe,Kunstgewerbe,NW,EFZ,1,0,1,0,0,0,1,0,1
Kunstgewerbe,Kunstgewerbe,NW,EBA,0,0,0,0,0,0,0,0,0
Kunstgewerbe,Kunstgewerbe,NW,nReglementiert,0,0,0,0,0,0,0,0,0
Kunstgewerbe,Kunstgewerbe,GL,abt-total,2,0,2,1,0,1,1,0,1
Kunstgewerbe,Kunstgewerbe,GL,EFZ,2,0,2,1,0,1,1,0,1
Kunstgewerbe,Kunstgewerbe,GL,EBA,0,0,0,0,0,0,0,0,0
Kunstgewerbe,Kunstgewerbe,GL,nReglementiert,0,0,0,0,0,0,0,0,0
Kunstgewerbe,Kunstgewerbe,ZG,abt-total,4,0,4,0,0,0,4,0,4
Kunstgewerbe,Kunstgewerbe,ZG,EFZ,3,0,3,0,0,0,3,0,3
Kunstgewerbe,Kunstgewerbe,ZG,EBA,1,0,1,0,0,0,1,0,1
Kunstgewerbe,Kunstgewerbe,ZG,nReglementiert,0,0,0,0,0,0,0,0,0
Kunstgewerbe,Kunstgewerbe,FR,abt-total,11,0,11,2,0,2,9,0,9
Kunstgewerbe,Kunstgewerbe,FR,EFZ,11,0,11,2,0,2,9,0,9
Kunstgewerbe,Kunstgewerbe,FR,EBA,0,0,0,0,0,0,0,0,0
Kunstgewerbe,Kunstgewerbe,FR,nReglementiert,0,0,0,0,0,0,0,0,0
Kunstgewerbe,Kunstgewerbe,SO,abt-total,6,0,6,0,0,0,6,0,6
Kunstgewerbe,Kunstgewerbe,SO,EFZ,6,0,6,0,0,0,6,0,6
Kunstgewerbe,Kunstgewerbe,SO,EBA,0,0,0,0,0,0,0,0,0
Kunstgewerbe,Kunstgewerbe,SO,nReglementiert,0,0,0,0,0,0,0,0,0
Kunstgewerbe,Kunstgewerbe,BS,abt-total,7,0,7,1,0,1,6,0,6
Kunstgewerbe,Kunstgewerbe,BS,EFZ,7,0,7,1,0,1,6,0,6
Kunstgewerbe,Kunstgewerbe,BS,EBA,0,0,0,0,0,0,0,0,0
Kunstgewerbe,Kunstgewerbe,BS,nReglementiert,0,0,0,0,0,0,0,0,0
Kunstgewerbe,Kunstgewerbe,BL,abt-total,10,0,10,2,0,2,8,0,8
Kunstgewerbe,Kunstgewerbe,BL,EFZ,10,0,10,2,0,2,8,0,8
Kunstgewerbe,Kunstgewerbe,BL,EBA,0,0,0,0,0,0,0,0,0
Kunstgewerbe,Kunstgewerbe,Bl,nReglementiert,0,0,0,0,0,0,0,0,0
Kunstgewerbe,Kunstgewerbe,SH,abt-total,5,0,5,2,0,2,3,0,3
Kunstgewerbe,Kunstgewerbe,SH,EFZ,5,0,5,2,0,2,3,0,3
Kunstgewerbe,Kunstgewerbe,SH,EBA,0,0,0,0,0,0,0,0,0
Kunstgewerbe,Kunstgewerbe,SH,nReglementiert,0,0,0,0,0,0,0,0,0
Kunstgewerbe,Kunstgewerbe,AR,abt-total,1,0,1,0,0,0,1,0,1
Kunstgewerbe,Kunstgewerbe,AR,EFZ,1,0,1,0,0,0,1,0,1
Kunstgewerbe,Kunstgewerbe,AR,EBA,0,0,0,0,0,0,0,0,0
Kunstgewerbe,Kunstgewerbe,AR,nReglementiert,0,0,0,0,0,0,0,0,0
Kunstgewerbe,Kunstgewerbe,AI,abt-total,1,0,1,0,0,0,1,0,1
Kunstgewerbe,Kunstgewerbe,AI,EFZ,1,0,1,0,0,0,1,0,1
Kunstgewerbe,Kunstgewerbe,AI,EBA,0,0,0,0,0,0,0,0,0
Kunstgewerbe,Kunstgewerbe,AI,nReglementiert,0,0,0,0,0,0,0,0,0
Kunstgewerbe,Kunstgewerbe,SG,abt-total,29,0,29,4,0,4,25,0,25
Kunstgewerbe,Kunstgewerbe,SG,EFZ,27,0,27,4,0,4,23,0,23
Kunstgewerbe,Kunstgewerbe,SG,EBA,2,0,2,0,0,0,2,0,2
Kunstgewerbe,Kunstgewerbe,SG,nReglementiert,0,0,0,0,0,0,0,0,0
Kunstgewerbe,Kunstgewerbe,GR,abt-total,14,0,14,1,0,1,13,0,13
Kunstgewerbe,Kunstgewerbe,GR,EFZ,13,0,13,1,0,1,12,0,12
Kunstgewerbe,Kunstgewerbe,GR,EBA,1,0,1,0,0,0,1,0,1
Kunstgewerbe,Kunstgewerbe,GR,nReglementiert,0,0,0,0,0,0,0,0,0
Kunstgewerbe,Kunstgewerbe,AG,abt-total,29,0,29,2,0,2,27,0,27
Kunstgewerbe,Kunstgewerbe,AG,EFZ,29,0,29,2,0,2,27,0,27
Kunstgewerbe,Kunstgewerbe,AG,EBA,0,0,0,0,0,0,0,0,0
Kunstgewerbe,Kunstgewerbe,AG,nReglementiert,0,0,0,0,0,0,0,0,0
Kunstgewerbe,Kunstgewerbe,TG,abt-total,16,0,16,2,0,2,14,0,14
Kunstgewerbe,Kunstgewerbe,TG,EFZ,14,0,14,1,0,1,13,0,13
Kunstgewerbe,Kunstgewerbe,TG,EBA,2,0,2,1,0,1,1,0,1
Kunstgewerbe,Kunstgewerbe,TG,nReglementiert,0,0,0,0,0,0,0,0,0
Kunstgewerbe,Kunstgewerbe,TI,abt-total,16,8,8,2,1,1,14,7,7
Kunstgewerbe,Kunstgewerbe,TI,EFZ,15,8,7,2,1,1,13,7,6
Kunstgewerbe,Kunstgewerbe,TI,EBA,1,0,1,0,0,0,1,0,1
Kunstgewerbe,Kunstgewerbe,TI,nReglementiert,0,0,0,0,0,0,0,0,0
Kunstgewerbe,Kunstgewerbe,VD,abt-total,33,12,21,9,4,5,24,8,16
Kunstgewerbe,Kunstgewerbe,VD,EFZ,29,12,17,8,4,4,21,8,13
Kunstgewerbe,Kunstgewerbe,VD,EBA,4,0,4,1,0,1,3,0,3
Kunstgewerbe,Kunstgewerbe,VD,nReglementiert,0,0,0,0,0,0,0,0,0
Kunstgewerbe,Kunstgewerbe,VS,abt-total,0,0,0,0,0,0,0,0,0
Kunstgewerbe,Kunstgewerbe,VS,EFZ,0,0,0,0,0,0,0,0,0
Kunstgewerbe,Kunstgewerbe,VS,EBA,0,0,0,0,0,0,0,0,0
Kunstgewerbe,Kunstgewerbe,VS,nReglementiert,0,0,0,0,0,0,0,0,0
Kunstgewerbe,Kunstgewerbe,NE,abt-total,27,13,14,5,2,3,22,11,11
Kunstgewerbe,Kunstgewerbe,NE,EFZ,27,13,14,5,2,3,22,11,11
Kunstgewerbe,Kunstgewerbe,NE,EBA,0,0,0,0,0,0,0,0,0
Kunstgewerbe,Kunstgewerbe,NE,nReglementiert,0,0,0,0,0,0,0,0,0
Kunstgewerbe,Kunstgewerbe,GE,abt-total,45,35,10,8,6,2,37,29,8
Kunstgewerbe,Kunstgewerbe,GE,EFZ,44,35,9,8,6,2,36,29,7
Kunstgewerbe,Kunstgewerbe,GE,EBA,1,0,1,0,0,0,1,0,1
Kunstgewerbe,Kunstgewerbe,GE,nReglementiert,0,0,0,0,0,0,0,0,0
Kunstgewerbe,Kunstgewerbe,JU,abt-total,3,0,3,0,0,0,3,0,3
Kunstgewerbe,Kunstgewerbe,JU,EFZ,3,0,3,0,0,0,3,0,3
Kunstgewerbe,Kunstgewerbe,JU,EBA,0,0,0,0,0,0,0,0,0
Kunstgewerbe,Kunstgewerbe,JU,nReglementiert,0,0,0,0,0,0,0,0,0
Bibliothek,"Bibliothek, Informationswesen, Archiv",,abt-total,103,0,103,22,0,22,81,0,81
Bibliothek,"Bibliothek, Informationswesen, Archiv",,EFZ,103,0,103,22,0,22,81,0,81
Bibliothek,"Bibliothek, Informationswesen, Archiv",,EBA,0,0,0,0,0,0,0,0,0
Bibliothek,"Bibliothek, Informationswesen, Archiv",,nReglementiert,0,0,0,0,0,0,0,0,0
Bibliothek,"Bibliothek, Informationswesen, Archiv",ZH,abt-total,12,0,12,2,0,2,10,0,10
Bibliothek,"Bibliothek, Informationswesen, Archiv",ZH,EFZ,12,0,12,2,0,2,10,0,10
Bibliothek,"Bibliothek, Informationswesen, Archiv",ZH,EBA,0,0,0,0,0,0,0,0,0
Bibliothek,"Bibliothek, Informationswesen, Archiv",ZH,nReglementiert,0,0,0,0,0,0,0,0,0
Bibliothek,"Bibliothek, Informationswesen, Archiv",BE,abt-total,11,0,11,3,0,3,8,0,8
Bibliothek,"Bibliothek, Informationswesen, Archiv",BE,EFZ,11,0,11,3,0,3,8,0,8
Bibliothek,"Bibliothek, Informationswesen, Archiv",BE,EBA,0,0,0,0,0,0,0,0,0
Bibliothek,"Bibliothek, Informationswesen, Archiv",BE,nReglementiert,0,0,0,0,0,0,0,0,0
Bibliothek,"Bibliothek, Informationswesen, Archiv",LU,abt-total,4,0,4,1,0,1,3,0,3
Bibliothek,"Bibliothek, Informationswesen, Archiv",LU,EFZ,4,0,4,1,0,1,3,0,3
Bibliothek,"Bibliothek, Informationswesen, Archiv",LU,EBA,0,0,0,0,0,0,0,0,0
Bibliothek,"Bibliothek, Informationswesen, Archiv",LU,nReglementiert,0,0,0,0,0,0,0,0,0
Bibliothek,"Bibliothek, Informationswesen, Archiv",UR,abt-total,0,0,0,0,0,0,0,0,0
Bibliothek,"Bibliothek, Informationswesen, Archiv",UR,EFZ,0,0,0,0,0,0,0,0,0
Bibliothek,"Bibliothek, Informationswesen, Archiv",UR,EBA,0,0,0,0,0,0,0,0,0
Bibliothek,"Bibliothek, Informationswesen, Archiv",UR,nReglementiert,0,0,0,0,0,0,0,0,0
Bibliothek,"Bibliothek, Informationswesen, Archiv",SZ,abt-total,0,0,0,0,0,0,0,0,0
Bibliothek,"Bibliothek, Informationswesen, Archiv",SZ,EFZ,0,0,0,0,0,0,0,0,0
Bibliothek,"Bibliothek, Informationswesen, Archiv",SZ,EBA,0,0,0,0,0,0,0,0,0
Bibliothek,"Bibliothek, Informationswesen, Archiv",SZ,nReglementiert,0,0,0,0,0,0,0,0,0
Bibliothek,"Bibliothek, Informationswesen, Archiv",OW,abt-total,0,0,0,0,0,0,0,0,0
Bibliothek,"Bibliothek, Informationswesen, Archiv",OW,EFZ,0,0,0,0,0,0,0,0,0
Bibliothek,"Bibliothek, Informationswesen, Archiv",OW,EBA,0,0,0,0,0,0,0,0,0
Bibliothek,"Bibliothek, Informationswesen, Archiv",OW,nReglementiert,0,0,0,0,0,0,0,0,0
Bibliothek,"Bibliothek, Informationswesen, Archiv",NW,abt-total,0,0,0,0,0,0,0,0,0
Bibliothek,"Bibliothek, Informationswesen, Archiv",NW,EFZ,0,0,0,0,0,0,0,0,0
Bibliothek,"Bibliothek, Informationswesen, Archiv",NW,EBA,0,0,0,0,0,0,0,0,0
Bibliothek,"Bibliothek, Informationswesen, Archiv",NW,nReglementiert,0,0,0,0,0,0,0,0,0
Bibliothek,"Bibliothek, Informationswesen, Archiv",GL,abt-total,1,0,1,0,0,0,1,0,1
Bibliothek,"Bibliothek, Informationswesen, Archiv",GL,EFZ,1,0,1,0,0,0,1,0,1
Bibliothek,"Bibliothek, Informationswesen, Archiv",GL,EBA,0,0,0,0,0,0,0,0,0
Bibliothek,"Bibliothek, Informationswesen, Archiv",GL,nReglementiert,0,0,0,0,0,0,0,0,0
Bibliothek,"Bibliothek, Informationswesen, Archiv",ZG,abt-total,1,0,1,0,0,0,1,0,1
Bibliothek,"Bibliothek, Informationswesen, Archiv",ZG,EFZ,1,0,1,0,0,0,1,0,1
Bibliothek,"Bibliothek, Informationswesen, Archiv",ZG,EBA,0,0,0,0,0,0,0,0,0
Bibliothek,"Bibliothek, Informationswesen, Archiv",ZG,nReglementiert,0,0,0,0,0,0,0,0,0
Bibliothek,"Bibliothek, Informationswesen, Archiv",FR,abt-total,5,0,5,0,0,0,5,0,5
Bibliothek,"Bibliothek, Informationswesen, Archiv",FR,EFZ,5,0,5,0,0,0,5,0,5
Bibliothek,"Bibliothek, Informationswesen, Archiv",FR,EBA,0,0,0,0,0,0,0,0,0
Bibliothek,"Bibliothek, Informationswesen, Archiv",FR,nReglementiert,0,0,0,0,0,0,0,0,0
Bibliothek,"Bibliothek, Informationswesen, Archiv",SO,abt-total,1,0,1,0,0,0,1,0,1
Bibliothek,"Bibliothek, Informationswesen, Archiv",SO,EFZ,1,0,1,0,0,0,1,0,1
Bibliothek,"Bibliothek, Informationswesen, Archiv",SO,EBA,0,0,0,0,0,0,0,0,0
Bibliothek,"Bibliothek, Informationswesen, Archiv",SO,nReglementiert,0,0,0,0,0,0,0,0,0
Bibliothek,"Bibliothek, Informationswesen, Archiv",BS,abt-total,5,0,5,1,0,1,4,0,4
Bibliothek,"Bibliothek, Informationswesen, Archiv",BS,EFZ,5,0,5,1,0,1,4,0,4
Bibliothek,"Bibliothek, Informationswesen, Archiv",BS,EBA,0,0,0,0,0,0,0,0,0
Bibliothek,"Bibliothek, Informationswesen, Archiv",BS,nReglementiert,0,0,0,0,0,0,0,0,0
Bibliothek,"Bibliothek, Informationswesen, Archiv",BL,abt-total,3,0,3,1,0,1,2,0,2
Bibliothek,"Bibliothek, Informationswesen, Archiv",BL,EFZ,3,0,3,1,0,1,2,0,2
Bibliothek,"Bibliothek, Informationswesen, Archiv",BL,EBA,0,0,0,0,0,0,0,0,0
Bibliothek,"Bibliothek, Informationswesen, Archiv",Bl,nReglementiert,0,0,0,0,0,0,0,0,0
Bibliothek,"Bibliothek, Informationswesen, Archiv",SH,abt-total,3,0,3,0,0,0,3,0,3
Bibliothek,"Bibliothek, Informationswesen, Archiv",SH,EFZ,3,0,3,0,0,0,3,0,3
Bibliothek,"Bibliothek, Informationswesen, Archiv",SH,EBA,0,0,0,0,0,0,0,0,0
Bibliothek,"Bibliothek, Informationswesen, Archiv",SH,nReglementiert,0,0,0,0,0,0,0,0,0
Bibliothek,"Bibliothek, Informationswesen, Archiv",AR,abt-total,1,0,1,1,0,1,0,0,0
Bibliothek,"Bibliothek, Informationswesen, Archiv",AR,EFZ,1,0,1,1,0,1,0,0,0
Bibliothek,"Bibliothek, Informationswesen, Archiv",AR,EBA,0,0,0,0,0,0,0,0,0
Bibliothek,"Bibliothek, Informationswesen, Archiv",AR,nReglementiert,0,0,0,0,0,0,0,0,0
Bibliothek,"Bibliothek, Informationswesen, Archiv",AI,abt-total,0,0,0,0,0,0,0,0,0
Bibliothek,"Bibliothek, Informationswesen, Archiv",AI,EFZ,0,0,0,0,0,0,0,0,0
Bibliothek,"Bibliothek, Informationswesen, Archiv",AI,EBA,0,0,0,0,0,0,0,0,0
Bibliothek,"Bibliothek, Informationswesen, Archiv",AI,nReglementiert,0,0,0,0,0,0,0,0,0
Bibliothek,"Bibliothek, Informationswesen, Archiv",SG,abt-total,2,0,2,0,0,0,2,0,2
Bibliothek,"Bibliothek, Informationswesen, Archiv",SG,EFZ,2,0,2,0,0,0,2,0,2
Bibliothek,"Bibliothek, Informationswesen, Archiv",SG,EBA,0,0,0,0,0,0,0,0,0
Bibliothek,"Bibliothek, Informationswesen, Archiv",SG,nReglementiert,0,0,0,0,0,0,0,0,0
Bibliothek,"Bibliothek, Informationswesen, Archiv",GR,abt-total,1,0,1,1,0,1,0,0,0
Bibliothek,"Bibliothek, Informationswesen, Archiv",GR,EFZ,1,0,1,1,0,1,0,0,0
Bibliothek,"Bibliothek, Informationswesen, Archiv",GR,EBA,0,0,0,0,0,0,0,0,0
Bibliothek,"Bibliothek, Informationswesen, Archiv",GR,nReglementiert,0,0,0,0,0,0,0,0,0
Bibliothek,"Bibliothek, Informationswesen, Archiv",AG,abt-total,3,0,3,0,0,0,3,0,3
Bibliothek,"Bibliothek, Informationswesen, Archiv",AG,EFZ,3,0,3,0,0,0,3,0,3
Bibliothek,"Bibliothek, Informationswesen, Archiv",AG,EBA,0,0,0,0,0,0,0,0,0
Bibliothek,"Bibliothek, Informationswesen, Archiv",AG,nReglementiert,0,0,0,0,0,0,0,0,0
Bibliothek,"Bibliothek, Informationswesen, Archiv",TG,abt-total,0,0,0,0,0,0,0,0,0
Bibliothek,"Bibliothek, Informationswesen, Archiv",TG,EFZ,0,0,0,0,0,0,0,0,0
Bibliothek,"Bibliothek, Informationswesen, Archiv",TG,EBA,0,0,0,0,0,0,0,0,0
Bibliothek,"Bibliothek, Informationswesen, Archiv",TG,nReglementiert,0,0,0,0,0,0,0,0,0
Bibliothek,"Bibliothek, Informationswesen, Archiv",TI,abt-total,0,0,0,0,0,0,0,0,0
Bibliothek,"Bibliothek, Informationswesen, Archiv",TI,EFZ,0,0,0,0,0,0,0,0,0
Bibliothek,"Bibliothek, Informationswesen, Archiv",TI,EBA,0,0,0,0,0,0,0,0,0
Bibliothek,"Bibliothek, Informationswesen, Archiv",TI,nReglementiert,0,0,0,0,0,0,0,0,0
Bibliothek,"Bibliothek, Informationswesen, Archiv",VD,abt-total,13,0,13,2,0,2,11,0,11
Bibliothek,"Bibliothek, Informationswesen, Archiv",VD,EFZ,13,0,13,2,0,2,11,0,11
Bibliothek,"Bibliothek, Informationswesen, Archiv",VD,EBA,0,0,0,0,0,0,0,0,0
Bibliothek,"Bibliothek, Informationswesen, Archiv",VD,nReglementiert,0,0,0,0,0,0,0,0,0
Bibliothek,"Bibliothek, Informationswesen, Archiv",VS,abt-total,9,0,9,4,0,4,5,0,5
Bibliothek,"Bibliothek, Informationswesen, Archiv",VS,EFZ,9,0,9,4,0,4,5,0,5
Bibliothek,"Bibliothek, Informationswesen, Archiv",VS,EBA,0,0,0,0,0,0,0,0,0
Bibliothek,"Bibliothek, Informationswesen, Archiv",VS,nReglementiert,0,0,0,0,0,0,0,0,0
Bibliothek,"Bibliothek, Informationswesen, Archiv",NE,abt-total,8,0,8,4,0,4,4,0,4
Bibliothek,"Bibliothek, Informationswesen, Archiv",NE,EFZ,8,0,8,4,0,4,4,0,4
Bibliothek,"Bibliothek, Informationswesen, Archiv",NE,EBA,0,0,0,0,0,0,0,0,0
Bibliothek,"Bibliothek, Informationswesen, Archiv",NE,nReglementiert,0,0,0,0,0,0,0,0,0
Bibliothek,"Bibliothek, Informationswesen, Archiv",GE,abt-total,16,0,16,2,0,2,14,0,14
Bibliothek,"Bibliothek, Informationswesen, Archiv",GE,EFZ,16,0,16,2,0,2,14,0,14
Bibliothek,"Bibliothek, Informationswesen, Archiv",GE,EBA,0,0,0,0,0,0,0,0,0
Bibliothek,"Bibliothek, Informationswesen, Archiv",GE,nReglementiert,0,0,0,0,0,0,0,0,0
Bibliothek,"Bibliothek, Informationswesen, Archiv",JU,abt-total,4,0,4,0,0,0,4,0,4
Bibliothek,"Bibliothek, Informationswesen, Archiv",JU,EFZ,4,0,4,0,0,0,4,0,4
Bibliothek,"Bibliothek, Informationswesen, Archiv",JU,EBA,0,0,0,0,0,0,0,0,0
Bibliothek,"Bibliothek, Informationswesen, Archiv",JU,nReglementiert,0,0,0,0,0,0,0,0,0
Handel,Handel,,abt-total,9969,2,9967,4330,1,4329,5639,1,5638
Handel,Handel,,EFZ,8079,0,8079,3557,0,3557,4522,0,4522
Handel,Handel,,EBA,1890,2,1888,773,1,772,1117,1,1116
Handel,Handel,,nReglementiert,0,0,0,0,0,0,0,0,0
Handel,Handel,ZH,abt-total,1771,0,1771,842,0,842,929,0,929
Handel,Handel,ZH,EFZ,1382,0,1382,663,0,663,719,0,719
Handel,Handel,ZH,EBA,389,0,389,179,0,179,210,0,210
Handel,Handel,ZH,nReglementiert,0,0,0,0,0,0,0,0,0
Handel,Handel,BE,abt-total,1261,0,1261,506,0,506,755,0,755
Handel,Handel,BE,EFZ,1012,0,1012,419,0,419,593,0,593
Handel,Handel,BE,EBA,249,0,249,87,0,87,162,0,162
Handel,Handel,BE,nReglementiert,0,0,0,0,0,0,0,0,0
Handel,Handel,LU,abt-total,622,0,622,241,0,241,381,0,381
Handel,Handel,LU,EFZ,503,0,503,203,0,203,300,0,300
Handel,Handel,LU,EBA,119,0,119,38,0,38,81,0,81
Handel,Handel,LU,nReglementiert,0,0,0,0,0,0,0,0,0
Handel,Handel,UR,abt-total,33,0,33,9,0,9,24,0,24
Handel,Handel,UR,EFZ,32,0,32,9,0,9,23,0,23
Handel,Handel,UR,EBA,1,0,1,0,0,0,1,0,1
Handel,Handel,UR,nReglementiert,0,0,0,0,0,0,0,0,0
Handel,Handel,SZ,abt-total,176,0,176,59,0,59,117,0,117
Handel,Handel,SZ,EFZ,148,0,148,52,0,52,96,0,96
Handel,Handel,SZ,EBA,28,0,28,7,0,7,21,0,21
Handel,Handel,SZ,nReglementiert,0,0,0,0,0,0,0,0,0
Handel,Handel,OW,abt-total,29,0,29,9,0,9,20,0,20
Handel,Handel,OW,EFZ,23,0,23,8,0,8,15,0,15
Handel,Handel,OW,EBA,6,0,6,1,0,1,5,0,5
Handel,Handel,OW,nReglementiert,0,0,0,0,0,0,0,0,0
Handel,Handel,NW,abt-total,52,0,52,15,0,15,37,0,37
Handel,Handel,NW,EFZ,45,0,45,13,0,13,32,0,32
Handel,Handel,NW,EBA,7,0,7,2,0,2,5,0,5
Handel,Handel,NW,nReglementiert,0,0,0,0,0,0,0,0,0
Handel,Handel,GL,abt-total,42,0,42,15,0,15,27,0,27
Handel,Handel,GL,EFZ,31,0,31,9,0,9,22,0,22
Handel,Handel,GL,EBA,11,0,11,6,0,6,5,0,5
Handel,Handel,GL,nReglementiert,0,0,0,0,0,0,0,0,0
Handel,Handel,ZG,abt-total,178,0,178,68,0,68,110,0,110
Handel,Handel,ZG,EFZ,137,0,137,54,0,54,83,0,83
Handel,Handel,ZG,EBA,41,0,41,14,0,14,27,0,27
Handel,Handel,ZG,nReglementiert,0,0,0,0,0,0,0,0,0
Handel,Handel,FR,abt-total,311,0,311,117,0,117,194,0,194
Handel,Handel,FR,EFZ,282,0,282,110,0,110,172,0,172
Handel,Handel,FR,EBA,29,0,29,7,0,7,22,0,22
Handel,Handel,FR,nReglementiert,0,0,0,0,0,0,0,0,0
Handel,Handel,SO,abt-total,345,0,345,160,0,160,185,0,185
Handel,Handel,SO,EFZ,250,0,250,120,0,120,130,0,130
Handel,Handel,SO,EBA,95,0,95,40,0,40,55,0,55
Handel,Handel,SO,nReglementiert,0,0,0,0,0,0,0,0,0
Handel,Handel,BS,abt-total,283,0,283,106,0,106,177,0,177
Handel,Handel,BS,EFZ,217,0,217,84,0,84,133,0,133
Handel,Handel,BS,EBA,66,0,66,22,0,22,44,0,44
Handel,Handel,BS,nReglementiert,0,0,0,0,0,0,0,0,0
Handel,Handel,BL,abt-total,290,0,290,165,0,165,125,0,125
Handel,Handel,BL,EFZ,236,0,236,142,0,142,94,0,94
Handel,Handel,BL,EBA,54,0,54,23,0,23,31,0,31
Handel,Handel,Bl,nReglementiert,0,0,0,0,0,0,0,0,0
Handel,Handel,SH,abt-total,115,0,115,54,0,54,61,0,61
Handel,Handel,SH,EFZ,92,0,92,43,0,43,49,0,49
Handel,Handel,SH,EBA,23,0,23,11,0,11,12,0,12
Handel,Handel,SH,nReglementiert,0,0,0,0,0,0,0,0,0
Handel,Handel,AR,abt-total,42,0,42,17,0,17,25,0,25
Handel,Handel,AR,EFZ,33,0,33,11,0,11,22,0,22
Handel,Handel,AR,EBA,9,0,9,6,0,6,3,0,3
Handel,Handel,AR,nReglementiert,0,0,0,0,0,0,0,0,0
Handel,Handel,AI,abt-total,23,0,23,2,0,2,21,0,21
Handel,Handel,AI,EFZ,20,0,20,1,0,1,19,0,19
Handel,Handel,AI,EBA,3,0,3,1,0,1,2,0,2
Handel,Handel,AI,nReglementiert,0,0,0,0,0,0,0,0,0
Handel,Handel,SG,abt-total,809,0,809,313,0,313,496,0,496
Handel,Handel,SG,EFZ,651,0,651,247,0,247,404,0,404
Handel,Handel,SG,EBA,158,0,158,66,0,66,92,0,92
Handel,Handel,SG,nReglementiert,0,0,0,0,0,0,0,0,0
Handel,Handel,GR,abt-total,235,0,235,80,0,80,155,0,155
Handel,Handel,GR,EFZ,192,0,192,67,0,67,125,0,125
Handel,Handel,GR,EBA,43,0,43,13,0,13,30,0,30
Handel,Handel,GR,nReglementiert,0,0,0,0,0,0,0,0,0
Handel,Handel,AG,abt-total,809,0,809,365,0,365,444,0,444
Handel,Handel,AG,EFZ,641,0,641,300,0,300,341,0,341
Handel,Handel,AG,EBA,168,0,168,65,0,65,103,0,103
Handel,Handel,AG,nReglementiert,0,0,0,0,0,0,0,0,0
Handel,Handel,TG,abt-total,314,0,314,128,0,128,186,0,186
Handel,Handel,TG,EFZ,243,0,243,102,0,102,141,0,141
Handel,Handel,TG,EBA,71,0,71,26,0,26,45,0,45
Handel,Handel,TG,nReglementiert,0,0,0,0,0,0,0,0,0
Handel,Handel,TI,abt-total,309,2,307,151,1,150,158,1,157
Handel,Handel,TI,EFZ,272,0,272,131,0,131,141,0,141
Handel,Handel,TI,EBA,37,2,35,20,1,19,17,1,16
Handel,Handel,TI,nReglementiert,0,0,0,0,0,0,0,0,0
Handel,Handel,VD,abt-total,809,0,809,388,0,388,421,0,421
Handel,Handel,VD,EFZ,697,0,697,329,0,329,368,0,368
Handel,Handel,VD,EBA,112,0,112,59,0,59,53,0,53
Handel,Handel,VD,nReglementiert,0,0,0,0,0,0,0,0,0
Handel,Handel,VS,abt-total,403,0,403,160,0,160,243,0,243
Handel,Handel,VS,EFZ,335,0,335,141,0,141,194,0,194
Handel,Handel,VS,EBA,68,0,68,19,0,19,49,0,49
Handel,Handel,VS,nReglementiert,0,0,0,0,0,0,0,0,0
Handel,Handel,NE,abt-total,211,0,211,89,0,89,122,0,122
Handel,Handel,NE,EFZ,193,0,193,79,0,79,114,0,114
Handel,Handel,NE,EBA,18,0,18,10,0,10,8,0,8
Handel,Handel,NE,nReglementiert,0,0,0,0,0,0,0,0,0
Handel,Handel,GE,abt-total,402,0,402,239,0,239,163,0,163
Handel,Handel,GE,EFZ,325,0,325,190,0,190,135,0,135
Handel,Handel,GE,EBA,77,0,77,49,0,49,28,0,28
Handel,Handel,GE,nReglementiert,0,0,0,0,0,0,0,0,0
Handel,Handel,JU,abt-total,95,0,95,32,0,32,63,0,63
Handel,Handel,JU,EFZ,87,0,87,30,0,30,57,0,57
Handel,Handel,JU,EBA,8,0,8,2,0,2,6,0,6
Handel,Handel,JU,nReglementiert,0,0,0,0,0,0,0,0,0
Sektretariat,Sekretariats- und Büroarbeit,,abt-total,502,29,473,154,12,142,348,17,331
Sektretariat,Sekretariats- und Büroarbeit,,EFZ,0,0,0,0,0,0,0,0,0
Sektretariat,Sekretariats- und Büroarbeit,,EBA,502,29,473,154,12,142,348,17,331
Sektretariat,Sekretariats- und Büroarbeit,,nReglementiert,0,0,0,0,0,0,0,0,0
Sektretariat,Sekretariats- und Büroarbeit,ZH,abt-total,77,0,77,24,0,24,53,0,53
Sektretariat,Sekretariats- und Büroarbeit,ZH,EFZ,0,0,0,0,0,0,0,0,0
Sektretariat,Sekretariats- und Büroarbeit,ZH,EBA,77,0,77,24,0,24,53,0,53
Sektretariat,Sekretariats- und Büroarbeit,ZH,nReglementiert,0,0,0,0,0,0,0,0,0
Sektretariat,Sekretariats- und Büroarbeit,BE,abt-total,52,0,52,19,0,19,33,0,33
Sektretariat,Sekretariats- und Büroarbeit,BE,EFZ,0,0,0,0,0,0,0,0,0
Sektretariat,Sekretariats- und Büroarbeit,BE,EBA,52,0,52,19,0,19,33,0,33
Sektretariat,Sekretariats- und Büroarbeit,BE,nReglementiert,0,0,0,0,0,0,0,0,0
Sektretariat,Sekretariats- und Büroarbeit,LU,abt-total,27,0,27,9,0,9,18,0,18
Sektretariat,Sekretariats- und Büroarbeit,LU,EFZ,0,0,0,0,0,0,0,0,0
Sektretariat,Sekretariats- und Büroarbeit,LU,EBA,27,0,27,9,0,9,18,0,18
Sektretariat,Sekretariats- und Büroarbeit,LU,nReglementiert,0,0,0,0,0,0,0,0,0
Sektretariat,Sekretariats- und Büroarbeit,UR,abt-total,2,0,2,0,0,0,2,0,2
Sektretariat,Sekretariats- und Büroarbeit,UR,EFZ,0,0,0,0,0,0,0,0,0
Sektretariat,Sekretariats- und Büroarbeit,UR,EBA,2,0,2,0,0,0,2,0,2
Sektretariat,Sekretariats- und Büroarbeit,UR,nReglementiert,0,0,0,0,0,0,0,0,0
Sektretariat,Sekretariats- und Büroarbeit,SZ,abt-total,1,0,1,0,0,0,1,0,1
Sektretariat,Sekretariats- und Büroarbeit,SZ,EFZ,0,0,0,0,0,0,0,0,0
Sektretariat,Sekretariats- und Büroarbeit,SZ,EBA,1,0,1,0,0,0,1,0,1
Sektretariat,Sekretariats- und Büroarbeit,SZ,nReglementiert,0,0,0,0,0,0,0,0,0
Sektretariat,Sekretariats- und Büroarbeit,OW,abt-total,1,0,1,0,0,0,1,0,1
Sektretariat,Sekretariats- und Büroarbeit,OW,EFZ,0,0,0,0,0,0,0,0,0
Sektretariat,Sekretariats- und Büroarbeit,OW,EBA,1,0,1,0,0,0,1,0,1
Sektretariat,Sekretariats- und Büroarbeit,OW,nReglementiert,0,0,0,0,0,0,0,0,0
Sektretariat,Sekretariats- und Büroarbeit,NW,abt-total,0,0,0,0,0,0,0,0,0
Sektretariat,Sekretariats- und Büroarbeit,NW,EFZ,0,0,0,0,0,0,0,0,0
Sektretariat,Sekretariats- und Büroarbeit,NW,EBA,0,0,0,0,0,0,0,0,0
Sektretariat,Sekretariats- und Büroarbeit,NW,nReglementiert,0,0,0,0,0,0,0,0,0
Sektretariat,Sekretariats- und Büroarbeit,GL,abt-total,1,0,1,0,0,0,1,0,1
Sektretariat,Sekretariats- und Büroarbeit,GL,EFZ,0,0,0,0,0,0,0,0,0
Sektretariat,Sekretariats- und Büroarbeit,GL,EBA,1,0,1,0,0,0,1,0,1
Sektretariat,Sekretariats- und Büroarbeit,GL,nReglementiert,0,0,0,0,0,0,0,0,0
Sektretariat,Sekretariats- und Büroarbeit,ZG,abt-total,18,8,10,9,8,1,9,0,9
Sektretariat,Sekretariats- und Büroarbeit,ZG,EFZ,0,0,0,0,0,0,0,0,0
Sektretariat,Sekretariats- und Büroarbeit,ZG,EBA,18,8,10,9,8,1,9,0,9
Sektretariat,Sekretariats- und Büroarbeit,ZG,nReglementiert,0,0,0,0,0,0,0,0,0
Sektretariat,Sekretariats- und Büroarbeit,FR,abt-total,11,0,11,1,0,1,10,0,10
Sektretariat,Sekretariats- und Büroarbeit,FR,EFZ,0,0,0,0,0,0,0,0,0
Sektretariat,Sekretariats- und Büroarbeit,FR,EBA,11,0,11,1,0,1,10,0,10
Sektretariat,Sekretariats- und Büroarbeit,FR,nReglementiert,0,0,0,0,0,0,0,0,0
Sektretariat,Sekretariats- und Büroarbeit,SO,abt-total,10,0,10,0,0,0,10,0,10
Sektretariat,Sekretariats- und Büroarbeit,SO,EFZ,0,0,0,0,0,0,0,0,0
Sektretariat,Sekretariats- und Büroarbeit,SO,EBA,10,0,10,0,0,0,10,0,10
Sektretariat,Sekretariats- und Büroarbeit,SO,nReglementiert,0,0,0,0,0,0,0,0,0
Sektretariat,Sekretariats- und Büroarbeit,BS,abt-total,93,0,93,35,0,35,58,0,58
Sektretariat,Sekretariats- und Büroarbeit,BS,EFZ,0,0,0,0,0,0,0,0,0
Sektretariat,Sekretariats- und Büroarbeit,BS,EBA,93,0,93,35,0,35,58,0,58
Sektretariat,Sekretariats- und Büroarbeit,BS,nReglementiert,0,0,0,0,0,0,0,0,0
Sektretariat,Sekretariats- und Büroarbeit,BL,abt-total,48,0,48,15,0,15,33,0,33
Sektretariat,Sekretariats- und Büroarbeit,BL,EFZ,0,0,0,0,0,0,0,0,0
Sektretariat,Sekretariats- und Büroarbeit,BL,EBA,48,0,48,15,0,15,33,0,33
Sektretariat,Sekretariats- und Büroarbeit,Bl,nReglementiert,0,0,0,0,0,0,0,0,0
Sektretariat,Sekretariats- und Büroarbeit,SH,abt-total,3,0,3,0,0,0,3,0,3
Sektretariat,Sekretariats- und Büroarbeit,SH,EFZ,0,0,0,0,0,0,0,0,0
Sektretariat,Sekretariats- und Büroarbeit,SH,EBA,3,0,3,0,0,0,3,0,3
Sektretariat,Sekretariats- und Büroarbeit,SH,nReglementiert,0,0,0,0,0,0,0,0,0
Sektretariat,Sekretariats- und Büroarbeit,AR,abt-total,0,0,0,0,0,0,0,0,0
Sektretariat,Sekretariats- und Büroarbeit,AR,EFZ,0,0,0,0,0,0,0,0,0
Sektretariat,Sekretariats- und Büroarbeit,AR,EBA,0,0,0,0,0,0,0,0,0
Sektretariat,Sekretariats- und Büroarbeit,AR,nReglementiert,0,0,0,0,0,0,0,0,0
Sektretariat,Sekretariats- und Büroarbeit,AI,abt-total,0,0,0,0,0,0,0,0,0
Sektretariat,Sekretariats- und Büroarbeit,AI,EFZ,0,0,0,0,0,0,0,0,0
Sektretariat,Sekretariats- und Büroarbeit,AI,EBA,0,0,0,0,0,0,0,0,0
Sektretariat,Sekretariats- und Büroarbeit,AI,nReglementiert,0,0,0,0,0,0,0,0,0
Sektretariat,Sekretariats- und Büroarbeit,SG,abt-total,21,0,21,6,0,6,15,0,15
Sektretariat,Sekretariats- und Büroarbeit,SG,EFZ,0,0,0,0,0,0,0,0,0
Sektretariat,Sekretariats- und Büroarbeit,SG,EBA,21,0,21,6,0,6,15,0,15
Sektretariat,Sekretariats- und Büroarbeit,SG,nReglementiert,0,0,0,0,0,0,0,0,0
Sektretariat,Sekretariats- und Büroarbeit,GR,abt-total,7,0,7,4,0,4,3,0,3
Sektretariat,Sekretariats- und Büroarbeit,GR,EFZ,0,0,0,0,0,0,0,0,0
Sektretariat,Sekretariats- und Büroarbeit,GR,EBA,7,0,7,4,0,4,3,0,3
Sektretariat,Sekretariats- und Büroarbeit,GR,nReglementiert,0,0,0,0,0,0,0,0,0
Sektretariat,Sekretariats- und Büroarbeit,AG,abt-total,21,0,21,3,0,3,18,0,18
Sektretariat,Sekretariats- und Büroarbeit,AG,EFZ,0,0,0,0,0,0,0,0,0
Sektretariat,Sekretariats- und Büroarbeit,AG,EBA,21,0,21,3,0,3,18,0,18
Sektretariat,Sekretariats- und Büroarbeit,AG,nReglementiert,0,0,0,0,0,0,0,0,0
Sektretariat,Sekretariats- und Büroarbeit,TG,abt-total,5,0,5,5,0,5,0,0,0
Sektretariat,Sekretariats- und Büroarbeit,TG,EFZ,0,0,0,0,0,0,0,0,0
Sektretariat,Sekretariats- und Büroarbeit,TG,EBA,5,0,5,5,0,5,0,0,0
Sektretariat,Sekretariats- und Büroarbeit,TG,nReglementiert,0,0,0,0,0,0,0,0,0
Sektretariat,Sekretariats- und Büroarbeit,TI,abt-total,8,0,8,5,0,5,3,0,3
Sektretariat,Sekretariats- und Büroarbeit,TI,EFZ,0,0,0,0,0,0,0,0,0
Sektretariat,Sekretariats- und Büroarbeit,TI,EBA,8,0,8,5,0,5,3,0,3
Sektretariat,Sekretariats- und Büroarbeit,TI,nReglementiert,0,0,0,0,0,0,0,0,0
Sektretariat,Sekretariats- und Büroarbeit,VD,abt-total,40,0,40,6,0,6,34,0,34
Sektretariat,Sekretariats- und Büroarbeit,VD,EFZ,0,0,0,0,0,0,0,0,0
Sektretariat,Sekretariats- und Büroarbeit,VD,EBA,40,0,40,6,0,6,34,0,34
Sektretariat,Sekretariats- und Büroarbeit,VD,nReglementiert,0,0,0,0,0,0,0,0,0
Sektretariat,Sekretariats- und Büroarbeit,VS,abt-total,5,0,5,1,0,1,4,0,4
Sektretariat,Sekretariats- und Büroarbeit,VS,EFZ,0,0,0,0,0,0,0,0,0
Sektretariat,Sekretariats- und Büroarbeit,VS,EBA,5,0,5,1,0,1,4,0,4
Sektretariat,Sekretariats- und Büroarbeit,VS,nReglementiert,0,0,0,0,0,0,0,0,0
Sektretariat,Sekretariats- und Büroarbeit,NE,abt-total,2,0,2,1,0,1,1,0,1
Sektretariat,Sekretariats- und Büroarbeit,NE,EFZ,0,0,0,0,0,0,0,0,0
Sektretariat,Sekretariats- und Büroarbeit,NE,EBA,2,0,2,1,0,1,1,0,1
Sektretariat,Sekretariats- und Büroarbeit,NE,nReglementiert,0,0,0,0,0,0,0,0,0
Sektretariat,Sekretariats- und Büroarbeit,GE,abt-total,48,21,27,10,4,6,38,17,21
Sektretariat,Sekretariats- und Büroarbeit,GE,EFZ,0,0,0,0,0,0,0,0,0
Sektretariat,Sekretariats- und Büroarbeit,GE,EBA,48,21,27,10,4,6,38,17,21
Sektretariat,Sekretariats- und Büroarbeit,GE,nReglementiert,0,0,0,0,0,0,0,0,0
Sektretariat,Sekretariats- und Büroarbeit,JU,abt-total,1,0,1,1,0,1,0,0,0
Sektretariat,Sekretariats- und Büroarbeit,JU,EFZ,0,0,0,0,0,0,0,0,0
Sektretariat,Sekretariats- und Büroarbeit,JU,EBA,1,0,1,1,0,1,0,0,0
Sektretariat,Sekretariats- und Büroarbeit,JU,nReglementiert,0,0,0,0,0,0,0,0,0
Wirtschaft,Wirtschaft und Verwaltung,,abt-total,14637,3852,10785,5983,2130,3853,8654,1722,6932
Wirtschaft,Wirtschaft und Verwaltung,,EFZ,14637,3852,10785,5983,2130,3853,8654,1722,6932
Wirtschaft,Wirtschaft und Verwaltung,,EBA,0,0,0,0,0,0,0,0,0
Wirtschaft,Wirtschaft und Verwaltung,,nReglementiert,0,0,0,0,0,0,0,0,0
Wirtschaft,Wirtschaft und Verwaltung,ZH,abt-total,2147,0,2147,799,0,799,1348,0,1348
Wirtschaft,Wirtschaft und Verwaltung,ZH,EFZ,2147,0,2147,799,0,799,1348,0,1348
Wirtschaft,Wirtschaft und Verwaltung,ZH,EBA,0,0,0,0,0,0,0,0,0
Wirtschaft,Wirtschaft und Verwaltung,ZH,nReglementiert,0,0,0,0,0,0,0,0,0
Wirtschaft,Wirtschaft und Verwaltung,BE,abt-total,1769,388,1381,687,198,489,1082,190,892
Wirtschaft,Wirtschaft und Verwaltung,BE,EFZ,1769,388,1381,687,198,489,1082,190,892
Wirtschaft,Wirtschaft und Verwaltung,BE,EBA,0,0,0,0,0,0,0,0,0
Wirtschaft,Wirtschaft und Verwaltung,BE,nReglementiert,0,0,0,0,0,0,0,0,0
Wirtschaft,Wirtschaft und Verwaltung,LU,abt-total,591,87,504,187,41,146,404,46,358
Wirtschaft,Wirtschaft und Verwaltung,LU,EFZ,591,87,504,187,41,146,404,46,358
Wirtschaft,Wirtschaft und Verwaltung,LU,EBA,0,0,0,0,0,0,0,0,0
Wirtschaft,Wirtschaft und Verwaltung,LU,nReglementiert,0,0,0,0,0,0,0,0,0
Wirtschaft,Wirtschaft und Verwaltung,UR,abt-total,50,0,50,14,0,14,36,0,36
Wirtschaft,Wirtschaft und Verwaltung,UR,EFZ,50,0,50,14,0,14,36,0,36
Wirtschaft,Wirtschaft und Verwaltung,UR,EBA,0,0,0,0,0,0,0,0,0
Wirtschaft,Wirtschaft und Verwaltung,UR,nReglementiert,0,0,0,0,0,0,0,0,0
Wirtschaft,Wirtschaft und Verwaltung,SZ,abt-total,160,21,139,52,10,42,108,11,97
Wirtschaft,Wirtschaft und Verwaltung,SZ,EFZ,160,21,139,52,10,42,108,11,97
Wirtschaft,Wirtschaft und Verwaltung,SZ,EBA,0,0,0,0,0,0,0,0,0
Wirtschaft,Wirtschaft und Verwaltung,SZ,nReglementiert,0,0,0,0,0,0,0,0,0
Wirtschaft,Wirtschaft und Verwaltung,OW,abt-total,62,12,50,21,6,15,41,6,35
Wirtschaft,Wirtschaft und Verwaltung,OW,EFZ,62,12,50,21,6,15,41,6,35
Wirtschaft,Wirtschaft und Verwaltung,OW,EBA,0,0,0,0,0,0,0,0,0
Wirtschaft,Wirtschaft und Verwaltung,OW,nReglementiert,0,0,0,0,0,0,0,0,0
Wirtschaft,Wirtschaft und Verwaltung,NW,abt-total,47,0,47,12,0,12,35,0,35
Wirtschaft,Wirtschaft und Verwaltung,NW,EFZ,47,0,47,12,0,12,35,0,35
Wirtschaft,Wirtschaft und Verwaltung,NW,EBA,0,0,0,0,0,0,0,0,0
Wirtschaft,Wirtschaft und Verwaltung,NW,nReglementiert,0,0,0,0,0,0,0,0,0
Wirtschaft,Wirtschaft und Verwaltung,GL,abt-total,67,0,67,22,0,22,45,0,45
Wirtschaft,Wirtschaft und Verwaltung,GL,EFZ,67,0,67,22,0,22,45,0,45
Wirtschaft,Wirtschaft und Verwaltung,GL,EBA,0,0,0,0,0,0,0,0,0
Wirtschaft,Wirtschaft und Verwaltung,GL,nReglementiert,0,0,0,0,0,0,0,0,0
Wirtschaft,Wirtschaft und Verwaltung,ZG,abt-total,299,64,235,115,32,83,184,32,152
Wirtschaft,Wirtschaft und Verwaltung,ZG,EFZ,299,64,235,115,32,83,184,32,152
Wirtschaft,Wirtschaft und Verwaltung,ZG,EBA,0,0,0,0,0,0,0,0,0
Wirtschaft,Wirtschaft und Verwaltung,ZG,nReglementiert,0,0,0,0,0,0,0,0,0
Wirtschaft,Wirtschaft und Verwaltung,FR,abt-total,518,108,410,199,57,142,319,51,268
Wirtschaft,Wirtschaft und Verwaltung,FR,EFZ,518,108,410,199,57,142,319,51,268
Wirtschaft,Wirtschaft und Verwaltung,FR,EBA,0,0,0,0,0,0,0,0,0
Wirtschaft,Wirtschaft und Verwaltung,FR,nReglementiert,0,0,0,0,0,0,0,0,0
Wirtschaft,Wirtschaft und Verwaltung,SO,abt-total,317,0,317,107,0,107,210,0,210
Wirtschaft,Wirtschaft und Verwaltung,SO,EFZ,317,0,317,107,0,107,210,0,210
Wirtschaft,Wirtschaft und Verwaltung,SO,EBA,0,0,0,0,0,0,0,0,0
Wirtschaft,Wirtschaft und Verwaltung,SO,nReglementiert,0,0,0,0,0,0,0,0,0
Wirtschaft,Wirtschaft und Verwaltung,BS,abt-total,307,0,307,126,0,126,181,0,181
Wirtschaft,Wirtschaft und Verwaltung,BS,EFZ,307,0,307,126,0,126,181,0,181
Wirtschaft,Wirtschaft und Verwaltung,BS,EBA,0,0,0,0,0,0,0,0,0
Wirtschaft,Wirtschaft und Verwaltung,BS,nReglementiert,0,0,0,0,0,0,0,0,0
Wirtschaft,Wirtschaft und Verwaltung,BL,abt-total,457,206,251,229,122,107,228,84,144
Wirtschaft,Wirtschaft und Verwaltung,BL,EFZ,457,206,251,229,122,107,228,84,144
Wirtschaft,Wirtschaft und Verwaltung,BL,EBA,0,0,0,0,0,0,0,0,0
Wirtschaft,Wirtschaft und Verwaltung,Bl,nReglementiert,0,0,0,0,0,0,0,0,0
Wirtschaft,Wirtschaft und Verwaltung,SH,abt-total,153,20,133,56,14,42,97,6,91
Wirtschaft,Wirtschaft und Verwaltung,SH,EFZ,153,20,133,56,14,42,97,6,91
Wirtschaft,Wirtschaft und Verwaltung,SH,EBA,0,0,0,0,0,0,0,0,0
Wirtschaft,Wirtschaft und Verwaltung,SH,nReglementiert,0,0,0,0,0,0,0,0,0
Wirtschaft,Wirtschaft und Verwaltung,AR,abt-total,50,0,50,20,0,20,30,0,30
Wirtschaft,Wirtschaft und Verwaltung,AR,EFZ,50,0,50,20,0,20,30,0,30
Wirtschaft,Wirtschaft und Verwaltung,AR,EBA,0,0,0,0,0,0,0,0,0
Wirtschaft,Wirtschaft und Verwaltung,AR,nReglementiert,0,0,0,0,0,0,0,0,0
Wirtschaft,Wirtschaft und Verwaltung,AI,abt-total,15,0,15,6,0,6,9,0,9
Wirtschaft,Wirtschaft und Verwaltung,AI,EFZ,15,0,15,6,0,6,9,0,9
Wirtschaft,Wirtschaft und Verwaltung,AI,EBA,0,0,0,0,0,0,0,0,0
Wirtschaft,Wirtschaft und Verwaltung,AI,nReglementiert,0,0,0,0,0,0,0,0,0
Wirtschaft,Wirtschaft und Verwaltung,SG,abt-total,934,116,818,359,66,293,575,50,525
Wirtschaft,Wirtschaft und Verwaltung,SG,EFZ,934,116,818,359,66,293,575,50,525
Wirtschaft,Wirtschaft und Verwaltung,SG,EBA,0,0,0,0,0,0,0,0,0
Wirtschaft,Wirtschaft und Verwaltung,SG,nReglementiert,0,0,0,0,0,0,0,0,0
Wirtschaft,Wirtschaft und Verwaltung,GR,abt-total,263,0,263,81,0,81,182,0,182
Wirtschaft,Wirtschaft und Verwaltung,GR,EFZ,263,0,263,81,0,81,182,0,182
Wirtschaft,Wirtschaft und Verwaltung,GR,EBA,0,0,0,0,0,0,0,0,0
Wirtschaft,Wirtschaft und Verwaltung,GR,nReglementiert,0,0,0,0,0,0,0,0,0
Wirtschaft,Wirtschaft und Verwaltung,AG,abt-total,1025,149,876,420,98,322,605,51,554
Wirtschaft,Wirtschaft und Verwaltung,AG,EFZ,1025,149,876,420,98,322,605,51,554
Wirtschaft,Wirtschaft und Verwaltung,AG,EBA,0,0,0,0,0,0,0,0,0
Wirtschaft,Wirtschaft und Verwaltung,AG,nReglementiert,0,0,0,0,0,0,0,0,0
Wirtschaft,Wirtschaft und Verwaltung,TG,abt-total,314,33,281,123,25,98,191,8,183
Wirtschaft,Wirtschaft und Verwaltung,TG,EFZ,314,33,281,123,25,98,191,8,183
Wirtschaft,Wirtschaft und Verwaltung,TG,EBA,0,0,0,0,0,0,0,0,0
Wirtschaft,Wirtschaft und Verwaltung,TG,nReglementiert,0,0,0,0,0,0,0,0,0
Wirtschaft,Wirtschaft und Verwaltung,TI,abt-total,1149,865,284,538,427,111,611,438,173
Wirtschaft,Wirtschaft und Verwaltung,TI,EFZ,1149,865,284,538,427,111,611,438,173
Wirtschaft,Wirtschaft und Verwaltung,TI,EBA,0,0,0,0,0,0,0,0,0
Wirtschaft,Wirtschaft und Verwaltung,TI,nReglementiert,0,0,0,0,0,0,0,0,0
Wirtschaft,Wirtschaft und Verwaltung,VD,abt-total,1299,326,973,541,188,353,758,138,620
Wirtschaft,Wirtschaft und Verwaltung,VD,EFZ,1299,326,973,541,188,353,758,138,620
Wirtschaft,Wirtschaft und Verwaltung,VD,EBA,0,0,0,0,0,0,0,0,0
Wirtschaft,Wirtschaft und Verwaltung,VD,nReglementiert,0,0,0,0,0,0,0,0,0
Wirtschaft,Wirtschaft und Verwaltung,VS,abt-total,610,264,346,257,144,113,353,120,233
Wirtschaft,Wirtschaft und Verwaltung,VS,EFZ,610,264,346,257,144,113,353,120,233
Wirtschaft,Wirtschaft und Verwaltung,VS,EBA,0,0,0,0,0,0,0,0,0
Wirtschaft,Wirtschaft und Verwaltung,VS,nReglementiert,0,0,0,0,0,0,0,0,0
Wirtschaft,Wirtschaft und Verwaltung,NE,abt-total,394,182,212,162,90,72,232,92,140
Wirtschaft,Wirtschaft und Verwaltung,NE,EFZ,394,182,212,162,90,72,232,92,140
Wirtschaft,Wirtschaft und Verwaltung,NE,EBA,0,0,0,0,0,0,0,0,0
Wirtschaft,Wirtschaft und Verwaltung,NE,nReglementiert,0,0,0,0,0,0,0,0,0
Wirtschaft,Wirtschaft und Verwaltung,GE,abt-total,1420,939,481,762,573,189,658,366,292
Wirtschaft,Wirtschaft und Verwaltung,GE,EFZ,1420,939,481,762,573,189,658,366,292
Wirtschaft,Wirtschaft und Verwaltung,GE,EBA,0,0,0,0,0,0,0,0,0
Wirtschaft,Wirtschaft und Verwaltung,GE,nReglementiert,0,0,0,0,0,0,0,0,0
Wirtschaft,Wirtschaft und Verwaltung,JU,abt-total,220,72,148,88,39,49,132,33,99
Wirtschaft,Wirtschaft und Verwaltung,JU,EFZ,220,72,148,88,39,49,132,33,99
Wirtschaft,Wirtschaft und Verwaltung,JU,EBA,0,0,0,0,0,0,0,0,0
Wirtschaft,Wirtschaft und Verwaltung,JU,nReglementiert,0,0,0,0,0,0,0,0,0
Informatik,Informatik,,abt-total,2066,595,1471,1913,544,1369,153,51,102
Informatik,Informatik,,EFZ,1959,572,1387,1820,528,1292,139,44,95
Informatik,Informatik,,EBA,107,23,84,93,16,77,14,7,7
Informatik,Informatik,,nReglementiert,0,0,0,0,0,0,0,0,0
Informatik,Informatik,ZH,abt-total,483,63,420,446,53,393,37,10,27
Informatik,Informatik,ZH,EFZ,454,63,391,418,53,365,36,10,26
Informatik,Informatik,ZH,EBA,29,0,29,28,0,28,1,0,1
Informatik,Informatik,ZH,nReglementiert,0,0,0,0,0,0,0,0,0
Informatik,Informatik,BE,abt-total,342,59,283,305,49,256,37,10,27
Informatik,Informatik,BE,EFZ,298,36,262,271,33,238,27,3,24
Informatik,Informatik,BE,EBA,44,23,21,34,16,18,10,7,3
Informatik,Informatik,BE,nReglementiert,0,0,0,0,0,0,0,0,0
Informatik,Informatik,LU,abt-total,75,0,75,68,0,68,7,0,7
Informatik,Informatik,LU,EFZ,66,0,66,61,0,61,5,0,5
Informatik,Informatik,LU,EBA,9,0,9,7,0,7,2,0,2
Informatik,Informatik,LU,nReglementiert,0,0,0,0,0,0,0,0,0
Informatik,Informatik,UR,abt-total,1,0,1,1,0,1,0,0,0
Informatik,Informatik,UR,EFZ,1,0,1,1,0,1,0,0,0
Informatik,Informatik,UR,EBA,0,0,0,0,0,0,0,0,0
Informatik,Informatik,UR,nReglementiert,0,0,0,0,0,0,0,0,0
Informatik,Informatik,SZ,abt-total,8,0,8,8,0,8,0,0,0
Informatik,Informatik,SZ,EFZ,7,0,7,7,0,7,0,0,0
Informatik,Informatik,SZ,EBA,1,0,1,1,0,1,0,0,0
Informatik,Informatik,SZ,nReglementiert,0,0,0,0,0,0,0,0,0
Informatik,Informatik,OW,abt-total,5,0,5,5,0,5,0,0,0
Informatik,Informatik,OW,EFZ,4,0,4,4,0,4,0,0,0
Informatik,Informatik,OW,EBA,1,0,1,1,0,1,0,0,0
Informatik,Informatik,OW,nReglementiert,0,0,0,0,0,0,0,0,0
Informatik,Informatik,NW,abt-total,4,0,4,4,0,4,0,0,0
Informatik,Informatik,NW,EFZ,4,0,4,4,0,4,0,0,0
Informatik,Informatik,NW,EBA,0,0,0,0,0,0,0,0,0
Informatik,Informatik,NW,nReglementiert,0,0,0,0,0,0,0,0,0
Informatik,Informatik,GL,abt-total,2,0,2,2,0,2,0,0,0
Informatik,Informatik,GL,EFZ,2,0,2,2,0,2,0,0,0
Informatik,Informatik,GL,EBA,0,0,0,0,0,0,0,0,0
Informatik,Informatik,GL,nReglementiert,0,0,0,0,0,0,0,0,0
Informatik,Informatik,ZG,abt-total,74,0,74,67,0,67,7,0,7
Informatik,Informatik,ZG,EFZ,73,0,73,67,0,67,6,0,6
Informatik,Informatik,ZG,EBA,1,0,1,0,0,0,1,0,1
Informatik,Informatik,ZG,nReglementiert,0,0,0,0,0,0,0,0,0
Informatik,Informatik,FR,abt-total,63,40,23,57,36,21,6,4,2
Informatik,Informatik,FR,EFZ,63,40,23,57,36,21,6,4,2
Informatik,Informatik,FR,EBA,0,0,0,0,0,0,0,0,0
Informatik,Informatik,FR,nReglementiert,0,0,0,0,0,0,0,0,0
Informatik,Informatik,SO,abt-total,48,11,37,44,9,35,4,2,2
Informatik,Informatik,SO,EFZ,47,11,36,43,9,34,4,2,2
Informatik,Informatik,SO,EBA,1,0,1,1,0,1,0,0,0
Informatik,Informatik,SO,nReglementiert,0,0,0,0,0,0,0,0,0
Informatik,Informatik,BS,abt-total,50,0,50,48,0,48,2,0,2
Informatik,Informatik,BS,EFZ,47,0,47,45,0,45,2,0,2
Informatik,Informatik,BS,EBA,3,0,3,3,0,3,0,0,0
Informatik,Informatik,BS,nReglementiert,0,0,0,0,0,0,0,0,0
Informatik,Informatik,BL,abt-total,39,0,39,32,0,32,7,0,7
Informatik,Informatik,BL,EFZ,36,0,36,29,0,29,7,0,7
Informatik,Informatik,BL,EBA,3,0,3,3,0,3,0,0,0
Informatik,Informatik,Bl,nReglementiert,0,0,0,0,0,0,0,0,0
Informatik,Informatik,SH,abt-total,14,0,14,14,0,14,0,0,0
Informatik,Informatik,SH,EFZ,13,0,13,13,0,13,0,0,0
Informatik,Informatik,SH,EBA,1,0,1,1,0,1,0,0,0
Informatik,Informatik,SH,nReglementiert,0,0,0,0,0,0,0,0,0
Informatik,Informatik,AR,abt-total,9,0,9,9,0,9,0,0,0
Informatik,Informatik,AR,EFZ,9,0,9,9,0,9,0,0,0
Informatik,Informatik,AR,EBA,0,0,0,0,0,0,0,0,0
Informatik,Informatik,AR,nReglementiert,0,0,0,0,0,0,0,0,0
Informatik,Informatik,AI,abt-total,1,0,1,1,0,1,0,0,0
Informatik,Informatik,AI,EFZ,1,0,1,1,0,1,0,0,0
Informatik,Informatik,AI,EBA,0,0,0,0,0,0,0,0,0
Informatik,Informatik,AI,nReglementiert,0,0,0,0,0,0,0,0,0
Informatik,Informatik,SG,abt-total,88,0,88,83,0,83,5,0,5
Informatik,Informatik,SG,EFZ,87,0,87,82,0,82,5,0,5
Informatik,Informatik,SG,EBA,1,0,1,1,0,1,0,0,0
Informatik,Informatik,SG,nReglementiert,0,0,0,0,0,0,0,0,0
Informatik,Informatik,GR,abt-total,26,3,23,26,3,23,0,0,0
Informatik,Informatik,GR,EFZ,26,3,23,26,3,23,0,0,0
Informatik,Informatik,GR,EBA,0,0,0,0,0,0,0,0,0
Informatik,Informatik,GR,nReglementiert,0,0,0,0,0,0,0,0,0
Informatik,Informatik,AG,abt-total,147,54,93,140,51,89,7,3,4
Informatik,Informatik,AG,EFZ,144,54,90,137,51,86,7,3,4
Informatik,Informatik,AG,EBA,3,0,3,3,0,3,0,0,0
Informatik,Informatik,AG,nReglementiert,0,0,0,0,0,0,0,0,0
Informatik,Informatik,TG,abt-total,54,26,28,51,24,27,3,2,1
Informatik,Informatik,TG,EFZ,54,26,28,51,24,27,3,2,1
Informatik,Informatik,TG,EBA,0,0,0,0,0,0,0,0,0
Informatik,Informatik,TG,nReglementiert,0,0,0,0,0,0,0,0,0
Informatik,Informatik,TI,abt-total,63,37,26,63,37,26,0,0,0
Informatik,Informatik,TI,EFZ,63,37,26,63,37,26,0,0,0
Informatik,Informatik,TI,EBA,0,0,0,0,0,0,0,0,0
Informatik,Informatik,TI,nReglementiert,0,0,0,0,0,0,0,0,0
Informatik,Informatik,VD,abt-total,194,96,98,182,91,91,12,5,7
Informatik,Informatik,VD,EFZ,188,96,92,176,91,85,12,5,7
Informatik,Informatik,VD,EBA,6,0,6,6,0,6,0,0,0
Informatik,Informatik,VD,nReglementiert,0,0,0,0,0,0,0,0,0
Informatik,Informatik,VS,abt-total,63,37,26,59,36,23,4,1,3
Informatik,Informatik,VS,EFZ,61,37,24,57,36,21,4,1,3
Informatik,Informatik,VS,EBA,2,0,2,2,0,2,0,0,0
Informatik,Informatik,VS,nReglementiert,0,0,0,0,0,0,0,0,0
Informatik,Informatik,NE,abt-total,101,86,15,92,78,14,9,8,1
Informatik,Informatik,NE,EFZ,100,86,14,91,78,13,9,8,1
Informatik,Informatik,NE,EBA,1,0,1,1,0,1,0,0,0
Informatik,Informatik,NE,nReglementiert,0,0,0,0,0,0,0,0,0
Informatik,Informatik,GE,abt-total,82,60,22,76,54,22,6,6,0
Informatik,Informatik,GE,EFZ,81,60,21,75,54,21,6,6,0
Informatik,Informatik,GE,EBA,1,0,1,1,0,1,0,0,0
Informatik,Informatik,GE,nReglementiert,0,0,0,0,0,0,0,0,0
Informatik,Informatik,JU,abt-total,30,23,7,30,23,7,0,0,0
Informatik,Informatik,JU,EFZ,30,23,7,30,23,7,0,0,0
Informatik,Informatik,JU,EBA,0,0,0,0,0,0,0,0,0
Informatik,Informatik,JU,nReglementiert,0,0,0,0,0,0,0,0,0
Maschinenbau,Maschinenbau und Metallverarbeitung,,abt-total,4783,599,4184,4368,516,3852,415,83,332
Maschinenbau,Maschinenbau und Metallverarbeitung,,EFZ,4200,520,3680,3870,447,3423,330,73,257
Maschinenbau,Maschinenbau und Metallverarbeitung,,EBA,583,79,504,498,69,429,85,10,75
Maschinenbau,Maschinenbau und Metallverarbeitung,,nReglementiert,0,0,0,0,0,0,0,0,0
Maschinenbau,Maschinenbau und Metallverarbeitung,ZH,abt-total,603,19,584,568,18,550,35,1,34
Maschinenbau,Maschinenbau und Metallverarbeitung,ZH,EFZ,547,19,528,514,18,496,33,1,32
Maschinenbau,Maschinenbau und Metallverarbeitung,ZH,EBA,56,0,56,54,0,54,2,0,2
Maschinenbau,Maschinenbau und Metallverarbeitung,ZH,nReglementiert,0,0,0,0,0,0,0,0,0
Maschinenbau,Maschinenbau und Metallverarbeitung,BE,abt-total,753,184,569,701,161,540,52,23,29
Maschinenbau,Maschinenbau und Metallverarbeitung,BE,EFZ,634,113,521,594,99,495,40,14,26
Maschinenbau,Maschinenbau und Metallverarbeitung,BE,EBA,119,71,48,107,62,45,12,9,3
Maschinenbau,Maschinenbau und Metallverarbeitung,BE,nReglementiert,0,0,0,0,0,0,0,0,0
Maschinenbau,Maschinenbau und Metallverarbeitung,LU,abt-total,222,0,222,210,0,210,12,0,12
Maschinenbau,Maschinenbau und Metallverarbeitung,LU,EFZ,200,0,200,191,0,191,9,0,9
Maschinenbau,Maschinenbau und Metallverarbeitung,LU,EBA,22,0,22,19,0,19,3,0,3
Maschinenbau,Maschinenbau und Metallverarbeitung,LU,nReglementiert,0,0,0,0,0,0,0,0,0
Maschinenbau,Maschinenbau und Metallverarbeitung,UR,abt-total,32,0,32,31,0,31,1,0,1
Maschinenbau,Maschinenbau und Metallverarbeitung,UR,EFZ,31,0,31,30,0,30,1,0,1
Maschinenbau,Maschinenbau und Metallverarbeitung,UR,EBA,1,0,1,1,0,1,0,0,0
Maschinenbau,Maschinenbau und Metallverarbeitung,UR,nReglementiert,0,0,0,0,0,0,0,0,0
Maschinenbau,Maschinenbau und Metallverarbeitung,SZ,abt-total,65,0,65,63,0,63,2,0,2
Maschinenbau,Maschinenbau und Metallverarbeitung,SZ,EFZ,62,0,62,60,0,60,2,0,2
Maschinenbau,Maschinenbau und Metallverarbeitung,SZ,EBA,3,0,3,3,0,3,0,0,0
Maschinenbau,Maschinenbau und Metallverarbeitung,SZ,nReglementiert,0,0,0,0,0,0,0,0,0
Maschinenbau,Maschinenbau und Metallverarbeitung,OW,abt-total,32,0,32,29,0,29,3,0,3
Maschinenbau,Maschinenbau und Metallverarbeitung,OW,EFZ,31,0,31,28,0,28,3,0,3
Maschinenbau,Maschinenbau und Metallverarbeitung,OW,EBA,1,0,1,1,0,1,0,0,0
Maschinenbau,Maschinenbau und Metallverarbeitung,OW,nReglementiert,0,0,0,0,0,0,0,0,0
Maschinenbau,Maschinenbau und Metallverarbeitung,NW,abt-total,39,0,39,35,0,35,4,0,4
Maschinenbau,Maschinenbau und Metallverarbeitung,NW,EFZ,37,0,37,33,0,33,4,0,4
Maschinenbau,Maschinenbau und Metallverarbeitung,NW,EBA,2,0,2,2,0,2,0,0,0
Maschinenbau,Maschinenbau und Metallverarbeitung,NW,nReglementiert,0,0,0,0,0,0,0,0,0
Maschinenbau,Maschinenbau und Metallverarbeitung,GL,abt-total,40,0,40,40,0,40,0,0,0
Maschinenbau,Maschinenbau und Metallverarbeitung,GL,EFZ,34,0,34,34,0,34,0,0,0
Maschinenbau,Maschinenbau und Metallverarbeitung,GL,EBA,6,0,6,6,0,6,0,0,0
Maschinenbau,Maschinenbau und Metallverarbeitung,GL,nReglementiert,0,0,0,0,0,0,0,0,0
Maschinenbau,Maschinenbau und Metallverarbeitung,ZG,abt-total,54,0,54,51,0,51,3,0,3
Maschinenbau,Maschinenbau und Metallverarbeitung,ZG,EFZ,52,0,52,49,0,49,3,0,3
Maschinenbau,Maschinenbau und Metallverarbeitung,ZG,EBA,2,0,2,2,0,2,0,0,0
Maschinenbau,Maschinenbau und Metallverarbeitung,ZG,nReglementiert,0,0,0,0,0,0,0,0,0
Maschinenbau,Maschinenbau und Metallverarbeitung,FR,abt-total,139,12,127,134,12,122,5,0,5
Maschinenbau,Maschinenbau und Metallverarbeitung,FR,EFZ,136,12,124,131,12,119,5,0,5
Maschinenbau,Maschinenbau und Metallverarbeitung,FR,EBA,3,0,3,3,0,3,0,0,0
Maschinenbau,Maschinenbau und Metallverarbeitung,FR,nReglementiert,0,0,0,0,0,0,0,0,0
Maschinenbau,Maschinenbau und Metallverarbeitung,SO,abt-total,218,13,205,199,11,188,19,2,17
Maschinenbau,Maschinenbau und Metallverarbeitung,SO,EFZ,202,13,189,188,11,177,14,2,12
Maschinenbau,Maschinenbau und Metallverarbeitung,SO,EBA,16,0,16,11,0,11,5,0,5
Maschinenbau,Maschinenbau und Metallverarbeitung,SO,nReglementiert,0,0,0,0,0,0,0,0,0
Maschinenbau,Maschinenbau und Metallverarbeitung,BS,abt-total,71,26,45,65,25,40,6,1,5
Maschinenbau,Maschinenbau und Metallverarbeitung,BS,EFZ,66,26,40,60,25,35,6,1,5
Maschinenbau,Maschinenbau und Metallverarbeitung,BS,EBA,5,0,5,5,0,5,0,0,0
Maschinenbau,Maschinenbau und Metallverarbeitung,BS,nReglementiert,0,0,0,0,0,0,0,0,0
Maschinenbau,Maschinenbau und Metallverarbeitung,BL,abt-total,121,0,121,111,0,111,10,0,10
Maschinenbau,Maschinenbau und Metallverarbeitung,BL,EFZ,104,0,104,95,0,95,9,0,9
Maschinenbau,Maschinenbau und Metallverarbeitung,BL,EBA,17,0,17,16,0,16,1,0,1
Maschinenbau,Maschinenbau und Metallverarbeitung,Bl,nReglementiert,0,0,0,0,0,0,0,0,0
Maschinenbau,Maschinenbau und Metallverarbeitung,SH,abt-total,74,0,74,66,0,66,8,0,8
Maschinenbau,Maschinenbau und Metallverarbeitung,SH,EFZ,65,0,65,57,0,57,8,0,8
Maschinenbau,Maschinenbau und Metallverarbeitung,SH,EBA,9,0,9,9,0,9,0,0,0
Maschinenbau,Maschinenbau und Metallverarbeitung,SH,nReglementiert,0,0,0,0,0,0,0,0,0
Maschinenbau,Maschinenbau und Metallverarbeitung,AR,abt-total,28,0,28,24,0,24,4,0,4
Maschinenbau,Maschinenbau und Metallverarbeitung,AR,EFZ,26,0,26,22,0,22,4,0,4
Maschinenbau,Maschinenbau und Metallverarbeitung,AR,EBA,2,0,2,2,0,2,0,0,0
Maschinenbau,Maschinenbau und Metallverarbeitung,AR,nReglementiert,0,0,0,0,0,0,0,0,0
Maschinenbau,Maschinenbau und Metallverarbeitung,AI,abt-total,12,0,12,9,0,9,3,0,3
Maschinenbau,Maschinenbau und Metallverarbeitung,AI,EFZ,12,0,12,9,0,9,3,0,3
Maschinenbau,Maschinenbau und Metallverarbeitung,AI,EBA,0,0,0,0,0,0,0,0,0
Maschinenbau,Maschinenbau und Metallverarbeitung,AI,nReglementiert,0,0,0,0,0,0,0,0,0
Maschinenbau,Maschinenbau und Metallverarbeitung,SG,abt-total,470,0,470,442,0,442,28,0,28
Maschinenbau,Maschinenbau und Metallverarbeitung,SG,EFZ,424,0,424,397,0,397,27,0,27
Maschinenbau,Maschinenbau und Metallverarbeitung,SG,EBA,46,0,46,45,0,45,1,0,1
Maschinenbau,Maschinenbau und Metallverarbeitung,SG,nReglementiert,0,0,0,0,0,0,0,0,0
Maschinenbau,Maschinenbau und Metallverarbeitung,GR,abt-total,79,0,79,77,0,77,2,0,2
Maschinenbau,Maschinenbau und Metallverarbeitung,GR,EFZ,72,0,72,70,0,70,2,0,2
Maschinenbau,Maschinenbau und Metallverarbeitung,GR,EBA,7,0,7,7,0,7,0,0,0
Maschinenbau,Maschinenbau und Metallverarbeitung,GR,nReglementiert,0,0,0,0,0,0,0,0,0
Maschinenbau,Maschinenbau und Metallverarbeitung,AG,abt-total,357,0,357,331,0,331,26,0,26
Maschinenbau,Maschinenbau und Metallverarbeitung,AG,EFZ,327,0,327,303,0,303,24,0,24
Maschinenbau,Maschinenbau und Metallverarbeitung,AG,EBA,30,0,30,28,0,28,2,0,2
Maschinenbau,Maschinenbau und Metallverarbeitung,AG,nReglementiert,0,0,0,0,0,0,0,0,0
Maschinenbau,Maschinenbau und Metallverarbeitung,TG,abt-total,141,0,141,137,0,137,4,0,4
Maschinenbau,Maschinenbau und Metallverarbeitung,TG,EFZ,128,0,128,124,0,124,4,0,4
Maschinenbau,Maschinenbau und Metallverarbeitung,TG,EBA,13,0,13,13,0,13,0,0,0
Maschinenbau,Maschinenbau und Metallverarbeitung,TG,nReglementiert,0,0,0,0,0,0,0,0,0
Maschinenbau,Maschinenbau und Metallverarbeitung,TI,abt-total,111,25,86,109,25,84,2,0,2
Maschinenbau,Maschinenbau und Metallverarbeitung,TI,EFZ,104,25,79,102,25,77,2,0,2
Maschinenbau,Maschinenbau und Metallverarbeitung,TI,EBA,7,0,7,7,0,7,0,0,0
Maschinenbau,Maschinenbau und Metallverarbeitung,TI,nReglementiert,0,0,0,0,0,0,0,0,0
Maschinenbau,Maschinenbau und Metallverarbeitung,VD,abt-total,295,97,198,266,86,180,29,11,18
Maschinenbau,Maschinenbau und Metallverarbeitung,VD,EFZ,259,97,162,236,86,150,23,11,12
Maschinenbau,Maschinenbau und Metallverarbeitung,VD,EBA,36,0,36,30,0,30,6,0,6
Maschinenbau,Maschinenbau und Metallverarbeitung,VD,nReglementiert,0,0,0,0,0,0,0,0,0
Maschinenbau,Maschinenbau und Metallverarbeitung,VS,abt-total,146,5,141,138,4,134,8,1,7
Maschinenbau,Maschinenbau und Metallverarbeitung,VS,EFZ,130,5,125,123,4,119,7,1,6
Maschinenbau,Maschinenbau und Metallverarbeitung,VS,EBA,16,0,16,15,0,15,1,0,1
Maschinenbau,Maschinenbau und Metallverarbeitung,VS,nReglementiert,0,0,0,0,0,0,0,0,0
Maschinenbau,Maschinenbau und Metallverarbeitung,NE,abt-total,322,83,239,227,65,162,95,18,77
Maschinenbau,Maschinenbau und Metallverarbeitung,NE,EFZ,240,83,157,186,65,121,54,18,36
Maschinenbau,Maschinenbau und Metallverarbeitung,NE,EBA,82,0,82,41,0,41,41,0,41
Maschinenbau,Maschinenbau und Metallverarbeitung,NE,nReglementiert,0,0,0,0,0,0,0,0,0
Maschinenbau,Maschinenbau und Metallverarbeitung,GE,abt-total,199,77,122,170,65,105,29,12,17
Maschinenbau,Maschinenbau und Metallverarbeitung,GE,EFZ,153,77,76,129,65,64,24,12,12
Maschinenbau,Maschinenbau und Metallverarbeitung,GE,EBA,46,0,46,41,0,41,5,0,5
Maschinenbau,Maschinenbau und Metallverarbeitung,GE,nReglementiert,0,0,0,0,0,0,0,0,0
Maschinenbau,Maschinenbau und Metallverarbeitung,JU,abt-total,160,58,102,135,44,91,25,14,11
Maschinenbau,Maschinenbau und Metallverarbeitung,JU,EFZ,124,50,74,105,37,68,19,13,6
Maschinenbau,Maschinenbau und Metallverarbeitung,JU,EBA,36,8,28,30,7,23,6,1,5
Maschinenbau,Maschinenbau und Metallverarbeitung,JU,nReglementiert,0,0,0,0,0,0,0,0,0
Energie,Elektrizität und Energie,,abt-total,4400,5,4395,4312,5,4307,88,0,88
Energie,Elektrizität und Energie,,EFZ,4140,0,4140,4054,0,4054,86,0,86
Energie,Elektrizität und Energie,,EBA,260,5,255,258,5,253,2,0,2
Energie,Elektrizität und Energie,,nReglementiert,0,0,0,0,0,0,0,0,0
Energie,Elektrizität und Energie,ZH,abt-total,767,0,767,755,0,755,12,0,12
Energie,Elektrizität und Energie,ZH,EFZ,725,0,725,714,0,714,11,0,11
Energie,Elektrizität und Energie,ZH,EBA,42,0,42,41,0,41,1,0,1
Energie,Elektrizität und Energie,ZH,nReglementiert,0,0,0,0,0,0,0,0,0
Energie,Elektrizität und Energie,BE,abt-total,509,5,504,489,5,484,20,0,20
Energie,Elektrizität und Energie,BE,EFZ,480,0,480,460,0,460,20,0,20
Energie,Elektrizität und Energie,BE,EBA,29,5,24,29,5,24,0,0,0
Energie,Elektrizität und Energie,BE,nReglementiert,0,0,0,0,0,0,0,0,0
Energie,Elektrizität und Energie,LU,abt-total,257,0,257,249,0,249,8,0,8
Energie,Elektrizität und Energie,LU,EFZ,233,0,233,226,0,226,7,0,7
Energie,Elektrizität und Energie,LU,EBA,24,0,24,23,0,23,1,0,1
Energie,Elektrizität und Energie,LU,nReglementiert,0,0,0,0,0,0,0,0,0
Energie,Elektrizität und Energie,UR,abt-total,34,0,34,33,0,33,1,0,1
Energie,Elektrizität und Energie,UR,EFZ,34,0,34,33,0,33,1,0,1
Energie,Elektrizität und Energie,UR,EBA,0,0,0,0,0,0,0,0,0
Energie,Elektrizität und Energie,UR,nReglementiert,0,0,0,0,0,0,0,0,0
Energie,Elektrizität und Energie,SZ,abt-total,79,0,79,77,0,77,2,0,2
Energie,Elektrizität und Energie,SZ,EFZ,76,0,76,74,0,74,2,0,2
Energie,Elektrizität und Energie,SZ,EBA,3,0,3,3,0,3,0,0,0
Energie,Elektrizität und Energie,SZ,nReglementiert,0,0,0,0,0,0,0,0,0
Energie,Elektrizität und Energie,OW,abt-total,20,0,20,19,0,19,1,0,1
Energie,Elektrizität und Energie,OW,EFZ,20,0,20,19,0,19,1,0,1
Energie,Elektrizität und Energie,OW,EBA,0,0,0,0,0,0,0,0,0
Energie,Elektrizität und Energie,OW,nReglementiert,0,0,0,0,0,0,0,0,0
Energie,Elektrizität und Energie,NW,abt-total,27,0,27,27,0,27,0,0,0
Energie,Elektrizität und Energie,NW,EFZ,27,0,27,27,0,27,0,0,0
Energie,Elektrizität und Energie,NW,EBA,0,0,0,0,0,0,0,0,0
Energie,Elektrizität und Energie,NW,nReglementiert,0,0,0,0,0,0,0,0,0
Energie,Elektrizität und Energie,GL,abt-total,23,0,23,23,0,23,0,0,0
Energie,Elektrizität und Energie,GL,EFZ,20,0,20,20,0,20,0,0,0
Energie,Elektrizität und Energie,GL,EBA,3,0,3,3,0,3,0,0,0
Energie,Elektrizität und Energie,GL,nReglementiert,0,0,0,0,0,0,0,0,0
Energie,Elektrizität und Energie,ZG,abt-total,82,0,82,81,0,81,1,0,1
Energie,Elektrizität und Energie,ZG,EFZ,77,0,77,76,0,76,1,0,1
Energie,Elektrizität und Energie,ZG,EBA,5,0,5,5,0,5,0,0,0
Energie,Elektrizität und Energie,ZG,nReglementiert,0,0,0,0,0,0,0,0,0
Energie,Elektrizität und Energie,FR,abt-total,152,0,152,150,0,150,2,0,2
Energie,Elektrizität und Energie,FR,EFZ,143,0,143,141,0,141,2,0,2
Energie,Elektrizität und Energie,FR,EBA,9,0,9,9,0,9,0,0,0
Energie,Elektrizität und Energie,FR,nReglementiert,0,0,0,0,0,0,0,0,0
Energie,Elektrizität und Energie,SO,abt-total,116,0,116,114,0,114,2,0,2
Energie,Elektrizität und Energie,SO,EFZ,106,0,106,104,0,104,2,0,2
Energie,Elektrizität und Energie,SO,EBA,10,0,10,10,0,10,0,0,0
Energie,Elektrizität und Energie,SO,nReglementiert,0,0,0,0,0,0,0,0,0
Energie,Elektrizität und Energie,BS,abt-total,158,0,158,155,0,155,3,0,3
Energie,Elektrizität und Energie,BS,EFZ,151,0,151,148,0,148,3,0,3
Energie,Elektrizität und Energie,BS,EBA,7,0,7,7,0,7,0,0,0
Energie,Elektrizität und Energie,BS,nReglementiert,0,0,0,0,0,0,0,0,0
Energie,Elektrizität und Energie,BL,abt-total,119,0,119,116,0,116,3,0,3
Energie,Elektrizität und Energie,BL,EFZ,107,0,107,104,0,104,3,0,3
Energie,Elektrizität und Energie,BL,EBA,12,0,12,12,0,12,0,0,0
Energie,Elektrizität und Energie,Bl,nReglementiert,0,0,0,0,0,0,0,0,0
Energie,Elektrizität und Energie,SH,abt-total,46,0,46,44,0,44,2,0,2
Energie,Elektrizität und Energie,SH,EFZ,42,0,42,40,0,40,2,0,2
Energie,Elektrizität und Energie,SH,EBA,4,0,4,4,0,4,0,0,0
Energie,Elektrizität und Energie,SH,nReglementiert,0,0,0,0,0,0,0,0,0
Energie,Elektrizität und Energie,AR,abt-total,23,0,23,23,0,23,0,0,0
Energie,Elektrizität und Energie,AR,EFZ,22,0,22,22,0,22,0,0,0
Energie,Elektrizität und Energie,AR,EBA,1,0,1,1,0,1,0,0,0
Energie,Elektrizität und Energie,AR,nReglementiert,0,0,0,0,0,0,0,0,0
Energie,Elektrizität und Energie,AI,abt-total,9,0,9,9,0,9,0,0,0
Energie,Elektrizität und Energie,AI,EFZ,9,0,9,9,0,9,0,0,0
Energie,Elektrizität und Energie,AI,EBA,0,0,0,0,0,0,0,0,0
Energie,Elektrizität und Energie,AI,nReglementiert,0,0,0,0,0,0,0,0,0
Energie,Elektrizität und Energie,SG,abt-total,303,0,303,299,0,299,4,0,4
Energie,Elektrizität und Energie,SG,EFZ,286,0,286,282,0,282,4,0,4
Energie,Elektrizität und Energie,SG,EBA,17,0,17,17,0,17,0,0,0
Energie,Elektrizität und Energie,SG,nReglementiert,0,0,0,0,0,0,0,0,0
Energie,Elektrizität und Energie,GR,abt-total,163,0,163,154,0,154,9,0,9
Energie,Elektrizität und Energie,GR,EFZ,151,0,151,142,0,142,9,0,9
Energie,Elektrizität und Energie,GR,EBA,12,0,12,12,0,12,0,0,0
Energie,Elektrizität und Energie,GR,nReglementiert,0,0,0,0,0,0,0,0,0
Energie,Elektrizität und Energie,AG,abt-total,341,0,341,332,0,332,9,0,9
Energie,Elektrizität und Energie,AG,EFZ,313,0,313,304,0,304,9,0,9
Energie,Elektrizität und Energie,AG,EBA,28,0,28,28,0,28,0,0,0
Energie,Elektrizität und Energie,AG,nReglementiert,0,0,0,0,0,0,0,0,0
Energie,Elektrizität und Energie,TG,abt-total,138,0,138,136,0,136,2,0,2
Energie,Elektrizität und Energie,TG,EFZ,133,0,133,131,0,131,2,0,2
Energie,Elektrizität und Energie,TG,EBA,5,0,5,5,0,5,0,0,0
Energie,Elektrizität und Energie,TG,nReglementiert,0,0,0,0,0,0,0,0,0
Energie,Elektrizität und Energie,TI,abt-total,204,0,204,202,0,202,2,0,2
Energie,Elektrizität und Energie,TI,EFZ,198,0,198,196,0,196,2,0,2
Energie,Elektrizität und Energie,TI,EBA,6,0,6,6,0,6,0,0,0
Energie,Elektrizität und Energie,TI,nReglementiert,0,0,0,0,0,0,0,0,0
Energie,Elektrizität und Energie,VD,abt-total,309,0,309,307,0,307,2,0,2
Energie,Elektrizität und Energie,VD,EFZ,289,0,289,287,0,287,2,0,2
Energie,Elektrizität und Energie,VD,EBA,20,0,20,20,0,20,0,0,0
Energie,Elektrizität und Energie,VD,nReglementiert,0,0,0,0,0,0,0,0,0
Energie,Elektrizität und Energie,VS,abt-total,213,0,213,213,0,213,0,0,0
Energie,Elektrizität und Energie,VS,EFZ,200,0,200,200,0,200,0,0,0
Energie,Elektrizität und Energie,VS,EBA,13,0,13,13,0,13,0,0,0
Energie,Elektrizität und Energie,VS,nReglementiert,0,0,0,0,0,0,0,0,0
Energie,Elektrizität und Energie,NE,abt-total,79,0,79,78,0,78,1,0,1
Energie,Elektrizität und Energie,NE,EFZ,78,0,78,77,0,77,1,0,1
Energie,Elektrizität und Energie,NE,EBA,1,0,1,1,0,1,0,0,0
Energie,Elektrizität und Energie,NE,nReglementiert,0,0,0,0,0,0,0,0,0
Energie,Elektrizität und Energie,GE,abt-total,187,0,187,187,0,187,0,0,0
Energie,Elektrizität und Energie,GE,EFZ,182,0,182,182,0,182,0,0,0
Energie,Elektrizität und Energie,GE,EBA,5,0,5,5,0,5,0,0,0
Energie,Elektrizität und Energie,GE,nReglementiert,0,0,0,0,0,0,0,0,0
Energie,Elektrizität und Energie,JU,abt-total,42,0,42,40,0,40,2,0,2
Energie,Elektrizität und Energie,JU,EFZ,38,0,38,36,0,36,2,0,2
Energie,Elektrizität und Energie,JU,EBA,4,0,4,4,0,4,0,0,0
Energie,Elektrizität und Energie,JU,nReglementiert,0,0,0,0,0,0,0,0,0
Elektronik,Elektronik und Automation,,abt-total,1800,534,1266,1707,502,1205,93,32,61
Elektronik,Elektronik und Automation,,EFZ,1800,534,1266,1707,502,1205,93,32,61
Elektronik,Elektronik und Automation,,EBA,0,0,0,0,0,0,0,0,0
Elektronik,Elektronik und Automation,,nReglementiert,0,0,0,0,0,0,0,0,0
Elektronik,Elektronik und Automation,ZH,abt-total,232,36,196,220,32,188,12,4,8
Elektronik,Elektronik und Automation,ZH,EFZ,232,36,196,220,32,188,12,4,8
Elektronik,Elektronik und Automation,ZH,EBA,0,0,0,0,0,0,0,0,0
Elektronik,Elektronik und Automation,ZH,nReglementiert,0,0,0,0,0,0,0,0,0
Elektronik,Elektronik und Automation,BE,abt-total,203,72,131,192,70,122,11,2,9
Elektronik,Elektronik und Automation,BE,EFZ,203,72,131,192,70,122,11,2,9
Elektronik,Elektronik und Automation,BE,EBA,0,0,0,0,0,0,0,0,0
Elektronik,Elektronik und Automation,BE,nReglementiert,0,0,0,0,0,0,0,0,0
Elektronik,Elektronik und Automation,LU,abt-total,72,0,72,70,0,70,2,0,2
Elektronik,Elektronik und Automation,LU,EFZ,72,0,72,70,0,70,2,0,2
Elektronik,Elektronik und Automation,LU,EBA,0,0,0,0,0,0,0,0,0
Elektronik,Elektronik und Automation,LU,nReglementiert,0,0,0,0,0,0,0,0,0
Elektronik,Elektronik und Automation,UR,abt-total,7,0,7,7,0,7,0,0,0
Elektronik,Elektronik und Automation,UR,EFZ,7,0,7,7,0,7,0,0,0
Elektronik,Elektronik und Automation,UR,EBA,0,0,0,0,0,0,0,0,0
Elektronik,Elektronik und Automation,UR,nReglementiert,0,0,0,0,0,0,0,0,0
Elektronik,Elektronik und Automation,SZ,abt-total,22,0,22,22,0,22,0,0,0
Elektronik,Elektronik und Automation,SZ,EFZ,22,0,22,22,0,22,0,0,0
Elektronik,Elektronik und Automation,SZ,EBA,0,0,0,0,0,0,0,0,0
Elektronik,Elektronik und Automation,SZ,nReglementiert,0,0,0,0,0,0,0,0,0
Elektronik,Elektronik und Automation,OW,abt-total,10,0,10,10,0,10,0,0,0
Elektronik,Elektronik und Automation,OW,EFZ,10,0,10,10,0,10,0,0,0
Elektronik,Elektronik und Automation,OW,EBA,0,0,0,0,0,0,0,0,0
Elektronik,Elektronik und Automation,OW,nReglementiert,0,0,0,0,0,0,0,0,0
Elektronik,Elektronik und Automation,NW,abt-total,8,0,8,8,0,8,0,0,0
Elektronik,Elektronik und Automation,NW,EFZ,8,0,8,8,0,8,0,0,0
Elektronik,Elektronik und Automation,NW,EBA,0,0,0,0,0,0,0,0,0
Elektronik,Elektronik und Automation,NW,nReglementiert,0,0,0,0,0,0,0,0,0
Elektronik,Elektronik und Automation,GL,abt-total,8,0,8,8,0,8,0,0,0
Elektronik,Elektronik und Automation,GL,EFZ,8,0,8,8,0,8,0,0,0
Elektronik,Elektronik und Automation,GL,EBA,0,0,0,0,0,0,0,0,0
Elektronik,Elektronik und Automation,GL,nReglementiert,0,0,0,0,0,0,0,0,0
Elektronik,Elektronik und Automation,ZG,abt-total,39,0,39,36,0,36,3,0,3
Elektronik,Elektronik und Automation,ZG,EFZ,39,0,39,36,0,36,3,0,3
Elektronik,Elektronik und Automation,ZG,EBA,0,0,0,0,0,0,0,0,0
Elektronik,Elektronik und Automation,ZG,nReglementiert,0,0,0,0,0,0,0,0,0
Elektronik,Elektronik und Automation,FR,abt-total,85,33,52,80,31,49,5,2,3
Elektronik,Elektronik und Automation,FR,EFZ,85,33,52,80,31,49,5,2,3
Elektronik,Elektronik und Automation,FR,EBA,0,0,0,0,0,0,0,0,0
Elektronik,Elektronik und Automation,FR,nReglementiert,0,0,0,0,0,0,0,0,0
Elektronik,Elektronik und Automation,SO,abt-total,44,0,44,41,0,41,3,0,3
Elektronik,Elektronik und Automation,SO,EFZ,44,0,44,41,0,41,3,0,3
Elektronik,Elektronik und Automation,SO,EBA,0,0,0,0,0,0,0,0,0
Elektronik,Elektronik und Automation,SO,nReglementiert,0,0,0,0,0,0,0,0,0
Elektronik,Elektronik und Automation,BS,abt-total,33,0,33,33,0,33,0,0,0
Elektronik,Elektronik und Automation,BS,EFZ,33,0,33,33,0,33,0,0,0
Elektronik,Elektronik und Automation,BS,EBA,0,0,0,0,0,0,0,0,0
Elektronik,Elektronik und Automation,BS,nReglementiert,0,0,0,0,0,0,0,0,0
Elektronik,Elektronik und Automation,BL,abt-total,21,0,21,21,0,21,0,0,0
Elektronik,Elektronik und Automation,BL,EFZ,21,0,21,21,0,21,0,0,0
Elektronik,Elektronik und Automation,BL,EBA,0,0,0,0,0,0,0,0,0
Elektronik,Elektronik und Automation,Bl,nReglementiert,0,0,0,0,0,0,0,0,0
Elektronik,Elektronik und Automation,SH,abt-total,20,0,20,20,0,20,0,0,0
Elektronik,Elektronik und Automation,SH,EFZ,20,0,20,20,0,20,0,0,0
Elektronik,Elektronik und Automation,SH,EBA,0,0,0,0,0,0,0,0,0
Elektronik,Elektronik und Automation,SH,nReglementiert,0,0,0,0,0,0,0,0,0
Elektronik,Elektronik und Automation,AR,abt-total,4,0,4,4,0,4,0,0,0
Elektronik,Elektronik und Automation,AR,EFZ,4,0,4,4,0,4,0,0,0
Elektronik,Elektronik und Automation,AR,EBA,0,0,0,0,0,0,0,0,0
Elektronik,Elektronik und Automation,AR,nReglementiert,0,0,0,0,0,0,0,0,0
Elektronik,Elektronik und Automation,AI,abt-total,3,0,3,3,0,3,0,0,0
Elektronik,Elektronik und Automation,AI,EFZ,3,0,3,3,0,3,0,0,0
Elektronik,Elektronik und Automation,AI,EBA,0,0,0,0,0,0,0,0,0
Elektronik,Elektronik und Automation,AI,nReglementiert,0,0,0,0,0,0,0,0,0
Elektronik,Elektronik und Automation,SG,abt-total,116,0,116,108,0,108,8,0,8
Elektronik,Elektronik und Automation,SG,EFZ,116,0,116,108,0,108,8,0,8
Elektronik,Elektronik und Automation,SG,EBA,0,0,0,0,0,0,0,0,0
Elektronik,Elektronik und Automation,SG,nReglementiert,0,0,0,0,0,0,0,0,0
Elektronik,Elektronik und Automation,GR,abt-total,54,0,54,54,0,54,0,0,0
Elektronik,Elektronik und Automation,GR,EFZ,54,0,54,54,0,54,0,0,0
Elektronik,Elektronik und Automation,GR,EBA,0,0,0,0,0,0,0,0,0
Elektronik,Elektronik und Automation,GR,nReglementiert,0,0,0,0,0,0,0,0,0
Elektronik,Elektronik und Automation,AG,abt-total,156,0,156,150,0,150,6,0,6
Elektronik,Elektronik und Automation,AG,EFZ,156,0,156,150,0,150,6,0,6
Elektronik,Elektronik und Automation,AG,EBA,0,0,0,0,0,0,0,0,0
Elektronik,Elektronik und Automation,AG,nReglementiert,0,0,0,0,0,0,0,0,0
Elektronik,Elektronik und Automation,TG,abt-total,44,0,44,42,0,42,2,0,2
Elektronik,Elektronik und Automation,TG,EFZ,44,0,44,42,0,42,2,0,2
Elektronik,Elektronik und Automation,TG,EBA,0,0,0,0,0,0,0,0,0
Elektronik,Elektronik und Automation,TG,nReglementiert,0,0,0,0,0,0,0,0,0
Elektronik,Elektronik und Automation,TI,abt-total,104,62,42,98,57,41,6,5,1
Elektronik,Elektronik und Automation,TI,EFZ,104,62,42,98,57,41,6,5,1
Elektronik,Elektronik und Automation,TI,EBA,0,0,0,0,0,0,0,0,0
Elektronik,Elektronik und Automation,TI,nReglementiert,0,0,0,0,0,0,0,0,0
Elektronik,Elektronik und Automation,VD,abt-total,223,141,82,210,134,76,13,7,6
Elektronik,Elektronik und Automation,VD,EFZ,223,141,82,210,134,76,13,7,6
Elektronik,Elektronik und Automation,VD,EBA,0,0,0,0,0,0,0,0,0
Elektronik,Elektronik und Automation,VD,nReglementiert,0,0,0,0,0,0,0,0,0
Elektronik,Elektronik und Automation,VS,abt-total,89,40,49,75,35,40,14,5,9
Elektronik,Elektronik und Automation,VS,EFZ,89,40,49,75,35,40,14,5,9
Elektronik,Elektronik und Automation,VS,EBA,0,0,0,0,0,0,0,0,0
Elektronik,Elektronik und Automation,VS,nReglementiert,0,0,0,0,0,0,0,0,0
Elektronik,Elektronik und Automation,NE,abt-total,86,72,14,79,66,13,7,6,1
Elektronik,Elektronik und Automation,NE,EFZ,86,72,14,79,66,13,7,6,1
Elektronik,Elektronik und Automation,NE,EBA,0,0,0,0,0,0,0,0,0
Elektronik,Elektronik und Automation,NE,nReglementiert,0,0,0,0,0,0,0,0,0
Elektronik,Elektronik und Automation,GE,abt-total,80,54,26,80,54,26,0,0,0
Elektronik,Elektronik und Automation,GE,EFZ,80,54,26,80,54,26,0,0,0
Elektronik,Elektronik und Automation,GE,EBA,0,0,0,0,0,0,0,0,0
Elektronik,Elektronik und Automation,GE,nReglementiert,0,0,0,0,0,0,0,0,0
Elektronik,Elektronik und Automation,JU,abt-total,37,24,13,36,23,13,1,1,0
Elektronik,Elektronik und Automation,JU,EFZ,37,24,13,36,23,13,1,1,0
Elektronik,Elektronik und Automation,JU,EBA,0,0,0,0,0,0,0,0,0
Elektronik,Elektronik und Automation,JU,nReglementiert,0,0,0,0,0,0,0,0,0
Chemie,Chemie und Verfahrenstechnik,,abt-total,658,73,585,390,41,349,268,32,236
Chemie,Chemie und Verfahrenstechnik,,EFZ,658,73,585,390,41,349,268,32,236
Chemie,Chemie und Verfahrenstechnik,,EBA,0,0,0,0,0,0,0,0,0
Chemie,Chemie und Verfahrenstechnik,,nReglementiert,0,0,0,0,0,0,0,0,0
Chemie,Chemie und Verfahrenstechnik,ZH,abt-total,63,0,63,36,0,36,27,0,27
Chemie,Chemie und Verfahrenstechnik,ZH,EFZ,63,0,63,36,0,36,27,0,27
Chemie,Chemie und Verfahrenstechnik,ZH,EBA,0,0,0,0,0,0,0,0,0
Chemie,Chemie und Verfahrenstechnik,ZH,nReglementiert,0,0,0,0,0,0,0,0,0
Chemie,Chemie und Verfahrenstechnik,BE,abt-total,25,0,25,9,0,9,16,0,16
Chemie,Chemie und Verfahrenstechnik,BE,EFZ,25,0,25,9,0,9,16,0,16
Chemie,Chemie und Verfahrenstechnik,BE,EBA,0,0,0,0,0,0,0,0,0
Chemie,Chemie und Verfahrenstechnik,BE,nReglementiert,0,0,0,0,0,0,0,0,0
Chemie,Chemie und Verfahrenstechnik,LU,abt-total,4,0,4,2,0,2,2,0,2
Chemie,Chemie und Verfahrenstechnik,LU,EFZ,4,0,4,2,0,2,2,0,2
Chemie,Chemie und Verfahrenstechnik,LU,EBA,0,0,0,0,0,0,0,0,0
Chemie,Chemie und Verfahrenstechnik,LU,nReglementiert,0,0,0,0,0,0,0,0,0
Chemie,Chemie und Verfahrenstechnik,UR,abt-total,4,0,4,3,0,3,1,0,1
Chemie,Chemie und Verfahrenstechnik,UR,EFZ,4,0,4,3,0,3,1,0,1
Chemie,Chemie und Verfahrenstechnik,UR,EBA,0,0,0,0,0,0,0,0,0
Chemie,Chemie und Verfahrenstechnik,UR,nReglementiert,0,0,0,0,0,0,0,0,0
Chemie,Chemie und Verfahrenstechnik,SZ,abt-total,2,0,2,1,0,1,1,0,1
Chemie,Chemie und Verfahrenstechnik,SZ,EFZ,2,0,2,1,0,1,1,0,1
Chemie,Chemie und Verfahrenstechnik,SZ,EBA,0,0,0,0,0,0,0,0,0
Chemie,Chemie und Verfahrenstechnik,SZ,nReglementiert,0,0,0,0,0,0,0,0,0
Chemie,Chemie und Verfahrenstechnik,OW,abt-total,0,0,0,0,0,0,0,0,0
Chemie,Chemie und Verfahrenstechnik,OW,EFZ,0,0,0,0,0,0,0,0,0
Chemie,Chemie und Verfahrenstechnik,OW,EBA,0,0,0,0,0,0,0,0,0
Chemie,Chemie und Verfahrenstechnik,OW,nReglementiert,0,0,0,0,0,0,0,0,0
Chemie,Chemie und Verfahrenstechnik,NW,abt-total,0,0,0,0,0,0,0,0,0
Chemie,Chemie und Verfahrenstechnik,NW,EFZ,0,0,0,0,0,0,0,0,0
Chemie,Chemie und Verfahrenstechnik,NW,EBA,0,0,0,0,0,0,0,0,0
Chemie,Chemie und Verfahrenstechnik,NW,nReglementiert,0,0,0,0,0,0,0,0,0
Chemie,Chemie und Verfahrenstechnik,GL,abt-total,0,0,0,0,0,0,0,0,0
Chemie,Chemie und Verfahrenstechnik,GL,EFZ,0,0,0,0,0,0,0,0,0
Chemie,Chemie und Verfahrenstechnik,GL,EBA,0,0,0,0,0,0,0,0,0
Chemie,Chemie und Verfahrenstechnik,GL,nReglementiert,0,0,0,0,0,0,0,0,0
Chemie,Chemie und Verfahrenstechnik,ZG,abt-total,6,0,6,3,0,3,3,0,3
Chemie,Chemie und Verfahrenstechnik,ZG,EFZ,6,0,6,3,0,3,3,0,3
Chemie,Chemie und Verfahrenstechnik,ZG,EBA,0,0,0,0,0,0,0,0,0
Chemie,Chemie und Verfahrenstechnik,ZG,nReglementiert,0,0,0,0,0,0,0,0,0
Chemie,Chemie und Verfahrenstechnik,FR,abt-total,24,0,24,4,0,4,20,0,20
Chemie,Chemie und Verfahrenstechnik,FR,EFZ,24,0,24,4,0,4,20,0,20
Chemie,Chemie und Verfahrenstechnik,FR,EBA,0,0,0,0,0,0,0,0,0
Chemie,Chemie und Verfahrenstechnik,FR,nReglementiert,0,0,0,0,0,0,0,0,0
Chemie,Chemie und Verfahrenstechnik,SO,abt-total,3,0,3,1,0,1,2,0,2
Chemie,Chemie und Verfahrenstechnik,SO,EFZ,3,0,3,1,0,1,2,0,2
Chemie,Chemie und Verfahrenstechnik,SO,EBA,0,0,0,0,0,0,0,0,0
Chemie,Chemie und Verfahrenstechnik,SO,nReglementiert,0,0,0,0,0,0,0,0,0
Chemie,Chemie und Verfahrenstechnik,BS,abt-total,80,0,80,50,0,50,30,0,30
Chemie,Chemie und Verfahrenstechnik,BS,EFZ,80,0,80,50,0,50,30,0,30
Chemie,Chemie und Verfahrenstechnik,BS,EBA,0,0,0,0,0,0,0,0,0
Chemie,Chemie und Verfahrenstechnik,BS,nReglementiert,0,0,0,0,0,0,0,0,0
Chemie,Chemie und Verfahrenstechnik,BL,abt-total,100,0,100,69,0,69,31,0,31
Chemie,Chemie und Verfahrenstechnik,BL,EFZ,100,0,100,69,0,69,31,0,31
Chemie,Chemie und Verfahrenstechnik,BL,EBA,0,0,0,0,0,0,0,0,0
Chemie,Chemie und Verfahrenstechnik,Bl,nReglementiert,0,0,0,0,0,0,0,0,0
Chemie,Chemie und Verfahrenstechnik,SH,abt-total,8,0,8,5,0,5,3,0,3
Chemie,Chemie und Verfahrenstechnik,SH,EFZ,8,0,8,5,0,5,3,0,3
Chemie,Chemie und Verfahrenstechnik,SH,EBA,0,0,0,0,0,0,0,0,0
Chemie,Chemie und Verfahrenstechnik,SH,nReglementiert,0,0,0,0,0,0,0,0,0
Chemie,Chemie und Verfahrenstechnik,AR,abt-total,6,0,6,4,0,4,2,0,2
Chemie,Chemie und Verfahrenstechnik,AR,EFZ,6,0,6,4,0,4,2,0,2
Chemie,Chemie und Verfahrenstechnik,AR,EBA,0,0,0,0,0,0,0,0,0
Chemie,Chemie und Verfahrenstechnik,AR,nReglementiert,0,0,0,0,0,0,0,0,0
Chemie,Chemie und Verfahrenstechnik,AI,abt-total,0,0,0,0,0,0,0,0,0
Chemie,Chemie und Verfahrenstechnik,AI,EFZ,0,0,0,0,0,0,0,0,0
Chemie,Chemie und Verfahrenstechnik,AI,EBA,0,0,0,0,0,0,0,0,0
Chemie,Chemie und Verfahrenstechnik,AI,nReglementiert,0,0,0,0,0,0,0,0,0
Chemie,Chemie und Verfahrenstechnik,SG,abt-total,20,0,20,16,0,16,4,0,4
Chemie,Chemie und Verfahrenstechnik,SG,EFZ,20,0,20,16,0,16,4,0,4
Chemie,Chemie und Verfahrenstechnik,SG,EBA,0,0,0,0,0,0,0,0,0
Chemie,Chemie und Verfahrenstechnik,SG,nReglementiert,0,0,0,0,0,0,0,0,0
Chemie,Chemie und Verfahrenstechnik,GR,abt-total,13,0,13,5,0,5,8,0,8
Chemie,Chemie und Verfahrenstechnik,GR,EFZ,13,0,13,5,0,5,8,0,8
Chemie,Chemie und Verfahrenstechnik,GR,EBA,0,0,0,0,0,0,0,0,0
Chemie,Chemie und Verfahrenstechnik,GR,nReglementiert,0,0,0,0,0,0,0,0,0
Chemie,Chemie und Verfahrenstechnik,AG,abt-total,62,0,62,40,0,40,22,0,22
Chemie,Chemie und Verfahrenstechnik,AG,EFZ,62,0,62,40,0,40,22,0,22
Chemie,Chemie und Verfahrenstechnik,AG,EBA,0,0,0,0,0,0,0,0,0
Chemie,Chemie und Verfahrenstechnik,AG,nReglementiert,0,0,0,0,0,0,0,0,0
Chemie,Chemie und Verfahrenstechnik,TG,abt-total,3,0,3,1,0,1,2,0,2
Chemie,Chemie und Verfahrenstechnik,TG,EFZ,3,0,3,1,0,1,2,0,2
Chemie,Chemie und Verfahrenstechnik,TG,EBA,0,0,0,0,0,0,0,0,0
Chemie,Chemie und Verfahrenstechnik,TG,nReglementiert,0,0,0,0,0,0,0,0,0
Chemie,Chemie und Verfahrenstechnik,TI,abt-total,45,11,34,28,8,20,17,3,14
Chemie,Chemie und Verfahrenstechnik,TI,EFZ,45,11,34,28,8,20,17,3,14
Chemie,Chemie und Verfahrenstechnik,TI,EBA,0,0,0,0,0,0,0,0,0
Chemie,Chemie und Verfahrenstechnik,TI,nReglementiert,0,0,0,0,0,0,0,0,0
Chemie,Chemie und Verfahrenstechnik,VD,abt-total,62,23,39,40,14,26,22,9,13
Chemie,Chemie und Verfahrenstechnik,VD,EFZ,62,23,39,40,14,26,22,9,13
Chemie,Chemie und Verfahrenstechnik,VD,EBA,0,0,0,0,0,0,0,0,0
Chemie,Chemie und Verfahrenstechnik,VD,nReglementiert,0,0,0,0,0,0,0,0,0
Chemie,Chemie und Verfahrenstechnik,VS,abt-total,84,36,48,52,17,35,32,19,13
Chemie,Chemie und Verfahrenstechnik,VS,EFZ,84,36,48,52,17,35,32,19,13
Chemie,Chemie und Verfahrenstechnik,VS,EBA,0,0,0,0,0,0,0,0,0
Chemie,Chemie und Verfahrenstechnik,VS,nReglementiert,0,0,0,0,0,0,0,0,0
Chemie,Chemie und Verfahrenstechnik,NE,abt-total,10,0,10,5,0,5,5,0,5
Chemie,Chemie und Verfahrenstechnik,NE,EFZ,10,0,10,5,0,5,5,0,5
Chemie,Chemie und Verfahrenstechnik,NE,EBA,0,0,0,0,0,0,0,0,0
Chemie,Chemie und Verfahrenstechnik,NE,nReglementiert,0,0,0,0,0,0,0,0,0
Chemie,Chemie und Verfahrenstechnik,GE,abt-total,27,0,27,14,0,14,13,0,13
Chemie,Chemie und Verfahrenstechnik,GE,EFZ,27,0,27,14,0,14,13,0,13
Chemie,Chemie und Verfahrenstechnik,GE,EBA,0,0,0,0,0,0,0,0,0
Chemie,Chemie und Verfahrenstechnik,GE,nReglementiert,0,0,0,0,0,0,0,0,0
Chemie,Chemie und Verfahrenstechnik,JU,abt-total,7,3,4,2,2,0,5,1,4
Chemie,Chemie und Verfahrenstechnik,JU,EFZ,7,3,4,2,2,0,5,1,4
Chemie,Chemie und Verfahrenstechnik,JU,EBA,0,0,0,0,0,0,0,0,0
Chemie,Chemie und Verfahrenstechnik,JU,nReglementiert,0,0,0,0,0,0,0,0,0
Kraftfahrzeuge,"Kraftfahrzeuge, Schiffe und Flugzeuge",,abt-total,4170,30,4140,3939,29,3910,231,1,230
Kraftfahrzeuge,"Kraftfahrzeuge, Schiffe und Flugzeuge",,EFZ,3668,28,3640,3443,27,3416,225,1,224
Kraftfahrzeuge,"Kraftfahrzeuge, Schiffe und Flugzeuge",,EBA,502,2,500,496,2,494,6,0,6
Kraftfahrzeuge,"Kraftfahrzeuge, Schiffe und Flugzeuge",,nReglementiert,0,0,0,0,0,0,0,0,0
Kraftfahrzeuge,"Kraftfahrzeuge, Schiffe und Flugzeuge",ZH,abt-total,645,0,645,615,0,615,30,0,30
Kraftfahrzeuge,"Kraftfahrzeuge, Schiffe und Flugzeuge",ZH,EFZ,566,0,566,536,0,536,30,0,30
Kraftfahrzeuge,"Kraftfahrzeuge, Schiffe und Flugzeuge",ZH,EBA,79,0,79,79,0,79,0,0,0
Kraftfahrzeuge,"Kraftfahrzeuge, Schiffe und Flugzeuge",ZH,nReglementiert,0,0,0,0,0,0,0,0,0
Kraftfahrzeuge,"Kraftfahrzeuge, Schiffe und Flugzeuge",BE,abt-total,480,0,480,447,0,447,33,0,33
Kraftfahrzeuge,"Kraftfahrzeuge, Schiffe und Flugzeuge",BE,EFZ,434,0,434,402,0,402,32,0,32
Kraftfahrzeuge,"Kraftfahrzeuge, Schiffe und Flugzeuge",BE,EBA,46,0,46,45,0,45,1,0,1
Kraftfahrzeuge,"Kraftfahrzeuge, Schiffe und Flugzeuge",BE,nReglementiert,0,0,0,0,0,0,0,0,0
Kraftfahrzeuge,"Kraftfahrzeuge, Schiffe und Flugzeuge",LU,abt-total,250,0,250,232,0,232,18,0,18
Kraftfahrzeuge,"Kraftfahrzeuge, Schiffe und Flugzeuge",LU,EFZ,215,0,215,197,0,197,18,0,18
Kraftfahrzeuge,"Kraftfahrzeuge, Schiffe und Flugzeuge",LU,EBA,35,0,35,35,0,35,0,0,0
Kraftfahrzeuge,"Kraftfahrzeuge, Schiffe und Flugzeuge",LU,nReglementiert,0,0,0,0,0,0,0,0,0
Kraftfahrzeuge,"Kraftfahrzeuge, Schiffe und Flugzeuge",UR,abt-total,23,0,23,21,0,21,2,0,2
Kraftfahrzeuge,"Kraftfahrzeuge, Schiffe und Flugzeuge",UR,EFZ,21,0,21,19,0,19,2,0,2
Kraftfahrzeuge,"Kraftfahrzeuge, Schiffe und Flugzeuge",UR,EBA,2,0,2,2,0,2,0,0,0
Kraftfahrzeuge,"Kraftfahrzeuge, Schiffe und Flugzeuge",UR,nReglementiert,0,0,0,0,0,0,0,0,0
Kraftfahrzeuge,"Kraftfahrzeuge, Schiffe und Flugzeuge",SZ,abt-total,69,0,69,64,0,64,5,0,5
Kraftfahrzeuge,"Kraftfahrzeuge, Schiffe und Flugzeuge",SZ,EFZ,60,0,60,55,0,55,5,0,5
Kraftfahrzeuge,"Kraftfahrzeuge, Schiffe und Flugzeuge",SZ,EBA,9,0,9,9,0,9,0,0,0
Kraftfahrzeuge,"Kraftfahrzeuge, Schiffe und Flugzeuge",SZ,nReglementiert,0,0,0,0,0,0,0,0,0
Kraftfahrzeuge,"Kraftfahrzeuge, Schiffe und Flugzeuge",OW,abt-total,31,0,31,29,0,29,2,0,2
Kraftfahrzeuge,"Kraftfahrzeuge, Schiffe und Flugzeuge",OW,EFZ,24,0,24,22,0,22,2,0,2
Kraftfahrzeuge,"Kraftfahrzeuge, Schiffe und Flugzeuge",OW,EBA,7,0,7,7,0,7,0,0,0
Kraftfahrzeuge,"Kraftfahrzeuge, Schiffe und Flugzeuge",OW,nReglementiert,0,0,0,0,0,0,0,0,0
Kraftfahrzeuge,"Kraftfahrzeuge, Schiffe und Flugzeuge",NW,abt-total,13,0,13,12,0,12,1,0,1
Kraftfahrzeuge,"Kraftfahrzeuge, Schiffe und Flugzeuge",NW,EFZ,11,0,11,10,0,10,1,0,1
Kraftfahrzeuge,"Kraftfahrzeuge, Schiffe und Flugzeuge",NW,EBA,2,0,2,2,0,2,0,0,0
Kraftfahrzeuge,"Kraftfahrzeuge, Schiffe und Flugzeuge",NW,nReglementiert,0,0,0,0,0,0,0,0,0
Kraftfahrzeuge,"Kraftfahrzeuge, Schiffe und Flugzeuge",GL,abt-total,28,0,28,27,0,27,1,0,1
Kraftfahrzeuge,"Kraftfahrzeuge, Schiffe und Flugzeuge",GL,EFZ,22,0,22,21,0,21,1,0,1
Kraftfahrzeuge,"Kraftfahrzeuge, Schiffe und Flugzeuge",GL,EBA,6,0,6,6,0,6,0,0,0
Kraftfahrzeuge,"Kraftfahrzeuge, Schiffe und Flugzeuge",GL,nReglementiert,0,0,0,0,0,0,0,0,0
Kraftfahrzeuge,"Kraftfahrzeuge, Schiffe und Flugzeuge",ZG,abt-total,57,0,57,54,0,54,3,0,3
Kraftfahrzeuge,"Kraftfahrzeuge, Schiffe und Flugzeuge",ZG,EFZ,52,0,52,49,0,49,3,0,3
Kraftfahrzeuge,"Kraftfahrzeuge, Schiffe und Flugzeuge",ZG,EBA,5,0,5,5,0,5,0,0,0
Kraftfahrzeuge,"Kraftfahrzeuge, Schiffe und Flugzeuge",ZG,nReglementiert,0,0,0,0,0,0,0,0,0
Kraftfahrzeuge,"Kraftfahrzeuge, Schiffe und Flugzeuge",FR,abt-total,210,0,210,204,0,204,6,0,6
Kraftfahrzeuge,"Kraftfahrzeuge, Schiffe und Flugzeuge",FR,EFZ,185,0,185,179,0,179,6,0,6
Kraftfahrzeuge,"Kraftfahrzeuge, Schiffe und Flugzeuge",FR,EBA,25,0,25,25,0,25,0,0,0
Kraftfahrzeuge,"Kraftfahrzeuge, Schiffe und Flugzeuge",FR,nReglementiert,0,0,0,0,0,0,0,0,0
Kraftfahrzeuge,"Kraftfahrzeuge, Schiffe und Flugzeuge",SO,abt-total,128,0,128,121,0,121,7,0,7
Kraftfahrzeuge,"Kraftfahrzeuge, Schiffe und Flugzeuge",SO,EFZ,107,0,107,101,0,101,6,0,6
Kraftfahrzeuge,"Kraftfahrzeuge, Schiffe und Flugzeuge",SO,EBA,21,0,21,20,0,20,1,0,1
Kraftfahrzeuge,"Kraftfahrzeuge, Schiffe und Flugzeuge",SO,nReglementiert,0,0,0,0,0,0,0,0,0
Kraftfahrzeuge,"Kraftfahrzeuge, Schiffe und Flugzeuge",BS,abt-total,46,0,46,41,0,41,5,0,5
Kraftfahrzeuge,"Kraftfahrzeuge, Schiffe und Flugzeuge",BS,EFZ,44,0,44,39,0,39,5,0,5
Kraftfahrzeuge,"Kraftfahrzeuge, Schiffe und Flugzeuge",BS,EBA,2,0,2,2,0,2,0,0,0
Kraftfahrzeuge,"Kraftfahrzeuge, Schiffe und Flugzeuge",BS,nReglementiert,0,0,0,0,0,0,0,0,0
Kraftfahrzeuge,"Kraftfahrzeuge, Schiffe und Flugzeuge",BL,abt-total,133,0,133,117,0,117,16,0,16
Kraftfahrzeuge,"Kraftfahrzeuge, Schiffe und Flugzeuge",BL,EFZ,113,0,113,99,0,99,14,0,14
Kraftfahrzeuge,"Kraftfahrzeuge, Schiffe und Flugzeuge",BL,EBA,20,0,20,18,0,18,2,0,2
Kraftfahrzeuge,"Kraftfahrzeuge, Schiffe und Flugzeuge",Bl,nReglementiert,0,0,0,0,0,0,0,0,0
Kraftfahrzeuge,"Kraftfahrzeuge, Schiffe und Flugzeuge",SH,abt-total,47,0,47,44,0,44,3,0,3
Kraftfahrzeuge,"Kraftfahrzeuge, Schiffe und Flugzeuge",SH,EFZ,37,0,37,34,0,34,3,0,3
Kraftfahrzeuge,"Kraftfahrzeuge, Schiffe und Flugzeuge",SH,EBA,10,0,10,10,0,10,0,0,0
Kraftfahrzeuge,"Kraftfahrzeuge, Schiffe und Flugzeuge",SH,nReglementiert,0,0,0,0,0,0,0,0,0
Kraftfahrzeuge,"Kraftfahrzeuge, Schiffe und Flugzeuge",AR,abt-total,15,0,15,14,0,14,1,0,1
Kraftfahrzeuge,"Kraftfahrzeuge, Schiffe und Flugzeuge",AR,EFZ,12,0,12,11,0,11,1,0,1
Kraftfahrzeuge,"Kraftfahrzeuge, Schiffe und Flugzeuge",AR,EBA,3,0,3,3,0,3,0,0,0
Kraftfahrzeuge,"Kraftfahrzeuge, Schiffe und Flugzeuge",AR,nReglementiert,0,0,0,0,0,0,0,0,0
Kraftfahrzeuge,"Kraftfahrzeuge, Schiffe und Flugzeuge",AI,abt-total,9,0,9,9,0,9,0,0,0
Kraftfahrzeuge,"Kraftfahrzeuge, Schiffe und Flugzeuge",AI,EFZ,9,0,9,9,0,9,0,0,0
Kraftfahrzeuge,"Kraftfahrzeuge, Schiffe und Flugzeuge",AI,EBA,0,0,0,0,0,0,0,0,0
Kraftfahrzeuge,"Kraftfahrzeuge, Schiffe und Flugzeuge",AI,nReglementiert,0,0,0,0,0,0,0,0,0
Kraftfahrzeuge,"Kraftfahrzeuge, Schiffe und Flugzeuge",SG,abt-total,316,0,316,301,0,301,15,0,15
Kraftfahrzeuge,"Kraftfahrzeuge, Schiffe und Flugzeuge",SG,EFZ,286,0,286,271,0,271,15,0,15
Kraftfahrzeuge,"Kraftfahrzeuge, Schiffe und Flugzeuge",SG,EBA,30,0,30,30,0,30,0,0,0
Kraftfahrzeuge,"Kraftfahrzeuge, Schiffe und Flugzeuge",SG,nReglementiert,0,0,0,0,0,0,0,0,0
Kraftfahrzeuge,"Kraftfahrzeuge, Schiffe und Flugzeuge",GR,abt-total,115,0,115,111,0,111,4,0,4
Kraftfahrzeuge,"Kraftfahrzeuge, Schiffe und Flugzeuge",GR,EFZ,101,0,101,97,0,97,4,0,4
Kraftfahrzeuge,"Kraftfahrzeuge, Schiffe und Flugzeuge",GR,EBA,14,0,14,14,0,14,0,0,0
Kraftfahrzeuge,"Kraftfahrzeuge, Schiffe und Flugzeuge",GR,nReglementiert,0,0,0,0,0,0,0,0,0
Kraftfahrzeuge,"Kraftfahrzeuge, Schiffe und Flugzeuge",AG,abt-total,334,0,334,312,0,312,22,0,22
Kraftfahrzeuge,"Kraftfahrzeuge, Schiffe und Flugzeuge",AG,EFZ,272,0,272,251,0,251,21,0,21
Kraftfahrzeuge,"Kraftfahrzeuge, Schiffe und Flugzeuge",AG,EBA,62,0,62,61,0,61,1,0,1
Kraftfahrzeuge,"Kraftfahrzeuge, Schiffe und Flugzeuge",AG,nReglementiert,0,0,0,0,0,0,0,0,0
Kraftfahrzeuge,"Kraftfahrzeuge, Schiffe und Flugzeuge",TG,abt-total,169,0,169,159,0,159,10,0,10
Kraftfahrzeuge,"Kraftfahrzeuge, Schiffe und Flugzeuge",TG,EFZ,153,0,153,143,0,143,10,0,10
Kraftfahrzeuge,"Kraftfahrzeuge, Schiffe und Flugzeuge",TG,EBA,16,0,16,16,0,16,0,0,0
Kraftfahrzeuge,"Kraftfahrzeuge, Schiffe und Flugzeuge",TG,nReglementiert,0,0,0,0,0,0,0,0,0
Kraftfahrzeuge,"Kraftfahrzeuge, Schiffe und Flugzeuge",TI,abt-total,181,2,179,176,2,174,5,0,5
Kraftfahrzeuge,"Kraftfahrzeuge, Schiffe und Flugzeuge",TI,EFZ,152,0,152,147,0,147,5,0,5
Kraftfahrzeuge,"Kraftfahrzeuge, Schiffe und Flugzeuge",TI,EBA,29,2,27,29,2,27,0,0,0
Kraftfahrzeuge,"Kraftfahrzeuge, Schiffe und Flugzeuge",TI,nReglementiert,0,0,0,0,0,0,0,0,0
Kraftfahrzeuge,"Kraftfahrzeuge, Schiffe und Flugzeuge",VD,abt-total,348,11,337,329,10,319,19,1,18
Kraftfahrzeuge,"Kraftfahrzeuge, Schiffe und Flugzeuge",VD,EFZ,320,11,309,302,10,292,18,1,17
Kraftfahrzeuge,"Kraftfahrzeuge, Schiffe und Flugzeuge",VD,EBA,28,0,28,27,0,27,1,0,1
Kraftfahrzeuge,"Kraftfahrzeuge, Schiffe und Flugzeuge",VD,nReglementiert,0,0,0,0,0,0,0,0,0
Kraftfahrzeuge,"Kraftfahrzeuge, Schiffe und Flugzeuge",VS,abt-total,231,0,231,217,0,217,14,0,14
Kraftfahrzeuge,"Kraftfahrzeuge, Schiffe und Flugzeuge",VS,EFZ,202,0,202,188,0,188,14,0,14
Kraftfahrzeuge,"Kraftfahrzeuge, Schiffe und Flugzeuge",VS,EBA,29,0,29,29,0,29,0,0,0
Kraftfahrzeuge,"Kraftfahrzeuge, Schiffe und Flugzeuge",VS,nReglementiert,0,0,0,0,0,0,0,0,0
Kraftfahrzeuge,"Kraftfahrzeuge, Schiffe und Flugzeuge",NE,abt-total,95,0,95,92,0,92,3,0,3
Kraftfahrzeuge,"Kraftfahrzeuge, Schiffe und Flugzeuge",NE,EFZ,87,0,87,84,0,84,3,0,3
Kraftfahrzeuge,"Kraftfahrzeuge, Schiffe und Flugzeuge",NE,EBA,8,0,8,8,0,8,0,0,0
Kraftfahrzeuge,"Kraftfahrzeuge, Schiffe und Flugzeuge",NE,nReglementiert,0,0,0,0,0,0,0,0,0
Kraftfahrzeuge,"Kraftfahrzeuge, Schiffe und Flugzeuge",GE,abt-total,156,17,139,153,17,136,3,0,3
Kraftfahrzeuge,"Kraftfahrzeuge, Schiffe und Flugzeuge",GE,EFZ,143,17,126,140,17,123,3,0,3
Kraftfahrzeuge,"Kraftfahrzeuge, Schiffe und Flugzeuge",GE,EBA,13,0,13,13,0,13,0,0,0
Kraftfahrzeuge,"Kraftfahrzeuge, Schiffe und Flugzeuge",GE,nReglementiert,0,0,0,0,0,0,0,0,0
Kraftfahrzeuge,"Kraftfahrzeuge, Schiffe und Flugzeuge",JU,abt-total,41,0,41,38,0,38,3,0,3
Kraftfahrzeuge,"Kraftfahrzeuge, Schiffe und Flugzeuge",JU,EFZ,40,0,40,37,0,37,3,0,3
Kraftfahrzeuge,"Kraftfahrzeuge, Schiffe und Flugzeuge",JU,EBA,1,0,1,1,0,1,0,0,0
Kraftfahrzeuge,"Kraftfahrzeuge, Schiffe und Flugzeuge",JU,nReglementiert,0,0,0,0,0,0,0,0,0
Food,Ernährungsgewerbe,,abt-total,1373,0,1373,708,0,708,665,0,665
Food,Ernährungsgewerbe,,EFZ,1193,0,1193,591,0,591,602,0,602
Food,Ernährungsgewerbe,,EBA,180,0,180,117,0,117,63,0,63
Food,Ernährungsgewerbe,,nReglementiert,0,0,0,0,0,0,0,0,0
Food,Ernährungsgewerbe,ZH,abt-total,130,0,130,60,0,60,70,0,70
Food,Ernährungsgewerbe,ZH,EFZ,110,0,110,51,0,51,59,0,59
Food,Ernährungsgewerbe,ZH,EBA,20,0,20,9,0,9,11,0,11
Food,Ernährungsgewerbe,ZH,nReglementiert,0,0,0,0,0,0,0,0,0
Food,Ernährungsgewerbe,BE,abt-total,210,0,210,105,0,105,105,0,105
Food,Ernährungsgewerbe,BE,EFZ,178,0,178,84,0,84,94,0,94
Food,Ernährungsgewerbe,BE,EBA,32,0,32,21,0,21,11,0,11
Food,Ernährungsgewerbe,BE,nReglementiert,0,0,0,0,0,0,0,0,0
Food,Ernährungsgewerbe,LU,abt-total,98,0,98,49,0,49,49,0,49
Food,Ernährungsgewerbe,LU,EFZ,84,0,84,39,0,39,45,0,45
Food,Ernährungsgewerbe,LU,EBA,14,0,14,10,0,10,4,0,4
Food,Ernährungsgewerbe,LU,nReglementiert,0,0,0,0,0,0,0,0,0
Food,Ernährungsgewerbe,UR,abt-total,8,0,8,3,0,3,5,0,5
Food,Ernährungsgewerbe,UR,EFZ,6,0,6,3,0,3,3,0,3
Food,Ernährungsgewerbe,UR,EBA,2,0,2,0,0,0,2,0,2
Food,Ernährungsgewerbe,UR,nReglementiert,0,0,0,0,0,0,0,0,0
Food,Ernährungsgewerbe,SZ,abt-total,37,0,37,16,0,16,21,0,21
Food,Ernährungsgewerbe,SZ,EFZ,31,0,31,12,0,12,19,0,19
Food,Ernährungsgewerbe,SZ,EBA,6,0,6,4,0,4,2,0,2
Food,Ernährungsgewerbe,SZ,nReglementiert,0,0,0,0,0,0,0,0,0
Food,Ernährungsgewerbe,OW,abt-total,9,0,9,5,0,5,4,0,4
Food,Ernährungsgewerbe,OW,EFZ,9,0,9,5,0,5,4,0,4
Food,Ernährungsgewerbe,OW,EBA,0,0,0,0,0,0,0,0,0
Food,Ernährungsgewerbe,OW,nReglementiert,0,0,0,0,0,0,0,0,0
Food,Ernährungsgewerbe,NW,abt-total,7,0,7,3,0,3,4,0,4
Food,Ernährungsgewerbe,NW,EFZ,5,0,5,2,0,2,3,0,3
Food,Ernährungsgewerbe,NW,EBA,2,0,2,1,0,1,1,0,1
Food,Ernährungsgewerbe,NW,nReglementiert,0,0,0,0,0,0,0,0,0
Food,Ernährungsgewerbe,GL,abt-total,6,0,6,4,0,4,2,0,2
Food,Ernährungsgewerbe,GL,EFZ,5,0,5,3,0,3,2,0,2
Food,Ernährungsgewerbe,GL,EBA,1,0,1,1,0,1,0,0,0
Food,Ernährungsgewerbe,GL,nReglementiert,0,0,0,0,0,0,0,0,0
Food,Ernährungsgewerbe,ZG,abt-total,14,0,14,3,0,3,11,0,11
Food,Ernährungsgewerbe,ZG,EFZ,13,0,13,3,0,3,10,0,10
Food,Ernährungsgewerbe,ZG,EBA,1,0,1,0,0,0,1,0,1
Food,Ernährungsgewerbe,ZG,nReglementiert,0,0,0,0,0,0,0,0,0
Food,Ernährungsgewerbe,FR,abt-total,112,0,112,73,0,73,39,0,39
Food,Ernährungsgewerbe,FR,EFZ,98,0,98,63,0,63,35,0,35
Food,Ernährungsgewerbe,FR,EBA,14,0,14,10,0,10,4,0,4
Food,Ernährungsgewerbe,FR,nReglementiert,0,0,0,0,0,0,0,0,0
Food,Ernährungsgewerbe,SO,abt-total,26,0,26,10,0,10,16,0,16
Food,Ernährungsgewerbe,SO,EFZ,21,0,21,8,0,8,13,0,13
Food,Ernährungsgewerbe,SO,EBA,5,0,5,2,0,2,3,0,3
Food,Ernährungsgewerbe,SO,nReglementiert,0,0,0,0,0,0,0,0,0
Food,Ernährungsgewerbe,BS,abt-total,19,0,19,12,0,12,7,0,7
Food,Ernährungsgewerbe,BS,EFZ,16,0,16,10,0,10,6,0,6
Food,Ernährungsgewerbe,BS,EBA,3,0,3,2,0,2,1,0,1
Food,Ernährungsgewerbe,BS,nReglementiert,0,0,0,0,0,0,0,0,0
Food,Ernährungsgewerbe,BL,abt-total,37,0,37,16,0,16,21,0,21
Food,Ernährungsgewerbe,BL,EFZ,28,0,28,12,0,12,16,0,16
Food,Ernährungsgewerbe,BL,EBA,9,0,9,4,0,4,5,0,5
Food,Ernährungsgewerbe,Bl,nReglementiert,0,0,0,0,0,0,0,0,0
Food,Ernährungsgewerbe,SH,abt-total,15,0,15,7,0,7,8,0,8
Food,Ernährungsgewerbe,SH,EFZ,13,0,13,7,0,7,6,0,6
Food,Ernährungsgewerbe,SH,EBA,2,0,2,0,0,0,2,0,2
Food,Ernährungsgewerbe,SH,nReglementiert,0,0,0,0,0,0,0,0,0
Food,Ernährungsgewerbe,AR,abt-total,13,0,13,6,0,6,7,0,7
Food,Ernährungsgewerbe,AR,EFZ,10,0,10,4,0,4,6,0,6
Food,Ernährungsgewerbe,AR,EBA,3,0,3,2,0,2,1,0,1
Food,Ernährungsgewerbe,AR,nReglementiert,0,0,0,0,0,0,0,0,0
Food,Ernährungsgewerbe,AI,abt-total,12,0,12,4,0,4,8,0,8
Food,Ernährungsgewerbe,AI,EFZ,11,0,11,4,0,4,7,0,7
Food,Ernährungsgewerbe,AI,EBA,1,0,1,0,0,0,1,0,1
Food,Ernährungsgewerbe,AI,nReglementiert,0,0,0,0,0,0,0,0,0
Food,Ernährungsgewerbe,SG,abt-total,136,0,136,68,0,68,68,0,68
Food,Ernährungsgewerbe,SG,EFZ,115,0,115,52,0,52,63,0,63
Food,Ernährungsgewerbe,SG,EBA,21,0,21,16,0,16,5,0,5
Food,Ernährungsgewerbe,SG,nReglementiert,0,0,0,0,0,0,0,0,0
Food,Ernährungsgewerbe,GR,abt-total,33,0,33,9,0,9,24,0,24
Food,Ernährungsgewerbe,GR,EFZ,33,0,33,9,0,9,24,0,24
Food,Ernährungsgewerbe,GR,EBA,0,0,0,0,0,0,0,0,0
Food,Ernährungsgewerbe,GR,nReglementiert,0,0,0,0,0,0,0,0,0
Food,Ernährungsgewerbe,AG,abt-total,110,0,110,52,0,52,58,0,58
Food,Ernährungsgewerbe,AG,EFZ,99,0,99,44,0,44,55,0,55
Food,Ernährungsgewerbe,AG,EBA,11,0,11,8,0,8,3,0,3
Food,Ernährungsgewerbe,AG,nReglementiert,0,0,0,0,0,0,0,0,0
Food,Ernährungsgewerbe,TG,abt-total,48,0,48,27,0,27,21,0,21
Food,Ernährungsgewerbe,TG,EFZ,40,0,40,20,0,20,20,0,20
Food,Ernährungsgewerbe,TG,EBA,8,0,8,7,0,7,1,0,1
Food,Ernährungsgewerbe,TG,nReglementiert,0,0,0,0,0,0,0,0,0
Food,Ernährungsgewerbe,TI,abt-total,43,0,43,29,0,29,14,0,14
Food,Ernährungsgewerbe,TI,EFZ,41,0,41,27,0,27,14,0,14
Food,Ernährungsgewerbe,TI,EBA,2,0,2,2,0,2,0,0,0
Food,Ernährungsgewerbe,TI,nReglementiert,0,0,0,0,0,0,0,0,0
Food,Ernährungsgewerbe,VD,abt-total,123,0,123,75,0,75,48,0,48
Food,Ernährungsgewerbe,VD,EFZ,111,0,111,67,0,67,44,0,44
Food,Ernährungsgewerbe,VD,EBA,12,0,12,8,0,8,4,0,4
Food,Ernährungsgewerbe,VD,nReglementiert,0,0,0,0,0,0,0,0,0
Food,Ernährungsgewerbe,VS,abt-total,47,0,47,28,0,28,19,0,19
Food,Ernährungsgewerbe,VS,EFZ,46,0,46,27,0,27,19,0,19
Food,Ernährungsgewerbe,VS,EBA,1,0,1,1,0,1,0,0,0
Food,Ernährungsgewerbe,VS,nReglementiert,0,0,0,0,0,0,0,0,0
Food,Ernährungsgewerbe,NE,abt-total,29,0,29,13,0,13,16,0,16
Food,Ernährungsgewerbe,NE,EFZ,28,0,28,12,0,12,16,0,16
Food,Ernährungsgewerbe,NE,EBA,1,0,1,1,0,1,0,0,0
Food,Ernährungsgewerbe,NE,nReglementiert,0,0,0,0,0,0,0,0,0
Food,Ernährungsgewerbe,GE,abt-total,29,0,29,17,0,17,12,0,12
Food,Ernährungsgewerbe,GE,EFZ,23,0,23,12,0,12,11,0,11
Food,Ernährungsgewerbe,GE,EBA,6,0,6,5,0,5,1,0,1
Food,Ernährungsgewerbe,GE,nReglementiert,0,0,0,0,0,0,0,0,0
Food,Ernährungsgewerbe,JU,abt-total,22,0,22,14,0,14,8,0,8
Food,Ernährungsgewerbe,JU,EFZ,19,0,19,11,0,11,8,0,8
Food,Ernährungsgewerbe,JU,EBA,3,0,3,3,0,3,0,0,0
Food,Ernährungsgewerbe,JU,nReglementiert,0,0,0,0,0,0,0,0,0
Cloth,"Textil, Bekleidung, Schuhe, Leder",,abt-total,466,298,168,67,26,41,399,272,127
Cloth,"Textil, Bekleidung, Schuhe, Leder",,EFZ,431,280,151,64,26,38,367,254,113
Cloth,"Textil, Bekleidung, Schuhe, Leder",,EBA,35,18,17,3,0,3,32,18,14
Cloth,"Textil, Bekleidung, Schuhe, Leder",,nReglementiert,0,0,0,0,0,0,0,0,0
Cloth,"Textil, Bekleidung, Schuhe, Leder",ZH,abt-total,57,39,18,6,3,3,51,36,15
Cloth,"Textil, Bekleidung, Schuhe, Leder",ZH,EFZ,55,39,16,5,3,2,50,36,14
Cloth,"Textil, Bekleidung, Schuhe, Leder",ZH,EBA,2,0,2,1,0,1,1,0,1
Cloth,"Textil, Bekleidung, Schuhe, Leder",ZH,nReglementiert,0,0,0,0,0,0,0,0,0
Cloth,"Textil, Bekleidung, Schuhe, Leder",BE,abt-total,31,16,15,4,0,4,27,16,11
Cloth,"Textil, Bekleidung, Schuhe, Leder",BE,EFZ,31,16,15,4,0,4,27,16,11
Cloth,"Textil, Bekleidung, Schuhe, Leder",BE,EBA,0,0,0,0,0,0,0,0,0
Cloth,"Textil, Bekleidung, Schuhe, Leder",BE,nReglementiert,0,0,0,0,0,0,0,0,0
Cloth,"Textil, Bekleidung, Schuhe, Leder",LU,abt-total,15,0,15,3,0,3,12,0,12
Cloth,"Textil, Bekleidung, Schuhe, Leder",LU,EFZ,15,0,15,3,0,3,12,0,12
Cloth,"Textil, Bekleidung, Schuhe, Leder",LU,EBA,0,0,0,0,0,0,0,0,0
Cloth,"Textil, Bekleidung, Schuhe, Leder",LU,nReglementiert,0,0,0,0,0,0,0,0,0
Cloth,"Textil, Bekleidung, Schuhe, Leder",UR,abt-total,5,0,5,0,0,0,5,0,5
Cloth,"Textil, Bekleidung, Schuhe, Leder",UR,EFZ,5,0,5,0,0,0,5,0,5
Cloth,"Textil, Bekleidung, Schuhe, Leder",UR,EBA,0,0,0,0,0,0,0,0,0
Cloth,"Textil, Bekleidung, Schuhe, Leder",UR,nReglementiert,0,0,0,0,0,0,0,0,0
Cloth,"Textil, Bekleidung, Schuhe, Leder",SZ,abt-total,6,0,6,0,0,0,6,0,6
Cloth,"Textil, Bekleidung, Schuhe, Leder",SZ,EFZ,5,0,5,0,0,0,5,0,5
Cloth,"Textil, Bekleidung, Schuhe, Leder",SZ,EBA,1,0,1,0,0,0,1,0,1
Cloth,"Textil, Bekleidung, Schuhe, Leder",SZ,nReglementiert,0,0,0,0,0,0,0,0,0
Cloth,"Textil, Bekleidung, Schuhe, Leder",OW,abt-total,1,0,1,0,0,0,1,0,1
Cloth,"Textil, Bekleidung, Schuhe, Leder",OW,EFZ,1,0,1,0,0,0,1,0,1
Cloth,"Textil, Bekleidung, Schuhe, Leder",OW,EBA,0,0,0,0,0,0,0,0,0
Cloth,"Textil, Bekleidung, Schuhe, Leder",OW,nReglementiert,0,0,0,0,0,0,0,0,0
Cloth,"Textil, Bekleidung, Schuhe, Leder",NW,abt-total,4,0,4,0,0,0,4,0,4
Cloth,"Textil, Bekleidung, Schuhe, Leder",NW,EFZ,4,0,4,0,0,0,4,0,4
Cloth,"Textil, Bekleidung, Schuhe, Leder",NW,EBA,0,0,0,0,0,0,0,0,0
Cloth,"Textil, Bekleidung, Schuhe, Leder",NW,nReglementiert,0,0,0,0,0,0,0,0,0
Cloth,"Textil, Bekleidung, Schuhe, Leder",GL,abt-total,0,0,0,0,0,0,0,0,0
Cloth,"Textil, Bekleidung, Schuhe, Leder",GL,EFZ,0,0,0,0,0,0,0,0,0
Cloth,"Textil, Bekleidung, Schuhe, Leder",GL,EBA,0,0,0,0,0,0,0,0,0
Cloth,"Textil, Bekleidung, Schuhe, Leder",GL,nReglementiert,0,0,0,0,0,0,0,0,0
Cloth,"Textil, Bekleidung, Schuhe, Leder",ZG,abt-total,1,0,1,0,0,0,1,0,1
Cloth,"Textil, Bekleidung, Schuhe, Leder",ZG,EFZ,1,0,1,0,0,0,1,0,1
Cloth,"Textil, Bekleidung, Schuhe, Leder",ZG,EBA,0,0,0,0,0,0,0,0,0
Cloth,"Textil, Bekleidung, Schuhe, Leder",ZG,nReglementiert,0,0,0,0,0,0,0,0,0
Cloth,"Textil, Bekleidung, Schuhe, Leder",FR,abt-total,21,11,10,2,0,2,19,11,8
Cloth,"Textil, Bekleidung, Schuhe, Leder",FR,EFZ,15,11,4,2,0,2,13,11,2
Cloth,"Textil, Bekleidung, Schuhe, Leder",FR,EBA,6,0,6,0,0,0,6,0,6
Cloth,"Textil, Bekleidung, Schuhe, Leder",FR,nReglementiert,0,0,0,0,0,0,0,0,0
Cloth,"Textil, Bekleidung, Schuhe, Leder",SO,abt-total,16,13,3,2,1,1,14,12,2
Cloth,"Textil, Bekleidung, Schuhe, Leder",SO,EFZ,14,11,3,2,1,1,12,10,2
Cloth,"Textil, Bekleidung, Schuhe, Leder",SO,EBA,2,2,0,0,0,0,2,2,0
Cloth,"Textil, Bekleidung, Schuhe, Leder",SO,nReglementiert,0,0,0,0,0,0,0,0,0
Cloth,"Textil, Bekleidung, Schuhe, Leder",BS,abt-total,19,10,9,1,0,1,18,10,8
Cloth,"Textil, Bekleidung, Schuhe, Leder",BS,EFZ,17,10,7,1,0,1,16,10,6
Cloth,"Textil, Bekleidung, Schuhe, Leder",BS,EBA,2,0,2,0,0,0,2,0,2
Cloth,"Textil, Bekleidung, Schuhe, Leder",BS,nReglementiert,0,0,0,0,0,0,0,0,0
Cloth,"Textil, Bekleidung, Schuhe, Leder",BL,abt-total,1,0,1,1,0,1,0,0,0
Cloth,"Textil, Bekleidung, Schuhe, Leder",BL,EFZ,1,0,1,1,0,1,0,0,0
Cloth,"Textil, Bekleidung, Schuhe, Leder",BL,EBA,0,0,0,0,0,0,0,0,0
Cloth,"Textil, Bekleidung, Schuhe, Leder",Bl,nReglementiert,0,0,0,0,0,0,0,0,0
Cloth,"Textil, Bekleidung, Schuhe, Leder",SH,abt-total,3,0,3,1,0,1,2,0,2
Cloth,"Textil, Bekleidung, Schuhe, Leder",SH,EFZ,3,0,3,1,0,1,2,0,2
Cloth,"Textil, Bekleidung, Schuhe, Leder",SH,EBA,0,0,0,0,0,0,0,0,0
Cloth,"Textil, Bekleidung, Schuhe, Leder",SH,nReglementiert,0,0,0,0,0,0,0,0,0
Cloth,"Textil, Bekleidung, Schuhe, Leder",AR,abt-total,9,0,9,4,0,4,5,0,5
Cloth,"Textil, Bekleidung, Schuhe, Leder",AR,EFZ,9,0,9,4,0,4,5,0,5
Cloth,"Textil, Bekleidung, Schuhe, Leder",AR,EBA,0,0,0,0,0,0,0,0,0
Cloth,"Textil, Bekleidung, Schuhe, Leder",AR,nReglementiert,0,0,0,0,0,0,0,0,0
Cloth,"Textil, Bekleidung, Schuhe, Leder",AI,abt-total,1,0,1,1,0,1,0,0,0
Cloth,"Textil, Bekleidung, Schuhe, Leder",AI,EFZ,1,0,1,1,0,1,0,0,0
Cloth,"Textil, Bekleidung, Schuhe, Leder",AI,EBA,0,0,0,0,0,0,0,0,0
Cloth,"Textil, Bekleidung, Schuhe, Leder",AI,nReglementiert,0,0,0,0,0,0,0,0,0
Cloth,"Textil, Bekleidung, Schuhe, Leder",SG,abt-total,14,7,7,3,1,2,11,6,5
Cloth,"Textil, Bekleidung, Schuhe, Leder",SG,EFZ,13,7,6,3,1,2,10,6,4
Cloth,"Textil, Bekleidung, Schuhe, Leder",SG,EBA,1,0,1,0,0,0,1,0,1
Cloth,"Textil, Bekleidung, Schuhe, Leder",SG,nReglementiert,0,0,0,0,0,0,0,0,0
Cloth,"Textil, Bekleidung, Schuhe, Leder",GR,abt-total,4,3,1,1,0,1,3,3,0
Cloth,"Textil, Bekleidung, Schuhe, Leder",GR,EFZ,4,3,1,1,0,1,3,3,0
Cloth,"Textil, Bekleidung, Schuhe, Leder",GR,EBA,0,0,0,0,0,0,0,0,0
Cloth,"Textil, Bekleidung, Schuhe, Leder",GR,nReglementiert,0,0,0,0,0,0,0,0,0
Cloth,"Textil, Bekleidung, Schuhe, Leder",AG,abt-total,28,0,28,6,0,6,22,0,22
Cloth,"Textil, Bekleidung, Schuhe, Leder",AG,EFZ,25,0,25,5,0,5,20,0,20
Cloth,"Textil, Bekleidung, Schuhe, Leder",AG,EBA,3,0,3,1,0,1,2,0,2
Cloth,"Textil, Bekleidung, Schuhe, Leder",AG,nReglementiert,0,0,0,0,0,0,0,0,0
Cloth,"Textil, Bekleidung, Schuhe, Leder",TG,abt-total,11,0,11,3,0,3,8,0,8
Cloth,"Textil, Bekleidung, Schuhe, Leder",TG,EFZ,11,0,11,3,0,3,8,0,8
Cloth,"Textil, Bekleidung, Schuhe, Leder",TG,EBA,0,0,0,0,0,0,0,0,0
Cloth,"Textil, Bekleidung, Schuhe, Leder",TG,nReglementiert,0,0,0,0,0,0,0,0,0
Cloth,"Textil, Bekleidung, Schuhe, Leder",TI,abt-total,109,103,6,12,9,3,97,94,3
Cloth,"Textil, Bekleidung, Schuhe, Leder",TI,EFZ,91,87,4,11,9,2,80,78,2
Cloth,"Textil, Bekleidung, Schuhe, Leder",TI,EBA,18,16,2,1,0,1,17,16,1
Cloth,"Textil, Bekleidung, Schuhe, Leder",TI,nReglementiert,0,0,0,0,0,0,0,0,0
Cloth,"Textil, Bekleidung, Schuhe, Leder",VD,abt-total,47,39,8,11,8,3,36,31,5
Cloth,"Textil, Bekleidung, Schuhe, Leder",VD,EFZ,47,39,8,11,8,3,36,31,5
Cloth,"Textil, Bekleidung, Schuhe, Leder",VD,EBA,0,0,0,0,0,0,0,0,0
Cloth,"Textil, Bekleidung, Schuhe, Leder",VD,nReglementiert,0,0,0,0,0,0,0,0,0
Cloth,"Textil, Bekleidung, Schuhe, Leder",VS,abt-total,26,23,3,4,2,2,22,21,1
Cloth,"Textil, Bekleidung, Schuhe, Leder",VS,EFZ,26,23,3,4,2,2,22,21,1
Cloth,"Textil, Bekleidung, Schuhe, Leder",VS,EBA,0,0,0,0,0,0,0,0,0
Cloth,"Textil, Bekleidung, Schuhe, Leder",VS,nReglementiert,0,0,0,0,0,0,0,0,0
Cloth,"Textil, Bekleidung, Schuhe, Leder",NE,abt-total,21,20,1,2,2,0,19,18,1
Cloth,"Textil, Bekleidung, Schuhe, Leder",NE,EFZ,21,20,1,2,2,0,19,18,1
Cloth,"Textil, Bekleidung, Schuhe, Leder",NE,EBA,0,0,0,0,0,0,0,0,0
Cloth,"Textil, Bekleidung, Schuhe, Leder",NE,nReglementiert,0,0,0,0,0,0,0,0,0
Cloth,"Textil, Bekleidung, Schuhe, Leder",GE,abt-total,16,14,2,0,0,0,16,14,2
Cloth,"Textil, Bekleidung, Schuhe, Leder",GE,EFZ,16,14,2,0,0,0,16,14,2
Cloth,"Textil, Bekleidung, Schuhe, Leder",GE,EBA,0,0,0,0,0,0,0,0,0
Cloth,"Textil, Bekleidung, Schuhe, Leder",GE,nReglementiert,0,0,0,0,0,0,0,0,0
Cloth,"Textil, Bekleidung, Schuhe, Leder",JU,abt-total,0,0,0,0,0,0,0,0,0
Cloth,"Textil, Bekleidung, Schuhe, Leder",JU,EFZ,0,0,0,0,0,0,0,0,0
Cloth,"Textil, Bekleidung, Schuhe, Leder",JU,EBA,0,0,0,0,0,0,0,0,0
Cloth,"Textil, Bekleidung, Schuhe, Leder",JU,nReglementiert,0,0,0,0,0,0,0,0,0
Material,"Werkstoffe (Holz, Papier, Kunststoff, Glas)",,abt-total,1927,127,1800,1698,105,1593,229,22,207
Material,"Werkstoffe (Holz, Papier, Kunststoff, Glas)",,EFZ,1555,103,1452,1358,85,1273,197,18,179
Material,"Werkstoffe (Holz, Papier, Kunststoff, Glas)",,EBA,372,24,348,340,20,320,32,4,28
Material,"Werkstoffe (Holz, Papier, Kunststoff, Glas)",,nReglementiert,0,0,0,0,0,0,0,0,0
Material,"Werkstoffe (Holz, Papier, Kunststoff, Glas)",ZH,abt-total,202,11,191,170,7,163,32,4,28
Material,"Werkstoffe (Holz, Papier, Kunststoff, Glas)",ZH,EFZ,154,11,143,125,7,118,29,4,25
Material,"Werkstoffe (Holz, Papier, Kunststoff, Glas)",ZH,EBA,48,0,48,45,0,45,3,0,3
Material,"Werkstoffe (Holz, Papier, Kunststoff, Glas)",ZH,nReglementiert,0,0,0,0,0,0,0,0,0
Material,"Werkstoffe (Holz, Papier, Kunststoff, Glas)",BE,abt-total,284,48,236,249,39,210,35,9,26
Material,"Werkstoffe (Holz, Papier, Kunststoff, Glas)",BE,EFZ,227,29,198,197,24,173,30,5,25
Material,"Werkstoffe (Holz, Papier, Kunststoff, Glas)",BE,EBA,57,19,38,52,15,37,5,4,1
Material,"Werkstoffe (Holz, Papier, Kunststoff, Glas)",BE,nReglementiert,0,0,0,0,0,0,0,0,0
Material,"Werkstoffe (Holz, Papier, Kunststoff, Glas)",LU,abt-total,138,0,138,122,0,122,16,0,16
Material,"Werkstoffe (Holz, Papier, Kunststoff, Glas)",LU,EFZ,104,0,104,96,0,96,8,0,8
Material,"Werkstoffe (Holz, Papier, Kunststoff, Glas)",LU,EBA,34,0,34,26,0,26,8,0,8
Material,"Werkstoffe (Holz, Papier, Kunststoff, Glas)",LU,nReglementiert,0,0,0,0,0,0,0,0,0
Material,"Werkstoffe (Holz, Papier, Kunststoff, Glas)",UR,abt-total,6,0,6,6,0,6,0,0,0
Material,"Werkstoffe (Holz, Papier, Kunststoff, Glas)",UR,EFZ,6,0,6,6,0,6,0,0,0
Material,"Werkstoffe (Holz, Papier, Kunststoff, Glas)",UR,EBA,0,0,0,0,0,0,0,0,0
Material,"Werkstoffe (Holz, Papier, Kunststoff, Glas)",UR,nReglementiert,0,0,0,0,0,0,0,0,0
Material,"Werkstoffe (Holz, Papier, Kunststoff, Glas)",SZ,abt-total,60,0,60,51,0,51,9,0,9
Material,"Werkstoffe (Holz, Papier, Kunststoff, Glas)",SZ,EFZ,45,0,45,37,0,37,8,0,8
Material,"Werkstoffe (Holz, Papier, Kunststoff, Glas)",SZ,EBA,15,0,15,14,0,14,1,0,1
Material,"Werkstoffe (Holz, Papier, Kunststoff, Glas)",SZ,nReglementiert,0,0,0,0,0,0,0,0,0
Material,"Werkstoffe (Holz, Papier, Kunststoff, Glas)",OW,abt-total,21,0,21,20,0,20,1,0,1
Material,"Werkstoffe (Holz, Papier, Kunststoff, Glas)",OW,EFZ,20,0,20,19,0,19,1,0,1
Material,"Werkstoffe (Holz, Papier, Kunststoff, Glas)",OW,EBA,1,0,1,1,0,1,0,0,0
Material,"Werkstoffe (Holz, Papier, Kunststoff, Glas)",OW,nReglementiert,0,0,0,0,0,0,0,0,0
Material,"Werkstoffe (Holz, Papier, Kunststoff, Glas)",NW,abt-total,11,0,11,9,0,9,2,0,2
Material,"Werkstoffe (Holz, Papier, Kunststoff, Glas)",NW,EFZ,10,0,10,8,0,8,2,0,2
Material,"Werkstoffe (Holz, Papier, Kunststoff, Glas)",NW,EBA,1,0,1,1,0,1,0,0,0
Material,"Werkstoffe (Holz, Papier, Kunststoff, Glas)",NW,nReglementiert,0,0,0,0,0,0,0,0,0
Material,"Werkstoffe (Holz, Papier, Kunststoff, Glas)",GL,abt-total,17,0,17,13,0,13,4,0,4
Material,"Werkstoffe (Holz, Papier, Kunststoff, Glas)",GL,EFZ,14,0,14,12,0,12,2,0,2
Material,"Werkstoffe (Holz, Papier, Kunststoff, Glas)",GL,EBA,3,0,3,1,0,1,2,0,2
Material,"Werkstoffe (Holz, Papier, Kunststoff, Glas)",GL,nReglementiert,0,0,0,0,0,0,0,0,0
Material,"Werkstoffe (Holz, Papier, Kunststoff, Glas)",ZG,abt-total,23,0,23,20,0,20,3,0,3
Material,"Werkstoffe (Holz, Papier, Kunststoff, Glas)",ZG,EFZ,19,0,19,16,0,16,3,0,3
Material,"Werkstoffe (Holz, Papier, Kunststoff, Glas)",ZG,EBA,4,0,4,4,0,4,0,0,0
Material,"Werkstoffe (Holz, Papier, Kunststoff, Glas)",ZG,nReglementiert,0,0,0,0,0,0,0,0,0
Material,"Werkstoffe (Holz, Papier, Kunststoff, Glas)",FR,abt-total,90,0,90,79,0,79,11,0,11
Material,"Werkstoffe (Holz, Papier, Kunststoff, Glas)",FR,EFZ,72,0,72,63,0,63,9,0,9
Material,"Werkstoffe (Holz, Papier, Kunststoff, Glas)",FR,EBA,18,0,18,16,0,16,2,0,2
Material,"Werkstoffe (Holz, Papier, Kunststoff, Glas)",FR,nReglementiert,0,0,0,0,0,0,0,0,0
Material,"Werkstoffe (Holz, Papier, Kunststoff, Glas)",SO,abt-total,48,0,48,41,0,41,7,0,7
Material,"Werkstoffe (Holz, Papier, Kunststoff, Glas)",SO,EFZ,39,0,39,33,0,33,6,0,6
Material,"Werkstoffe (Holz, Papier, Kunststoff, Glas)",SO,EBA,9,0,9,8,0,8,1,0,1
Material,"Werkstoffe (Holz, Papier, Kunststoff, Glas)",SO,nReglementiert,0,0,0,0,0,0,0,0,0
Material,"Werkstoffe (Holz, Papier, Kunststoff, Glas)",BS,abt-total,34,8,26,26,5,21,8,3,5
Material,"Werkstoffe (Holz, Papier, Kunststoff, Glas)",BS,EFZ,28,6,22,21,3,18,7,3,4
Material,"Werkstoffe (Holz, Papier, Kunststoff, Glas)",BS,EBA,6,2,4,5,2,3,1,0,1
Material,"Werkstoffe (Holz, Papier, Kunststoff, Glas)",BS,nReglementiert,0,0,0,0,0,0,0,0,0
Material,"Werkstoffe (Holz, Papier, Kunststoff, Glas)",BL,abt-total,40,0,40,35,0,35,5,0,5
Material,"Werkstoffe (Holz, Papier, Kunststoff, Glas)",BL,EFZ,29,0,29,25,0,25,4,0,4
Material,"Werkstoffe (Holz, Papier, Kunststoff, Glas)",BL,EBA,11,0,11,10,0,10,1,0,1
Material,"Werkstoffe (Holz, Papier, Kunststoff, Glas)",Bl,nReglementiert,0,0,0,0,0,0,0,0,0
Material,"Werkstoffe (Holz, Papier, Kunststoff, Glas)",SH,abt-total,16,0,16,13,0,13,3,0,3
Material,"Werkstoffe (Holz, Papier, Kunststoff, Glas)",SH,EFZ,13,0,13,10,0,10,3,0,3
Material,"Werkstoffe (Holz, Papier, Kunststoff, Glas)",SH,EBA,3,0,3,3,0,3,0,0,0
Material,"Werkstoffe (Holz, Papier, Kunststoff, Glas)",SH,nReglementiert,0,0,0,0,0,0,0,0,0
Material,"Werkstoffe (Holz, Papier, Kunststoff, Glas)",AR,abt-total,29,0,29,25,0,25,4,0,4
Material,"Werkstoffe (Holz, Papier, Kunststoff, Glas)",AR,EFZ,21,0,21,18,0,18,3,0,3
Material,"Werkstoffe (Holz, Papier, Kunststoff, Glas)",AR,EBA,8,0,8,7,0,7,1,0,1
Material,"Werkstoffe (Holz, Papier, Kunststoff, Glas)",AR,nReglementiert,0,0,0,0,0,0,0,0,0
Material,"Werkstoffe (Holz, Papier, Kunststoff, Glas)",AI,abt-total,8,0,8,5,0,5,3,0,3
Material,"Werkstoffe (Holz, Papier, Kunststoff, Glas)",AI,EFZ,8,0,8,5,0,5,3,0,3
Material,"Werkstoffe (Holz, Papier, Kunststoff, Glas)",AI,EBA,0,0,0,0,0,0,0,0,0
Material,"Werkstoffe (Holz, Papier, Kunststoff, Glas)",AI,nReglementiert,0,0,0,0,0,0,0,0,0
Material,"Werkstoffe (Holz, Papier, Kunststoff, Glas)",SG,abt-total,200,0,200,165,0,165,35,0,35
Material,"Werkstoffe (Holz, Papier, Kunststoff, Glas)",SG,EFZ,145,0,145,112,0,112,33,0,33
Material,"Werkstoffe (Holz, Papier, Kunststoff, Glas)",SG,EBA,55,0,55,53,0,53,2,0,2
Material,"Werkstoffe (Holz, Papier, Kunststoff, Glas)",SG,nReglementiert,0,0,0,0,0,0,0,0,0
Material,"Werkstoffe (Holz, Papier, Kunststoff, Glas)",GR,abt-total,74,6,68,67,5,62,7,1,6
Material,"Werkstoffe (Holz, Papier, Kunststoff, Glas)",GR,EFZ,53,4,49,48,3,45,5,1,4
Material,"Werkstoffe (Holz, Papier, Kunststoff, Glas)",GR,EBA,21,2,19,19,2,17,2,0,2
Material,"Werkstoffe (Holz, Papier, Kunststoff, Glas)",GR,nReglementiert,0,0,0,0,0,0,0,0,0
Material,"Werkstoffe (Holz, Papier, Kunststoff, Glas)",AG,abt-total,160,0,160,142,0,142,18,0,18
Material,"Werkstoffe (Holz, Papier, Kunststoff, Glas)",AG,EFZ,132,0,132,116,0,116,16,0,16
Material,"Werkstoffe (Holz, Papier, Kunststoff, Glas)",AG,EBA,28,0,28,26,0,26,2,0,2
Material,"Werkstoffe (Holz, Papier, Kunststoff, Glas)",AG,nReglementiert,0,0,0,0,0,0,0,0,0
Material,"Werkstoffe (Holz, Papier, Kunststoff, Glas)",TG,abt-total,106,0,106,98,0,98,8,0,8
Material,"Werkstoffe (Holz, Papier, Kunststoff, Glas)",TG,EFZ,88,0,88,80,0,80,8,0,8
Material,"Werkstoffe (Holz, Papier, Kunststoff, Glas)",TG,EBA,18,0,18,18,0,18,0,0,0
Material,"Werkstoffe (Holz, Papier, Kunststoff, Glas)",TG,nReglementiert,0,0,0,0,0,0,0,0,0
Material,"Werkstoffe (Holz, Papier, Kunststoff, Glas)",TI,abt-total,33,0,33,33,0,33,0,0,0
Material,"Werkstoffe (Holz, Papier, Kunststoff, Glas)",TI,EFZ,30,0,30,30,0,30,0,0,0
Material,"Werkstoffe (Holz, Papier, Kunststoff, Glas)",TI,EBA,3,0,3,3,0,3,0,0,0
Material,"Werkstoffe (Holz, Papier, Kunststoff, Glas)",TI,nReglementiert,0,0,0,0,0,0,0,0,0
Material,"Werkstoffe (Holz, Papier, Kunststoff, Glas)",VD,abt-total,117,18,99,106,14,92,11,4,7
Material,"Werkstoffe (Holz, Papier, Kunststoff, Glas)",VD,EFZ,110,18,92,99,14,85,11,4,7
Material,"Werkstoffe (Holz, Papier, Kunststoff, Glas)",VD,EBA,7,0,7,7,0,7,0,0,0
Material,"Werkstoffe (Holz, Papier, Kunststoff, Glas)",VD,nReglementiert,0,0,0,0,0,0,0,0,0
Material,"Werkstoffe (Holz, Papier, Kunststoff, Glas)",VS,abt-total,89,0,89,86,0,86,3,0,3
Material,"Werkstoffe (Holz, Papier, Kunststoff, Glas)",VS,EFZ,77,0,77,74,0,74,3,0,3
Material,"Werkstoffe (Holz, Papier, Kunststoff, Glas)",VS,EBA,12,0,12,12,0,12,0,0,0
Material,"Werkstoffe (Holz, Papier, Kunststoff, Glas)",VS,nReglementiert,0,0,0,0,0,0,0,0,0
Material,"Werkstoffe (Holz, Papier, Kunststoff, Glas)",NE,abt-total,42,0,42,41,0,41,1,0,1
Material,"Werkstoffe (Holz, Papier, Kunststoff, Glas)",NE,EFZ,38,0,38,37,0,37,1,0,1
Material,"Werkstoffe (Holz, Papier, Kunststoff, Glas)",NE,EBA,4,0,4,4,0,4,0,0,0
Material,"Werkstoffe (Holz, Papier, Kunststoff, Glas)",NE,nReglementiert,0,0,0,0,0,0,0,0,0
Material,"Werkstoffe (Holz, Papier, Kunststoff, Glas)",GE,abt-total,56,36,20,54,35,19,2,1,1
Material,"Werkstoffe (Holz, Papier, Kunststoff, Glas)",GE,EFZ,51,35,16,50,34,16,1,1,0
Material,"Werkstoffe (Holz, Papier, Kunststoff, Glas)",GE,EBA,5,1,4,4,1,3,1,0,1
Material,"Werkstoffe (Holz, Papier, Kunststoff, Glas)",GE,nReglementiert,0,0,0,0,0,0,0,0,0
Material,"Werkstoffe (Holz, Papier, Kunststoff, Glas)",JU,abt-total,23,0,23,22,0,22,1,0,1
Material,"Werkstoffe (Holz, Papier, Kunststoff, Glas)",JU,EFZ,22,0,22,21,0,21,1,0,1
Material,"Werkstoffe (Holz, Papier, Kunststoff, Glas)",JU,EBA,1,0,1,1,0,1,0,0,0
Material,"Werkstoffe (Holz, Papier, Kunststoff, Glas)",JU,nReglementiert,0,0,0,0,0,0,0,0,0
Architektur,Architektur und Städteplanung,,abt-total,1805,120,1685,1268,88,1180,537,32,505
Architektur,Architektur und Städteplanung,,EFZ,1805,120,1685,1268,88,1180,537,32,505
Architektur,Architektur und Städteplanung,,EBA,0,0,0,0,0,0,0,0,0
Architektur,Architektur und Städteplanung,,nReglementiert,0,0,0,0,0,0,0,0,0
Architektur,Architektur und Städteplanung,ZH,abt-total,248,1,247,160,0,160,88,1,87
Architektur,Architektur und Städteplanung,ZH,EFZ,248,1,247,160,0,160,88,1,87
Architektur,Architektur und Städteplanung,ZH,EBA,0,0,0,0,0,0,0,0,0
Architektur,Architektur und Städteplanung,ZH,nReglementiert,0,0,0,0,0,0,0,0,0
Architektur,Architektur und Städteplanung,BE,abt-total,228,1,227,164,1,163,64,0,64
Architektur,Architektur und Städteplanung,BE,EFZ,228,1,227,164,1,163,64,0,64
Architektur,Architektur und Städteplanung,BE,EBA,0,0,0,0,0,0,0,0,0
Architektur,Architektur und Städteplanung,BE,nReglementiert,0,0,0,0,0,0,0,0,0
Architektur,Architektur und Städteplanung,LU,abt-total,93,0,93,63,0,63,30,0,30
Architektur,Architektur und Städteplanung,LU,EFZ,93,0,93,63,0,63,30,0,30
Architektur,Architektur und Städteplanung,LU,EBA,0,0,0,0,0,0,0,0,0
Architektur,Architektur und Städteplanung,LU,nReglementiert,0,0,0,0,0,0,0,0,0
Architektur,Architektur und Städteplanung,UR,abt-total,11,0,11,6,0,6,5,0,5
Architektur,Architektur und Städteplanung,UR,EFZ,11,0,11,6,0,6,5,0,5
Architektur,Architektur und Städteplanung,UR,EBA,0,0,0,0,0,0,0,0,0
Architektur,Architektur und Städteplanung,UR,nReglementiert,0,0,0,0,0,0,0,0,0
Architektur,Architektur und Städteplanung,SZ,abt-total,37,0,37,24,0,24,13,0,13
Architektur,Architektur und Städteplanung,SZ,EFZ,37,0,37,24,0,24,13,0,13
Architektur,Architektur und Städteplanung,SZ,EBA,0,0,0,0,0,0,0,0,0
Architektur,Architektur und Städteplanung,SZ,nReglementiert,0,0,0,0,0,0,0,0,0
Architektur,Architektur und Städteplanung,OW,abt-total,7,0,7,6,0,6,1,0,1
Architektur,Architektur und Städteplanung,OW,EFZ,7,0,7,6,0,6,1,0,1
Architektur,Architektur und Städteplanung,OW,EBA,0,0,0,0,0,0,0,0,0
Architektur,Architektur und Städteplanung,OW,nReglementiert,0,0,0,0,0,0,0,0,0
Architektur,Architektur und Städteplanung,NW,abt-total,14,0,14,11,0,11,3,0,3
Architektur,Architektur und Städteplanung,NW,EFZ,14,0,14,11,0,11,3,0,3
Architektur,Architektur und Städteplanung,NW,EBA,0,0,0,0,0,0,0,0,0
Architektur,Architektur und Städteplanung,NW,nReglementiert,0,0,0,0,0,0,0,0,0
Architektur,Architektur und Städteplanung,GL,abt-total,17,0,17,13,0,13,4,0,4
Architektur,Architektur und Städteplanung,GL,EFZ,17,0,17,13,0,13,4,0,4
Architektur,Architektur und Städteplanung,GL,EBA,0,0,0,0,0,0,0,0,0
Architektur,Architektur und Städteplanung,GL,nReglementiert,0,0,0,0,0,0,0,0,0
Architektur,Architektur und Städteplanung,ZG,abt-total,40,0,40,31,0,31,9,0,9
Architektur,Architektur und Städteplanung,ZG,EFZ,40,0,40,31,0,31,9,0,9
Architektur,Architektur und Städteplanung,ZG,EBA,0,0,0,0,0,0,0,0,0
Architektur,Architektur und Städteplanung,ZG,nReglementiert,0,0,0,0,0,0,0,0,0
Architektur,Architektur und Städteplanung,FR,abt-total,64,0,64,44,0,44,20,0,20
Architektur,Architektur und Städteplanung,FR,EFZ,64,0,64,44,0,44,20,0,20
Architektur,Architektur und Städteplanung,FR,EBA,0,0,0,0,0,0,0,0,0
Architektur,Architektur und Städteplanung,FR,nReglementiert,0,0,0,0,0,0,0,0,0
Architektur,Architektur und Städteplanung,SO,abt-total,45,0,45,28,0,28,17,0,17
Architektur,Architektur und Städteplanung,SO,EFZ,45,0,45,28,0,28,17,0,17
Architektur,Architektur und Städteplanung,SO,EBA,0,0,0,0,0,0,0,0,0
Architektur,Architektur und Städteplanung,SO,nReglementiert,0,0,0,0,0,0,0,0,0
Architektur,Architektur und Städteplanung,BS,abt-total,42,0,42,32,0,32,10,0,10
Architektur,Architektur und Städteplanung,BS,EFZ,42,0,42,32,0,32,10,0,10
Architektur,Architektur und Städteplanung,BS,EBA,0,0,0,0,0,0,0,0,0
Architektur,Architektur und Städteplanung,BS,nReglementiert,0,0,0,0,0,0,0,0,0
Architektur,Architektur und Städteplanung,BL,abt-total,39,0,39,23,0,23,16,0,16
Architektur,Architektur und Städteplanung,BL,EFZ,39,0,39,23,0,23,16,0,16
Architektur,Architektur und Städteplanung,BL,EBA,0,0,0,0,0,0,0,0,0
Architektur,Architektur und Städteplanung,Bl,nReglementiert,0,0,0,0,0,0,0,0,0
Architektur,Architektur und Städteplanung,SH,abt-total,16,0,16,9,0,9,7,0,7
Architektur,Architektur und Städteplanung,SH,EFZ,16,0,16,9,0,9,7,0,7
Architektur,Architektur und Städteplanung,SH,EBA,0,0,0,0,0,0,0,0,0
Architektur,Architektur und Städteplanung,SH,nReglementiert,0,0,0,0,0,0,0,0,0
Architektur,Architektur und Städteplanung,AR,abt-total,8,0,8,5,0,5,3,0,3
Architektur,Architektur und Städteplanung,AR,EFZ,8,0,8,5,0,5,3,0,3
Architektur,Architektur und Städteplanung,AR,EBA,0,0,0,0,0,0,0,0,0
Architektur,Architektur und Städteplanung,AR,nReglementiert,0,0,0,0,0,0,0,0,0
Architektur,Architektur und Städteplanung,AI,abt-total,3,0,3,2,0,2,1,0,1
Architektur,Architektur und Städteplanung,AI,EFZ,3,0,3,2,0,2,1,0,1
Architektur,Architektur und Städteplanung,AI,EBA,0,0,0,0,0,0,0,0,0
Architektur,Architektur und Städteplanung,AI,nReglementiert,0,0,0,0,0,0,0,0,0
Architektur,Architektur und Städteplanung,SG,abt-total,122,0,122,81,0,81,41,0,41
Architektur,Architektur und Städteplanung,SG,EFZ,122,0,122,81,0,81,41,0,41
Architektur,Architektur und Städteplanung,SG,EBA,0,0,0,0,0,0,0,0,0
Architektur,Architektur und Städteplanung,SG,nReglementiert,0,0,0,0,0,0,0,0,0
Architektur,Architektur und Städteplanung,GR,abt-total,57,0,57,40,0,40,17,0,17
Architektur,Architektur und Städteplanung,GR,EFZ,57,0,57,40,0,40,17,0,17
Architektur,Architektur und Städteplanung,GR,EBA,0,0,0,0,0,0,0,0,0
Architektur,Architektur und Städteplanung,GR,nReglementiert,0,0,0,0,0,0,0,0,0
Architektur,Architektur und Städteplanung,AG,abt-total,121,0,121,82,0,82,39,0,39
Architektur,Architektur und Städteplanung,AG,EFZ,121,0,121,82,0,82,39,0,39
Architektur,Architektur und Städteplanung,AG,EBA,0,0,0,0,0,0,0,0,0
Architektur,Architektur und Städteplanung,AG,nReglementiert,0,0,0,0,0,0,0,0,0
Architektur,Architektur und Städteplanung,TG,abt-total,51,0,51,38,0,38,13,0,13
Architektur,Architektur und Städteplanung,TG,EFZ,51,0,51,38,0,38,13,0,13
Architektur,Architektur und Städteplanung,TG,EBA,0,0,0,0,0,0,0,0,0
Architektur,Architektur und Städteplanung,TG,nReglementiert,0,0,0,0,0,0,0,0,0
Architektur,Architektur und Städteplanung,TI,abt-total,116,38,78,86,26,60,30,12,18
Architektur,Architektur und Städteplanung,TI,EFZ,116,38,78,86,26,60,30,12,18
Architektur,Architektur und Städteplanung,TI,EBA,0,0,0,0,0,0,0,0,0
Architektur,Architektur und Städteplanung,TI,nReglementiert,0,0,0,0,0,0,0,0,0
Architektur,Architektur und Städteplanung,VD,abt-total,152,0,152,110,0,110,42,0,42
Architektur,Architektur und Städteplanung,VD,EFZ,152,0,152,110,0,110,42,0,42
Architektur,Architektur und Städteplanung,VD,EBA,0,0,0,0,0,0,0,0,0
Architektur,Architektur und Städteplanung,VD,nReglementiert,0,0,0,0,0,0,0,0,0
Architektur,Architektur und Städteplanung,VS,abt-total,106,0,106,81,0,81,25,0,25
Architektur,Architektur und Städteplanung,VS,EFZ,106,0,106,81,0,81,25,0,25
Architektur,Architektur und Städteplanung,VS,EBA,0,0,0,0,0,0,0,0,0
Architektur,Architektur und Städteplanung,VS,nReglementiert,0,0,0,0,0,0,0,0,0
Architektur,Architektur und Städteplanung,NE,abt-total,33,0,33,25,0,25,8,0,8
Architektur,Architektur und Städteplanung,NE,EFZ,33,0,33,25,0,25,8,0,8
Architektur,Architektur und Städteplanung,NE,EBA,0,0,0,0,0,0,0,0,0
Architektur,Architektur und Städteplanung,NE,nReglementiert,0,0,0,0,0,0,0,0,0
Architektur,Architektur und Städteplanung,GE,abt-total,116,80,36,90,61,29,26,19,7
Architektur,Architektur und Städteplanung,GE,EFZ,116,80,36,90,61,29,26,19,7
Architektur,Architektur und Städteplanung,GE,EBA,0,0,0,0,0,0,0,0,0
Architektur,Architektur und Städteplanung,GE,nReglementiert,0,0,0,0,0,0,0,0,0
Architektur,Architektur und Städteplanung,JU,abt-total,19,0,19,14,0,14,5,0,5
Architektur,Architektur und Städteplanung,JU,EFZ,19,0,19,14,0,14,5,0,5
Architektur,Architektur und Städteplanung,JU,EBA,0,0,0,0,0,0,0,0,0
Architektur,Architektur und Städteplanung,JU,nReglementiert,0,0,0,0,0,0,0,0,0
Baugewerbe,"Baugewerbe, Hoch- und Tiefbau",,abt-total,6137,30,6107,5698,29,5669,439,1,438
Baugewerbe,"Baugewerbe, Hoch- und Tiefbau",,EFZ,5878,29,5849,5440,28,5412,438,1,437
Baugewerbe,"Baugewerbe, Hoch- und Tiefbau",,EBA,259,1,258,258,1,257,1,0,1
Baugewerbe,"Baugewerbe, Hoch- und Tiefbau",,nReglementiert,0,0,0,0,0,0,0,0,0
Baugewerbe,"Baugewerbe, Hoch- und Tiefbau",ZH,abt-total,803,0,803,713,0,713,90,0,90
Baugewerbe,"Baugewerbe, Hoch- und Tiefbau",ZH,EFZ,771,0,771,681,0,681,90,0,90
Baugewerbe,"Baugewerbe, Hoch- und Tiefbau",ZH,EBA,32,0,32,32,0,32,0,0,0
Baugewerbe,"Baugewerbe, Hoch- und Tiefbau",ZH,nReglementiert,0,0,0,0,0,0,0,0,0
Baugewerbe,"Baugewerbe, Hoch- und Tiefbau",BE,abt-total,903,14,889,828,13,815,75,1,74
Baugewerbe,"Baugewerbe, Hoch- und Tiefbau",BE,EFZ,861,14,847,787,13,774,74,1,73
Baugewerbe,"Baugewerbe, Hoch- und Tiefbau",BE,EBA,42,0,42,41,0,41,1,0,1
Baugewerbe,"Baugewerbe, Hoch- und Tiefbau",BE,nReglementiert,0,0,0,0,0,0,0,0,0
Baugewerbe,"Baugewerbe, Hoch- und Tiefbau",LU,abt-total,365,0,365,335,0,335,30,0,30
Baugewerbe,"Baugewerbe, Hoch- und Tiefbau",LU,EFZ,353,0,353,323,0,323,30,0,30
Baugewerbe,"Baugewerbe, Hoch- und Tiefbau",LU,EBA,12,0,12,12,0,12,0,0,0
Baugewerbe,"Baugewerbe, Hoch- und Tiefbau",LU,nReglementiert,0,0,0,0,0,0,0,0,0
Baugewerbe,"Baugewerbe, Hoch- und Tiefbau",UR,abt-total,55,0,55,48,0,48,7,0,7
Baugewerbe,"Baugewerbe, Hoch- und Tiefbau",UR,EFZ,53,0,53,46,0,46,7,0,7
Baugewerbe,"Baugewerbe, Hoch- und Tiefbau",UR,EBA,2,0,2,2,0,2,0,0,0
Baugewerbe,"Baugewerbe, Hoch- und Tiefbau",UR,nReglementiert,0,0,0,0,0,0,0,0,0
Baugewerbe,"Baugewerbe, Hoch- und Tiefbau",SZ,abt-total,156,0,156,146,0,146,10,0,10
Baugewerbe,"Baugewerbe, Hoch- und Tiefbau",SZ,EFZ,152,0,152,142,0,142,10,0,10
Baugewerbe,"Baugewerbe, Hoch- und Tiefbau",SZ,EBA,4,0,4,4,0,4,0,0,0
Baugewerbe,"Baugewerbe, Hoch- und Tiefbau",SZ,nReglementiert,0,0,0,0,0,0,0,0,0
Baugewerbe,"Baugewerbe, Hoch- und Tiefbau",OW,abt-total,40,0,40,38,0,38,2,0,2
Baugewerbe,"Baugewerbe, Hoch- und Tiefbau",OW,EFZ,39,0,39,37,0,37,2,0,2
Baugewerbe,"Baugewerbe, Hoch- und Tiefbau",OW,EBA,1,0,1,1,0,1,0,0,0
Baugewerbe,"Baugewerbe, Hoch- und Tiefbau",OW,nReglementiert,0,0,0,0,0,0,0,0,0
Baugewerbe,"Baugewerbe, Hoch- und Tiefbau",NW,abt-total,39,0,39,35,0,35,4,0,4
Baugewerbe,"Baugewerbe, Hoch- und Tiefbau",NW,EFZ,39,0,39,35,0,35,4,0,4
Baugewerbe,"Baugewerbe, Hoch- und Tiefbau",NW,EBA,0,0,0,0,0,0,0,0,0
Baugewerbe,"Baugewerbe, Hoch- und Tiefbau",NW,nReglementiert,0,0,0,0,0,0,0,0,0
Baugewerbe,"Baugewerbe, Hoch- und Tiefbau",GL,abt-total,54,0,54,53,0,53,1,0,1
Baugewerbe,"Baugewerbe, Hoch- und Tiefbau",GL,EFZ,52,0,52,51,0,51,1,0,1
Baugewerbe,"Baugewerbe, Hoch- und Tiefbau",GL,EBA,2,0,2,2,0,2,0,0,0
Baugewerbe,"Baugewerbe, Hoch- und Tiefbau",GL,nReglementiert,0,0,0,0,0,0,0,0,0
Baugewerbe,"Baugewerbe, Hoch- und Tiefbau",ZG,abt-total,93,0,93,86,0,86,7,0,7
Baugewerbe,"Baugewerbe, Hoch- und Tiefbau",ZG,EFZ,88,0,88,81,0,81,7,0,7
Baugewerbe,"Baugewerbe, Hoch- und Tiefbau",ZG,EBA,5,0,5,5,0,5,0,0,0
Baugewerbe,"Baugewerbe, Hoch- und Tiefbau",ZG,nReglementiert,0,0,0,0,0,0,0,0,0
Baugewerbe,"Baugewerbe, Hoch- und Tiefbau",FR,abt-total,246,0,246,236,0,236,10,0,10
Baugewerbe,"Baugewerbe, Hoch- und Tiefbau",FR,EFZ,237,0,237,227,0,227,10,0,10
Baugewerbe,"Baugewerbe, Hoch- und Tiefbau",FR,EBA,9,0,9,9,0,9,0,0,0
Baugewerbe,"Baugewerbe, Hoch- und Tiefbau",FR,nReglementiert,0,0,0,0,0,0,0,0,0
Baugewerbe,"Baugewerbe, Hoch- und Tiefbau",SO,abt-total,176,0,176,163,0,163,13,0,13
Baugewerbe,"Baugewerbe, Hoch- und Tiefbau",SO,EFZ,164,0,164,151,0,151,13,0,13
Baugewerbe,"Baugewerbe, Hoch- und Tiefbau",SO,EBA,12,0,12,12,0,12,0,0,0
Baugewerbe,"Baugewerbe, Hoch- und Tiefbau",SO,nReglementiert,0,0,0,0,0,0,0,0,0
Baugewerbe,"Baugewerbe, Hoch- und Tiefbau",BS,abt-total,108,0,108,93,0,93,15,0,15
Baugewerbe,"Baugewerbe, Hoch- und Tiefbau",BS,EFZ,101,0,101,86,0,86,15,0,15
Baugewerbe,"Baugewerbe, Hoch- und Tiefbau",BS,EBA,7,0,7,7,0,7,0,0,0
Baugewerbe,"Baugewerbe, Hoch- und Tiefbau",BS,nReglementiert,0,0,0,0,0,0,0,0,0
Baugewerbe,"Baugewerbe, Hoch- und Tiefbau",BL,abt-total,224,0,224,219,0,219,5,0,5
Baugewerbe,"Baugewerbe, Hoch- und Tiefbau",BL,EFZ,211,0,211,206,0,206,5,0,5
Baugewerbe,"Baugewerbe, Hoch- und Tiefbau",BL,EBA,13,0,13,13,0,13,0,0,0
Baugewerbe,"Baugewerbe, Hoch- und Tiefbau",Bl,nReglementiert,0,0,0,0,0,0,0,0,0
Baugewerbe,"Baugewerbe, Hoch- und Tiefbau",SH,abt-total,79,0,79,70,0,70,9,0,9
Baugewerbe,"Baugewerbe, Hoch- und Tiefbau",SH,EFZ,69,0,69,60,0,60,9,0,9
Baugewerbe,"Baugewerbe, Hoch- und Tiefbau",SH,EBA,10,0,10,10,0,10,0,0,0
Baugewerbe,"Baugewerbe, Hoch- und Tiefbau",SH,nReglementiert,0,0,0,0,0,0,0,0,0
Baugewerbe,"Baugewerbe, Hoch- und Tiefbau",AR,abt-total,43,0,43,40,0,40,3,0,3
Baugewerbe,"Baugewerbe, Hoch- und Tiefbau",AR,EFZ,42,0,42,39,0,39,3,0,3
Baugewerbe,"Baugewerbe, Hoch- und Tiefbau",AR,EBA,1,0,1,1,0,1,0,0,0
Baugewerbe,"Baugewerbe, Hoch- und Tiefbau",AR,nReglementiert,0,0,0,0,0,0,0,0,0
Baugewerbe,"Baugewerbe, Hoch- und Tiefbau",AI,abt-total,22,0,22,22,0,22,0,0,0
Baugewerbe,"Baugewerbe, Hoch- und Tiefbau",AI,EFZ,22,0,22,22,0,22,0,0,0
Baugewerbe,"Baugewerbe, Hoch- und Tiefbau",AI,EBA,0,0,0,0,0,0,0,0,0
Baugewerbe,"Baugewerbe, Hoch- und Tiefbau",AI,nReglementiert,0,0,0,0,0,0,0,0,0
Baugewerbe,"Baugewerbe, Hoch- und Tiefbau",SG,abt-total,544,0,544,496,0,496,48,0,48
Baugewerbe,"Baugewerbe, Hoch- und Tiefbau",SG,EFZ,520,0,520,472,0,472,48,0,48
Baugewerbe,"Baugewerbe, Hoch- und Tiefbau",SG,EBA,24,0,24,24,0,24,0,0,0
Baugewerbe,"Baugewerbe, Hoch- und Tiefbau",SG,nReglementiert,0,0,0,0,0,0,0,0,0
Baugewerbe,"Baugewerbe, Hoch- und Tiefbau",GR,abt-total,196,0,196,175,0,175,21,0,21
Baugewerbe,"Baugewerbe, Hoch- und Tiefbau",GR,EFZ,188,0,188,167,0,167,21,0,21
Baugewerbe,"Baugewerbe, Hoch- und Tiefbau",GR,EBA,8,0,8,8,0,8,0,0,0
Baugewerbe,"Baugewerbe, Hoch- und Tiefbau",GR,nReglementiert,0,0,0,0,0,0,0,0,0
Baugewerbe,"Baugewerbe, Hoch- und Tiefbau",AG,abt-total,451,0,451,414,0,414,37,0,37
Baugewerbe,"Baugewerbe, Hoch- und Tiefbau",AG,EFZ,433,0,433,396,0,396,37,0,37
Baugewerbe,"Baugewerbe, Hoch- und Tiefbau",AG,EBA,18,0,18,18,0,18,0,0,0
Baugewerbe,"Baugewerbe, Hoch- und Tiefbau",AG,nReglementiert,0,0,0,0,0,0,0,0,0
Baugewerbe,"Baugewerbe, Hoch- und Tiefbau",TG,abt-total,234,0,234,217,0,217,17,0,17
Baugewerbe,"Baugewerbe, Hoch- und Tiefbau",TG,EFZ,224,0,224,207,0,207,17,0,17
Baugewerbe,"Baugewerbe, Hoch- und Tiefbau",TG,EBA,10,0,10,10,0,10,0,0,0
Baugewerbe,"Baugewerbe, Hoch- und Tiefbau",TG,nReglementiert,0,0,0,0,0,0,0,0,0
Baugewerbe,"Baugewerbe, Hoch- und Tiefbau",TI,abt-total,272,1,271,269,1,268,3,0,3
Baugewerbe,"Baugewerbe, Hoch- und Tiefbau",TI,EFZ,265,0,265,262,0,262,3,0,3
Baugewerbe,"Baugewerbe, Hoch- und Tiefbau",TI,EBA,7,1,6,7,1,6,0,0,0
Baugewerbe,"Baugewerbe, Hoch- und Tiefbau",TI,nReglementiert,0,0,0,0,0,0,0,0,0
Baugewerbe,"Baugewerbe, Hoch- und Tiefbau",VD,abt-total,387,0,387,375,0,375,12,0,12
Baugewerbe,"Baugewerbe, Hoch- und Tiefbau",VD,EFZ,372,0,372,360,0,360,12,0,12
Baugewerbe,"Baugewerbe, Hoch- und Tiefbau",VD,EBA,15,0,15,15,0,15,0,0,0
Baugewerbe,"Baugewerbe, Hoch- und Tiefbau",VD,nReglementiert,0,0,0,0,0,0,0,0,0
Baugewerbe,"Baugewerbe, Hoch- und Tiefbau",VS,abt-total,291,0,291,283,0,283,8,0,8
Baugewerbe,"Baugewerbe, Hoch- und Tiefbau",VS,EFZ,274,0,274,266,0,266,8,0,8
Baugewerbe,"Baugewerbe, Hoch- und Tiefbau",VS,EBA,17,0,17,17,0,17,0,0,0
Baugewerbe,"Baugewerbe, Hoch- und Tiefbau",VS,nReglementiert,0,0,0,0,0,0,0,0,0
Baugewerbe,"Baugewerbe, Hoch- und Tiefbau",NE,abt-total,104,0,104,96,0,96,8,0,8
Baugewerbe,"Baugewerbe, Hoch- und Tiefbau",NE,EFZ,104,0,104,96,0,96,8,0,8
Baugewerbe,"Baugewerbe, Hoch- und Tiefbau",NE,EBA,0,0,0,0,0,0,0,0,0
Baugewerbe,"Baugewerbe, Hoch- und Tiefbau",NE,nReglementiert,0,0,0,0,0,0,0,0,0
Baugewerbe,"Baugewerbe, Hoch- und Tiefbau",GE,abt-total,197,15,182,195,15,180,2,0,2
Baugewerbe,"Baugewerbe, Hoch- und Tiefbau",GE,EFZ,189,15,174,187,15,172,2,0,2
Baugewerbe,"Baugewerbe, Hoch- und Tiefbau",GE,EBA,8,0,8,8,0,8,0,0,0
Baugewerbe,"Baugewerbe, Hoch- und Tiefbau",GE,nReglementiert,0,0,0,0,0,0,0,0,0
Baugewerbe,"Baugewerbe, Hoch- und Tiefbau",JU,abt-total,55,0,55,53,0,53,2,0,2
Baugewerbe,"Baugewerbe, Hoch- und Tiefbau",JU,EFZ,55,0,55,53,0,53,2,0,2
Baugewerbe,"Baugewerbe, Hoch- und Tiefbau",JU,EBA,0,0,0,0,0,0,0,0,0
Baugewerbe,"Baugewerbe, Hoch- und Tiefbau",JU,nReglementiert,0,0,0,0,0,0,0,0,0
Pflanzen,Pflanzenbau und Tierzucht,,abt-total,1810,0,1810,1378,0,1378,432,0,432
Pflanzen,Pflanzenbau und Tierzucht,,EFZ,1624,0,1624,1249,0,1249,375,0,375
Pflanzen,Pflanzenbau und Tierzucht,,EBA,186,0,186,129,0,129,57,0,57
Pflanzen,Pflanzenbau und Tierzucht,,nReglementiert,0,0,0,0,0,0,0,0,0
Pflanzen,Pflanzenbau und Tierzucht,ZH,abt-total,140,0,140,78,0,78,62,0,62
Pflanzen,Pflanzenbau und Tierzucht,ZH,EFZ,123,0,123,69,0,69,54,0,54
Pflanzen,Pflanzenbau und Tierzucht,ZH,EBA,17,0,17,9,0,9,8,0,8
Pflanzen,Pflanzenbau und Tierzucht,ZH,nReglementiert,0,0,0,0,0,0,0,0,0
Pflanzen,Pflanzenbau und Tierzucht,BE,abt-total,334,0,334,259,0,259,75,0,75
Pflanzen,Pflanzenbau und Tierzucht,BE,EFZ,285,0,285,222,0,222,63,0,63
Pflanzen,Pflanzenbau und Tierzucht,BE,EBA,49,0,49,37,0,37,12,0,12
Pflanzen,Pflanzenbau und Tierzucht,BE,nReglementiert,0,0,0,0,0,0,0,0,0
Pflanzen,Pflanzenbau und Tierzucht,LU,abt-total,136,0,136,113,0,113,23,0,23
Pflanzen,Pflanzenbau und Tierzucht,LU,EFZ,115,0,115,99,0,99,16,0,16
Pflanzen,Pflanzenbau und Tierzucht,LU,EBA,21,0,21,14,0,14,7,0,7
Pflanzen,Pflanzenbau und Tierzucht,LU,nReglementiert,0,0,0,0,0,0,0,0,0
Pflanzen,Pflanzenbau und Tierzucht,UR,abt-total,19,0,19,13,0,13,6,0,6
Pflanzen,Pflanzenbau und Tierzucht,UR,EFZ,18,0,18,13,0,13,5,0,5
Pflanzen,Pflanzenbau und Tierzucht,UR,EBA,1,0,1,0,0,0,1,0,1
Pflanzen,Pflanzenbau und Tierzucht,UR,nReglementiert,0,0,0,0,0,0,0,0,0
Pflanzen,Pflanzenbau und Tierzucht,SZ,abt-total,60,0,60,57,0,57,3,0,3
Pflanzen,Pflanzenbau und Tierzucht,SZ,EFZ,57,0,57,55,0,55,2,0,2
Pflanzen,Pflanzenbau und Tierzucht,SZ,EBA,3,0,3,2,0,2,1,0,1
Pflanzen,Pflanzenbau und Tierzucht,SZ,nReglementiert,0,0,0,0,0,0,0,0,0
Pflanzen,Pflanzenbau und Tierzucht,OW,abt-total,20,0,20,16,0,16,4,0,4
Pflanzen,Pflanzenbau und Tierzucht,OW,EFZ,20,0,20,16,0,16,4,0,4
Pflanzen,Pflanzenbau und Tierzucht,OW,EBA,0,0,0,0,0,0,0,0,0
Pflanzen,Pflanzenbau und Tierzucht,OW,nReglementiert,0,0,0,0,0,0,0,0,0
Pflanzen,Pflanzenbau und Tierzucht,NW,abt-total,17,0,17,14,0,14,3,0,3
Pflanzen,Pflanzenbau und Tierzucht,NW,EFZ,17,0,17,14,0,14,3,0,3
Pflanzen,Pflanzenbau und Tierzucht,NW,EBA,0,0,0,0,0,0,0,0,0
Pflanzen,Pflanzenbau und Tierzucht,NW,nReglementiert,0,0,0,0,0,0,0,0,0
Pflanzen,Pflanzenbau und Tierzucht,GL,abt-total,0,0,0,0,0,0,0,0,0
Pflanzen,Pflanzenbau und Tierzucht,GL,EFZ,0,0,0,0,0,0,0,0,0
Pflanzen,Pflanzenbau und Tierzucht,GL,EBA,0,0,0,0,0,0,0,0,0
Pflanzen,Pflanzenbau und Tierzucht,GL,nReglementiert,0,0,0,0,0,0,0,0,0
Pflanzen,Pflanzenbau und Tierzucht,ZG,abt-total,39,0,39,33,0,33,6,0,6
Pflanzen,Pflanzenbau und Tierzucht,ZG,EFZ,36,0,36,31,0,31,5,0,5
Pflanzen,Pflanzenbau und Tierzucht,ZG,EBA,3,0,3,2,0,2,1,0,1
Pflanzen,Pflanzenbau und Tierzucht,ZG,nReglementiert,0,0,0,0,0,0,0,0,0
Pflanzen,Pflanzenbau und Tierzucht,FR,abt-total,130,0,130,105,0,105,25,0,25
Pflanzen,Pflanzenbau und Tierzucht,FR,EFZ,123,0,123,100,0,100,23,0,23
Pflanzen,Pflanzenbau und Tierzucht,FR,EBA,7,0,7,5,0,5,2,0,2
Pflanzen,Pflanzenbau und Tierzucht,FR,nReglementiert,0,0,0,0,0,0,0,0,0
Pflanzen,Pflanzenbau und Tierzucht,SO,abt-total,35,0,35,24,0,24,11,0,11
Pflanzen,Pflanzenbau und Tierzucht,SO,EFZ,32,0,32,23,0,23,9,0,9
Pflanzen,Pflanzenbau und Tierzucht,SO,EBA,3,0,3,1,0,1,2,0,2
Pflanzen,Pflanzenbau und Tierzucht,SO,nReglementiert,0,0,0,0,0,0,0,0,0
Pflanzen,Pflanzenbau und Tierzucht,BS,abt-total,10,0,10,6,0,6,4,0,4
Pflanzen,Pflanzenbau und Tierzucht,BS,EFZ,10,0,10,6,0,6,4,0,4
Pflanzen,Pflanzenbau und Tierzucht,BS,EBA,0,0,0,0,0,0,0,0,0
Pflanzen,Pflanzenbau und Tierzucht,BS,nReglementiert,0,0,0,0,0,0,0,0,0
Pflanzen,Pflanzenbau und Tierzucht,BL,abt-total,65,0,65,50,0,50,15,0,15
Pflanzen,Pflanzenbau und Tierzucht,BL,EFZ,58,0,58,44,0,44,14,0,14
Pflanzen,Pflanzenbau und Tierzucht,BL,EBA,7,0,7,6,0,6,1,0,1
Pflanzen,Pflanzenbau und Tierzucht,Bl,nReglementiert,0,0,0,0,0,0,0,0,0
Pflanzen,Pflanzenbau und Tierzucht,SH,abt-total,22,0,22,19,0,19,3,0,3
Pflanzen,Pflanzenbau und Tierzucht,SH,EFZ,20,0,20,17,0,17,3,0,3
Pflanzen,Pflanzenbau und Tierzucht,SH,EBA,2,0,2,2,0,2,0,0,0
Pflanzen,Pflanzenbau und Tierzucht,SH,nReglementiert,0,0,0,0,0,0,0,0,0
Pflanzen,Pflanzenbau und Tierzucht,AR,abt-total,8,0,8,7,0,7,1,0,1
Pflanzen,Pflanzenbau und Tierzucht,AR,EFZ,7,0,7,6,0,6,1,0,1
Pflanzen,Pflanzenbau und Tierzucht,AR,EBA,1,0,1,1,0,1,0,0,0
Pflanzen,Pflanzenbau und Tierzucht,AR,nReglementiert,0,0,0,0,0,0,0,0,0
Pflanzen,Pflanzenbau und Tierzucht,AI,abt-total,1,0,1,0,0,0,1,0,1
Pflanzen,Pflanzenbau und Tierzucht,AI,EFZ,1,0,1,0,0,0,1,0,1
Pflanzen,Pflanzenbau und Tierzucht,AI,EBA,0,0,0,0,0,0,0,0,0
Pflanzen,Pflanzenbau und Tierzucht,AI,nReglementiert,0,0,0,0,0,0,0,0,0
Pflanzen,Pflanzenbau und Tierzucht,SG,abt-total,107,0,107,82,0,82,25,0,25
Pflanzen,Pflanzenbau und Tierzucht,SG,EFZ,98,0,98,75,0,75,23,0,23
Pflanzen,Pflanzenbau und Tierzucht,SG,EBA,9,0,9,7,0,7,2,0,2
Pflanzen,Pflanzenbau und Tierzucht,SG,nReglementiert,0,0,0,0,0,0,0,0,0
Pflanzen,Pflanzenbau und Tierzucht,GR,abt-total,87,0,87,68,0,68,19,0,19
Pflanzen,Pflanzenbau und Tierzucht,GR,EFZ,78,0,78,60,0,60,18,0,18
Pflanzen,Pflanzenbau und Tierzucht,GR,EBA,9,0,9,8,0,8,1,0,1
Pflanzen,Pflanzenbau und Tierzucht,GR,nReglementiert,0,0,0,0,0,0,0,0,0
Pflanzen,Pflanzenbau und Tierzucht,AG,abt-total,143,0,143,105,0,105,38,0,38
Pflanzen,Pflanzenbau und Tierzucht,AG,EFZ,130,0,130,100,0,100,30,0,30
Pflanzen,Pflanzenbau und Tierzucht,AG,EBA,13,0,13,5,0,5,8,0,8
Pflanzen,Pflanzenbau und Tierzucht,AG,nReglementiert,0,0,0,0,0,0,0,0,0
Pflanzen,Pflanzenbau und Tierzucht,TG,abt-total,91,0,91,74,0,74,17,0,17
Pflanzen,Pflanzenbau und Tierzucht,TG,EFZ,77,0,77,64,0,64,13,0,13
Pflanzen,Pflanzenbau und Tierzucht,TG,EBA,14,0,14,10,0,10,4,0,4
Pflanzen,Pflanzenbau und Tierzucht,TG,nReglementiert,0,0,0,0,0,0,0,0,0
Pflanzen,Pflanzenbau und Tierzucht,TI,abt-total,37,0,37,28,0,28,9,0,9
Pflanzen,Pflanzenbau und Tierzucht,TI,EFZ,30,0,30,25,0,25,5,0,5
Pflanzen,Pflanzenbau und Tierzucht,TI,EBA,7,0,7,3,0,3,4,0,4
Pflanzen,Pflanzenbau und Tierzucht,TI,nReglementiert,0,0,0,0,0,0,0,0,0
Pflanzen,Pflanzenbau und Tierzucht,VD,abt-total,140,0,140,101,0,101,39,0,39
Pflanzen,Pflanzenbau und Tierzucht,VD,EFZ,131,0,131,92,0,92,39,0,39
Pflanzen,Pflanzenbau und Tierzucht,VD,EBA,9,0,9,9,0,9,0,0,0
Pflanzen,Pflanzenbau und Tierzucht,VD,nReglementiert,0,0,0,0,0,0,0,0,0
Pflanzen,Pflanzenbau und Tierzucht,VS,abt-total,43,0,43,32,0,32,11,0,11
Pflanzen,Pflanzenbau und Tierzucht,VS,EFZ,41,0,41,30,0,30,11,0,11
Pflanzen,Pflanzenbau und Tierzucht,VS,EBA,2,0,2,2,0,2,0,0,0
Pflanzen,Pflanzenbau und Tierzucht,VS,nReglementiert,0,0,0,0,0,0,0,0,0
Pflanzen,Pflanzenbau und Tierzucht,NE,abt-total,61,0,61,46,0,46,15,0,15
Pflanzen,Pflanzenbau und Tierzucht,NE,EFZ,56,0,56,43,0,43,13,0,13
Pflanzen,Pflanzenbau und Tierzucht,NE,EBA,5,0,5,3,0,3,2,0,2
Pflanzen,Pflanzenbau und Tierzucht,NE,nReglementiert,0,0,0,0,0,0,0,0,0
Pflanzen,Pflanzenbau und Tierzucht,GE,abt-total,22,0,22,12,0,12,10,0,10
Pflanzen,Pflanzenbau und Tierzucht,GE,EFZ,21,0,21,12,0,12,9,0,9
Pflanzen,Pflanzenbau und Tierzucht,GE,EBA,1,0,1,0,0,0,1,0,1
Pflanzen,Pflanzenbau und Tierzucht,GE,nReglementiert,0,0,0,0,0,0,0,0,0
Pflanzen,Pflanzenbau und Tierzucht,JU,abt-total,43,0,43,36,0,36,7,0,7
Pflanzen,Pflanzenbau und Tierzucht,JU,EFZ,40,0,40,33,0,33,7,0,7
Pflanzen,Pflanzenbau und Tierzucht,JU,EBA,3,0,3,3,0,3,0,0,0
Pflanzen,Pflanzenbau und Tierzucht,JU,nReglementiert,0,0,0,0,0,0,0,0,0
Gartenbau,Gartenbau,,abt-total,1511,131,1380,1201,88,1113,310,43,267
Gartenbau,Gartenbau,,EFZ,1208,107,1101,933,74,859,275,33,242
Gartenbau,Gartenbau,,EBA,303,24,279,268,14,254,35,10,25
Gartenbau,Gartenbau,,nReglementiert,0,0,0,0,0,0,0,0,0
Gartenbau,Gartenbau,ZH,abt-total,190,2,188,163,2,161,27,0,27
Gartenbau,Gartenbau,ZH,EFZ,148,1,147,123,1,122,25,0,25
Gartenbau,Gartenbau,ZH,EBA,42,1,41,40,1,39,2,0,2
Gartenbau,Gartenbau,ZH,nReglementiert,0,0,0,0,0,0,0,0,0
Gartenbau,Gartenbau,BE,abt-total,263,45,218,191,20,171,72,25,47
Gartenbau,Gartenbau,BE,EFZ,221,30,191,160,13,147,61,17,44
Gartenbau,Gartenbau,BE,EBA,42,15,27,31,7,24,11,8,3
Gartenbau,Gartenbau,BE,nReglementiert,0,0,0,0,0,0,0,0,0
Gartenbau,Gartenbau,LU,abt-total,70,0,70,51,0,51,19,0,19
Gartenbau,Gartenbau,LU,EFZ,60,0,60,43,0,43,17,0,17
Gartenbau,Gartenbau,LU,EBA,10,0,10,8,0,8,2,0,2
Gartenbau,Gartenbau,LU,nReglementiert,0,0,0,0,0,0,0,0,0
Gartenbau,Gartenbau,UR,abt-total,6,0,6,4,0,4,2,0,2
Gartenbau,Gartenbau,UR,EFZ,5,0,5,3,0,3,2,0,2
Gartenbau,Gartenbau,UR,EBA,1,0,1,1,0,1,0,0,0
Gartenbau,Gartenbau,UR,nReglementiert,0,0,0,0,0,0,0,0,0
Gartenbau,Gartenbau,SZ,abt-total,18,0,18,16,0,16,2,0,2
Gartenbau,Gartenbau,SZ,EFZ,17,0,17,15,0,15,2,0,2
Gartenbau,Gartenbau,SZ,EBA,1,0,1,1,0,1,0,0,0
Gartenbau,Gartenbau,SZ,nReglementiert,0,0,0,0,0,0,0,0,0
Gartenbau,Gartenbau,OW,abt-total,9,0,9,6,0,6,3,0,3
Gartenbau,Gartenbau,OW,EFZ,8,0,8,5,0,5,3,0,3
Gartenbau,Gartenbau,OW,EBA,1,0,1,1,0,1,0,0,0
Gartenbau,Gartenbau,OW,nReglementiert,0,0,0,0,0,0,0,0,0
Gartenbau,Gartenbau,NW,abt-total,6,0,6,5,0,5,1,0,1
Gartenbau,Gartenbau,NW,EFZ,6,0,6,5,0,5,1,0,1
Gartenbau,Gartenbau,NW,EBA,0,0,0,0,0,0,0,0,0
Gartenbau,Gartenbau,NW,nReglementiert,0,0,0,0,0,0,0,0,0
Gartenbau,Gartenbau,GL,abt-total,6,0,6,5,0,5,1,0,1
Gartenbau,Gartenbau,GL,EFZ,6,0,6,5,0,5,1,0,1
Gartenbau,Gartenbau,GL,EBA,0,0,0,0,0,0,0,0,0
Gartenbau,Gartenbau,GL,nReglementiert,0,0,0,0,0,0,0,0,0
Gartenbau,Gartenbau,ZG,abt-total,12,0,12,11,0,11,1,0,1
Gartenbau,Gartenbau,ZG,EFZ,8,0,8,7,0,7,1,0,1
Gartenbau,Gartenbau,ZG,EBA,4,0,4,4,0,4,0,0,0
Gartenbau,Gartenbau,ZG,nReglementiert,0,0,0,0,0,0,0,0,0
Gartenbau,Gartenbau,FR,abt-total,67,0,67,48,0,48,19,0,19
Gartenbau,Gartenbau,FR,EFZ,50,0,50,37,0,37,13,0,13
Gartenbau,Gartenbau,FR,EBA,17,0,17,11,0,11,6,0,6
Gartenbau,Gartenbau,FR,nReglementiert,0,0,0,0,0,0,0,0,0
Gartenbau,Gartenbau,SO,abt-total,40,0,40,33,0,33,7,0,7
Gartenbau,Gartenbau,SO,EFZ,27,0,27,21,0,21,6,0,6
Gartenbau,Gartenbau,SO,EBA,13,0,13,12,0,12,1,0,1
Gartenbau,Gartenbau,SO,nReglementiert,0,0,0,0,0,0,0,0,0
Gartenbau,Gartenbau,BS,abt-total,24,8,16,18,4,14,6,4,2
Gartenbau,Gartenbau,BS,EFZ,16,5,11,11,2,9,5,3,2
Gartenbau,Gartenbau,BS,EBA,8,3,5,7,2,5,1,1,0
Gartenbau,Gartenbau,BS,nReglementiert,0,0,0,0,0,0,0,0,0
Gartenbau,Gartenbau,BL,abt-total,59,0,59,49,0,49,10,0,10
Gartenbau,Gartenbau,BL,EFZ,43,0,43,34,0,34,9,0,9
Gartenbau,Gartenbau,BL,EBA,16,0,16,15,0,15,1,0,1
Gartenbau,Gartenbau,Bl,nReglementiert,0,0,0,0,0,0,0,0,0
Gartenbau,Gartenbau,SH,abt-total,20,0,20,16,0,16,4,0,4
Gartenbau,Gartenbau,SH,EFZ,15,0,15,11,0,11,4,0,4
Gartenbau,Gartenbau,SH,EBA,5,0,5,5,0,5,0,0,0
Gartenbau,Gartenbau,SH,nReglementiert,0,0,0,0,0,0,0,0,0
Gartenbau,Gartenbau,AR,abt-total,9,0,9,5,0,5,4,0,4
Gartenbau,Gartenbau,AR,EFZ,5,0,5,1,0,1,4,0,4
Gartenbau,Gartenbau,AR,EBA,4,0,4,4,0,4,0,0,0
Gartenbau,Gartenbau,AR,nReglementiert,0,0,0,0,0,0,0,0,0
Gartenbau,Gartenbau,AI,abt-total,1,0,1,1,0,1,0,0,0
Gartenbau,Gartenbau,AI,EFZ,1,0,1,1,0,1,0,0,0
Gartenbau,Gartenbau,AI,EBA,0,0,0,0,0,0,0,0,0
Gartenbau,Gartenbau,AI,nReglementiert,0,0,0,0,0,0,0,0,0
Gartenbau,Gartenbau,SG,abt-total,81,0,81,61,0,61,20,0,20
Gartenbau,Gartenbau,SG,EFZ,59,0,59,43,0,43,16,0,16
Gartenbau,Gartenbau,SG,EBA,22,0,22,18,0,18,4,0,4
Gartenbau,Gartenbau,SG,nReglementiert,0,0,0,0,0,0,0,0,0
Gartenbau,Gartenbau,GR,abt-total,20,0,20,16,0,16,4,0,4
Gartenbau,Gartenbau,GR,EFZ,15,0,15,11,0,11,4,0,4
Gartenbau,Gartenbau,GR,EBA,5,0,5,5,0,5,0,0,0
Gartenbau,Gartenbau,GR,nReglementiert,0,0,0,0,0,0,0,0,0
Gartenbau,Gartenbau,AG,abt-total,129,0,129,106,0,106,23,0,23
Gartenbau,Gartenbau,AG,EFZ,95,0,95,73,0,73,22,0,22
Gartenbau,Gartenbau,AG,EBA,34,0,34,33,0,33,1,0,1
Gartenbau,Gartenbau,AG,nReglementiert,0,0,0,0,0,0,0,0,0
Gartenbau,Gartenbau,TG,abt-total,64,0,64,47,0,47,17,0,17
Gartenbau,Gartenbau,TG,EFZ,48,0,48,34,0,34,14,0,14
Gartenbau,Gartenbau,TG,EBA,16,0,16,13,0,13,3,0,3
Gartenbau,Gartenbau,TG,nReglementiert,0,0,0,0,0,0,0,0,0
Gartenbau,Gartenbau,TI,abt-total,73,0,73,68,0,68,5,0,5
Gartenbau,Gartenbau,TI,EFZ,60,0,60,55,0,55,5,0,5
Gartenbau,Gartenbau,TI,EBA,13,0,13,13,0,13,0,0,0
Gartenbau,Gartenbau,TI,nReglementiert,0,0,0,0,0,0,0,0,0
Gartenbau,Gartenbau,VD,abt-total,131,0,131,107,0,107,24,0,24
Gartenbau,Gartenbau,VD,EFZ,113,0,113,90,0,90,23,0,23
Gartenbau,Gartenbau,VD,EBA,18,0,18,17,0,17,1,0,1
Gartenbau,Gartenbau,VD,nReglementiert,0,0,0,0,0,0,0,0,0
Gartenbau,Gartenbau,VS,abt-total,41,0,41,36,0,36,5,0,5
Gartenbau,Gartenbau,VS,EFZ,32,0,32,27,0,27,5,0,5
Gartenbau,Gartenbau,VS,EBA,9,0,9,9,0,9,0,0,0
Gartenbau,Gartenbau,VS,nReglementiert,0,0,0,0,0,0,0,0,0
Gartenbau,Gartenbau,NE,abt-total,28,0,28,23,0,23,5,0,5
Gartenbau,Gartenbau,NE,EFZ,24,0,24,19,0,19,5,0,5
Gartenbau,Gartenbau,NE,EBA,4,0,4,4,0,4,0,0,0
Gartenbau,Gartenbau,NE,nReglementiert,0,0,0,0,0,0,0,0,0
Gartenbau,Gartenbau,GE,abt-total,129,76,53,104,62,42,25,14,11
Gartenbau,Gartenbau,GE,EFZ,111,71,40,88,58,30,23,13,10
Gartenbau,Gartenbau,GE,EBA,18,5,13,16,4,12,2,1,1
Gartenbau,Gartenbau,GE,nReglementiert,0,0,0,0,0,0,0,0,0
Gartenbau,Gartenbau,JU,abt-total,15,0,15,11,0,11,4,0,4
Gartenbau,Gartenbau,JU,EFZ,15,0,15,11,0,11,4,0,4
Gartenbau,Gartenbau,JU,EBA,0,0,0,0,0,0,0,0,0
Gartenbau,Gartenbau,JU,nReglementiert,0,0,0,0,0,0,0,0,0
Forstwirtschaft,Forstwirtschaft,,abt-total,337,0,337,333,0,333,4,0,4
Forstwirtschaft,Forstwirtschaft,,EFZ,332,0,332,328,0,328,4,0,4
Forstwirtschaft,Forstwirtschaft,,EBA,5,0,5,5,0,5,0,0,0
Forstwirtschaft,Forstwirtschaft,,nReglementiert,0,0,0,0,0,0,0,0,0
Forstwirtschaft,Forstwirtschaft,ZH,abt-total,20,0,20,19,0,19,1,0,1
Forstwirtschaft,Forstwirtschaft,ZH,EFZ,20,0,20,19,0,19,1,0,1
Forstwirtschaft,Forstwirtschaft,ZH,EBA,0,0,0,0,0,0,0,0,0
Forstwirtschaft,Forstwirtschaft,ZH,nReglementiert,0,0,0,0,0,0,0,0,0
Forstwirtschaft,Forstwirtschaft,BE,abt-total,34,0,34,34,0,34,0,0,0
Forstwirtschaft,Forstwirtschaft,BE,EFZ,34,0,34,34,0,34,0,0,0
Forstwirtschaft,Forstwirtschaft,BE,EBA,0,0,0,0,0,0,0,0,0
Forstwirtschaft,Forstwirtschaft,BE,nReglementiert,0,0,0,0,0,0,0,0,0
Forstwirtschaft,Forstwirtschaft,LU,abt-total,9,0,9,9,0,9,0,0,0
Forstwirtschaft,Forstwirtschaft,LU,EFZ,8,0,8,8,0,8,0,0,0
Forstwirtschaft,Forstwirtschaft,LU,EBA,1,0,1,1,0,1,0,0,0
Forstwirtschaft,Forstwirtschaft,LU,nReglementiert,0,0,0,0,0,0,0,0,0
Forstwirtschaft,Forstwirtschaft,UR,abt-total,5,0,5,5,0,5,0,0,0
Forstwirtschaft,Forstwirtschaft,UR,EFZ,5,0,5,5,0,5,0,0,0
Forstwirtschaft,Forstwirtschaft,UR,EBA,0,0,0,0,0,0,0,0,0
Forstwirtschaft,Forstwirtschaft,UR,nReglementiert,0,0,0,0,0,0,0,0,0
Forstwirtschaft,Forstwirtschaft,SZ,abt-total,3,0,3,3,0,3,0,0,0
Forstwirtschaft,Forstwirtschaft,SZ,EFZ,3,0,3,3,0,3,0,0,0
Forstwirtschaft,Forstwirtschaft,SZ,EBA,0,0,0,0,0,0,0,0,0
Forstwirtschaft,Forstwirtschaft,SZ,nReglementiert,0,0,0,0,0,0,0,0,0
Forstwirtschaft,Forstwirtschaft,OW,abt-total,4,0,4,4,0,4,0,0,0
Forstwirtschaft,Forstwirtschaft,OW,EFZ,4,0,4,4,0,4,0,0,0
Forstwirtschaft,Forstwirtschaft,OW,EBA,0,0,0,0,0,0,0,0,0
Forstwirtschaft,Forstwirtschaft,OW,nReglementiert,0,0,0,0,0,0,0,0,0
Forstwirtschaft,Forstwirtschaft,NW,abt-total,2,0,2,2,0,2,0,0,0
Forstwirtschaft,Forstwirtschaft,NW,EFZ,2,0,2,2,0,2,0,0,0
Forstwirtschaft,Forstwirtschaft,NW,EBA,0,0,0,0,0,0,0,0,0
Forstwirtschaft,Forstwirtschaft,NW,nReglementiert,0,0,0,0,0,0,0,0,0
Forstwirtschaft,Forstwirtschaft,GL,abt-total,5,0,5,5,0,5,0,0,0
Forstwirtschaft,Forstwirtschaft,GL,EFZ,5,0,5,5,0,5,0,0,0
Forstwirtschaft,Forstwirtschaft,GL,EBA,0,0,0,0,0,0,0,0,0
Forstwirtschaft,Forstwirtschaft,GL,nReglementiert,0,0,0,0,0,0,0,0,0
Forstwirtschaft,Forstwirtschaft,ZG,abt-total,6,0,6,6,0,6,0,0,0
Forstwirtschaft,Forstwirtschaft,ZG,EFZ,6,0,6,6,0,6,0,0,0
Forstwirtschaft,Forstwirtschaft,ZG,EBA,0,0,0,0,0,0,0,0,0
Forstwirtschaft,Forstwirtschaft,ZG,nReglementiert,0,0,0,0,0,0,0,0,0
Forstwirtschaft,Forstwirtschaft,FR,abt-total,20,0,20,19,0,19,1,0,1
Forstwirtschaft,Forstwirtschaft,FR,EFZ,18,0,18,17,0,17,1,0,1
Forstwirtschaft,Forstwirtschaft,FR,EBA,2,0,2,2,0,2,0,0,0
Forstwirtschaft,Forstwirtschaft,FR,nReglementiert,0,0,0,0,0,0,0,0,0
Forstwirtschaft,Forstwirtschaft,SO,abt-total,8,0,8,8,0,8,0,0,0
Forstwirtschaft,Forstwirtschaft,SO,EFZ,8,0,8,8,0,8,0,0,0
Forstwirtschaft,Forstwirtschaft,SO,EBA,0,0,0,0,0,0,0,0,0
Forstwirtschaft,Forstwirtschaft,SO,nReglementiert,0,0,0,0,0,0,0,0,0
Forstwirtschaft,Forstwirtschaft,BS,abt-total,0,0,0,0,0,0,0,0,0
Forstwirtschaft,Forstwirtschaft,BS,EFZ,0,0,0,0,0,0,0,0,0
Forstwirtschaft,Forstwirtschaft,BS,EBA,0,0,0,0,0,0,0,0,0
Forstwirtschaft,Forstwirtschaft,BS,nReglementiert,0,0,0,0,0,0,0,0,0
Forstwirtschaft,Forstwirtschaft,BL,abt-total,10,0,10,10,0,10,0,0,0
Forstwirtschaft,Forstwirtschaft,BL,EFZ,10,0,10,10,0,10,0,0,0
Forstwirtschaft,Forstwirtschaft,BL,EBA,0,0,0,0,0,0,0,0,0
Forstwirtschaft,Forstwirtschaft,Bl,nReglementiert,0,0,0,0,0,0,0,0,0
Forstwirtschaft,Forstwirtschaft,SH,abt-total,6,0,6,5,0,5,1,0,1
Forstwirtschaft,Forstwirtschaft,SH,EFZ,6,0,6,5,0,5,1,0,1
Forstwirtschaft,Forstwirtschaft,SH,EBA,0,0,0,0,0,0,0,0,0
Forstwirtschaft,Forstwirtschaft,SH,nReglementiert,0,0,0,0,0,0,0,0,0
Forstwirtschaft,Forstwirtschaft,AR,abt-total,3,0,3,3,0,3,0,0,0
Forstwirtschaft,Forstwirtschaft,AR,EFZ,3,0,3,3,0,3,0,0,0
Forstwirtschaft,Forstwirtschaft,AR,EBA,0,0,0,0,0,0,0,0,0
Forstwirtschaft,Forstwirtschaft,AR,nReglementiert,0,0,0,0,0,0,0,0,0
Forstwirtschaft,Forstwirtschaft,AI,abt-total,0,0,0,0,0,0,0,0,0
Forstwirtschaft,Forstwirtschaft,AI,EFZ,0,0,0,0,0,0,0,0,0
Forstwirtschaft,Forstwirtschaft,AI,EBA,0,0,0,0,0,0,0,0,0
Forstwirtschaft,Forstwirtschaft,AI,nReglementiert,0,0,0,0,0,0,0,0,0
Forstwirtschaft,Forstwirtschaft,SG,abt-total,17,0,17,17,0,17,0,0,0
Forstwirtschaft,Forstwirtschaft,SG,EFZ,17,0,17,17,0,17,0,0,0
Forstwirtschaft,Forstwirtschaft,SG,EBA,0,0,0,0,0,0,0,0,0
Forstwirtschaft,Forstwirtschaft,SG,nReglementiert,0,0,0,0,0,0,0,0,0
Forstwirtschaft,Forstwirtschaft,GR,abt-total,30,0,30,30,0,30,0,0,0
Forstwirtschaft,Forstwirtschaft,GR,EFZ,30,0,30,30,0,30,0,0,0
Forstwirtschaft,Forstwirtschaft,GR,EBA,0,0,0,0,0,0,0,0,0
Forstwirtschaft,Forstwirtschaft,GR,nReglementiert,0,0,0,0,0,0,0,0,0
Forstwirtschaft,Forstwirtschaft,AG,abt-total,25,0,25,25,0,25,0,0,0
Forstwirtschaft,Forstwirtschaft,AG,EFZ,25,0,25,25,0,25,0,0,0
Forstwirtschaft,Forstwirtschaft,AG,EBA,0,0,0,0,0,0,0,0,0
Forstwirtschaft,Forstwirtschaft,AG,nReglementiert,0,0,0,0,0,0,0,0,0
Forstwirtschaft,Forstwirtschaft,TG,abt-total,10,0,10,10,0,10,0,0,0
Forstwirtschaft,Forstwirtschaft,TG,EFZ,10,0,10,10,0,10,0,0,0
Forstwirtschaft,Forstwirtschaft,TG,EBA,0,0,0,0,0,0,0,0,0
Forstwirtschaft,Forstwirtschaft,TG,nReglementiert,0,0,0,0,0,0,0,0,0
Forstwirtschaft,Forstwirtschaft,TI,abt-total,29,0,29,29,0,29,0,0,0
Forstwirtschaft,Forstwirtschaft,TI,EFZ,29,0,29,29,0,29,0,0,0
Forstwirtschaft,Forstwirtschaft,TI,EBA,0,0,0,0,0,0,0,0,0
Forstwirtschaft,Forstwirtschaft,TI,nReglementiert,0,0,0,0,0,0,0,0,0
Forstwirtschaft,Forstwirtschaft,VD,abt-total,45,0,45,44,0,44,1,0,1
Forstwirtschaft,Forstwirtschaft,VD,EFZ,45,0,45,44,0,44,1,0,1
Forstwirtschaft,Forstwirtschaft,VD,EBA,0,0,0,0,0,0,0,0,0
Forstwirtschaft,Forstwirtschaft,VD,nReglementiert,0,0,0,0,0,0,0,0,0
Forstwirtschaft,Forstwirtschaft,VS,abt-total,28,0,28,28,0,28,0,0,0
Forstwirtschaft,Forstwirtschaft,VS,EFZ,27,0,27,27,0,27,0,0,0
Forstwirtschaft,Forstwirtschaft,VS,EBA,1,0,1,1,0,1,0,0,0
Forstwirtschaft,Forstwirtschaft,VS,nReglementiert,0,0,0,0,0,0,0,0,0
Forstwirtschaft,Forstwirtschaft,NE,abt-total,11,0,11,11,0,11,0,0,0
Forstwirtschaft,Forstwirtschaft,NE,EFZ,10,0,10,10,0,10,0,0,0
Forstwirtschaft,Forstwirtschaft,NE,EBA,1,0,1,1,0,1,0,0,0
Forstwirtschaft,Forstwirtschaft,NE,nReglementiert,0,0,0,0,0,0,0,0,0
Forstwirtschaft,Forstwirtschaft,GE,abt-total,0,0,0,0,0,0,0,0,0
Forstwirtschaft,Forstwirtschaft,GE,EFZ,0,0,0,0,0,0,0,0,0
Forstwirtschaft,Forstwirtschaft,GE,EBA,0,0,0,0,0,0,0,0,0
Forstwirtschaft,Forstwirtschaft,GE,nReglementiert,0,0,0,0,0,0,0,0,0
Forstwirtschaft,Forstwirtschaft,JU,abt-total,7,0,7,7,0,7,0,0,0
Forstwirtschaft,Forstwirtschaft,JU,EFZ,7,0,7,7,0,7,0,0,0
Forstwirtschaft,Forstwirtschaft,JU,EBA,0,0,0,0,0,0,0,0,0
Forstwirtschaft,Forstwirtschaft,JU,nReglementiert,0,0,0,0,0,0,0,0,0
Tiermedizin,Tiermedizin,,abt-total,200,0,200,7,0,7,193,0,193
Tiermedizin,Tiermedizin,,EFZ,200,0,200,7,0,7,193,0,193
Tiermedizin,Tiermedizin,,EBA,0,0,0,0,0,0,0,0,0
Tiermedizin,Tiermedizin,,nReglementiert,0,0,0,0,0,0,0,0,0
Tiermedizin,Tiermedizin,ZH,abt-total,35,0,35,2,0,2,33,0,33
Tiermedizin,Tiermedizin,ZH,EFZ,35,0,35,2,0,2,33,0,33
Tiermedizin,Tiermedizin,ZH,EBA,0,0,0,0,0,0,0,0,0
Tiermedizin,Tiermedizin,ZH,nReglementiert,0,0,0,0,0,0,0,0,0
Tiermedizin,Tiermedizin,BE,abt-total,28,0,28,0,0,0,28,0,28
Tiermedizin,Tiermedizin,BE,EFZ,28,0,28,0,0,0,28,0,28
Tiermedizin,Tiermedizin,BE,EBA,0,0,0,0,0,0,0,0,0
Tiermedizin,Tiermedizin,BE,nReglementiert,0,0,0,0,0,0,0,0,0
Tiermedizin,Tiermedizin,LU,abt-total,10,0,10,0,0,0,10,0,10
Tiermedizin,Tiermedizin,LU,EFZ,10,0,10,0,0,0,10,0,10
Tiermedizin,Tiermedizin,LU,EBA,0,0,0,0,0,0,0,0,0
Tiermedizin,Tiermedizin,LU,nReglementiert,0,0,0,0,0,0,0,0,0
Tiermedizin,Tiermedizin,UR,abt-total,0,0,0,0,0,0,0,0,0
Tiermedizin,Tiermedizin,UR,EFZ,0,0,0,0,0,0,0,0,0
Tiermedizin,Tiermedizin,UR,EBA,0,0,0,0,0,0,0,0,0
Tiermedizin,Tiermedizin,UR,nReglementiert,0,0,0,0,0,0,0,0,0
Tiermedizin,Tiermedizin,SZ,abt-total,4,0,4,0,0,0,4,0,4
Tiermedizin,Tiermedizin,SZ,EFZ,4,0,4,0,0,0,4,0,4
Tiermedizin,Tiermedizin,SZ,EBA,0,0,0,0,0,0,0,0,0
Tiermedizin,Tiermedizin,SZ,nReglementiert,0,0,0,0,0,0,0,0,0
Tiermedizin,Tiermedizin,OW,abt-total,1,0,1,0,0,0,1,0,1
Tiermedizin,Tiermedizin,OW,EFZ,1,0,1,0,0,0,1,0,1
Tiermedizin,Tiermedizin,OW,EBA,0,0,0,0,0,0,0,0,0
Tiermedizin,Tiermedizin,OW,nReglementiert,0,0,0,0,0,0,0,0,0
Tiermedizin,Tiermedizin,NW,abt-total,0,0,0,0,0,0,0,0,0
Tiermedizin,Tiermedizin,NW,EFZ,0,0,0,0,0,0,0,0,0
Tiermedizin,Tiermedizin,NW,EBA,0,0,0,0,0,0,0,0,0
Tiermedizin,Tiermedizin,NW,nReglementiert,0,0,0,0,0,0,0,0,0
Tiermedizin,Tiermedizin,GL,abt-total,2,0,2,0,0,0,2,0,2
Tiermedizin,Tiermedizin,GL,EFZ,2,0,2,0,0,0,2,0,2
Tiermedizin,Tiermedizin,GL,EBA,0,0,0,0,0,0,0,0,0
Tiermedizin,Tiermedizin,GL,nReglementiert,0,0,0,0,0,0,0,0,0
Tiermedizin,Tiermedizin,ZG,abt-total,4,0,4,0,0,0,4,0,4
Tiermedizin,Tiermedizin,ZG,EFZ,4,0,4,0,0,0,4,0,4
Tiermedizin,Tiermedizin,ZG,EBA,0,0,0,0,0,0,0,0,0
Tiermedizin,Tiermedizin,ZG,nReglementiert,0,0,0,0,0,0,0,0,0
Tiermedizin,Tiermedizin,FR,abt-total,8,0,8,0,0,0,8,0,8
Tiermedizin,Tiermedizin,FR,EFZ,8,0,8,0,0,0,8,0,8
Tiermedizin,Tiermedizin,FR,EBA,0,0,0,0,0,0,0,0,0
Tiermedizin,Tiermedizin,FR,nReglementiert,0,0,0,0,0,0,0,0,0
Tiermedizin,Tiermedizin,SO,abt-total,7,0,7,1,0,1,6,0,6
Tiermedizin,Tiermedizin,SO,EFZ,7,0,7,1,0,1,6,0,6
Tiermedizin,Tiermedizin,SO,EBA,0,0,0,0,0,0,0,0,0
Tiermedizin,Tiermedizin,SO,nReglementiert,0,0,0,0,0,0,0,0,0
Tiermedizin,Tiermedizin,BS,abt-total,3,0,3,0,0,0,3,0,3
Tiermedizin,Tiermedizin,BS,EFZ,3,0,3,0,0,0,3,0,3
Tiermedizin,Tiermedizin,BS,EBA,0,0,0,0,0,0,0,0,0
Tiermedizin,Tiermedizin,BS,nReglementiert,0,0,0,0,0,0,0,0,0
Tiermedizin,Tiermedizin,BL,abt-total,8,0,8,0,0,0,8,0,8
Tiermedizin,Tiermedizin,BL,EFZ,8,0,8,0,0,0,8,0,8
Tiermedizin,Tiermedizin,BL,EBA,0,0,0,0,0,0,0,0,0
Tiermedizin,Tiermedizin,Bl,nReglementiert,0,0,0,0,0,0,0,0,0
Tiermedizin,Tiermedizin,SH,abt-total,3,0,3,0,0,0,3,0,3
Tiermedizin,Tiermedizin,SH,EFZ,3,0,3,0,0,0,3,0,3
Tiermedizin,Tiermedizin,SH,EBA,0,0,0,0,0,0,0,0,0
Tiermedizin,Tiermedizin,SH,nReglementiert,0,0,0,0,0,0,0,0,0
Tiermedizin,Tiermedizin,AR,abt-total,0,0,0,0,0,0,0,0,0
Tiermedizin,Tiermedizin,AR,EFZ,0,0,0,0,0,0,0,0,0
Tiermedizin,Tiermedizin,AR,EBA,0,0,0,0,0,0,0,0,0
Tiermedizin,Tiermedizin,AR,nReglementiert,0,0,0,0,0,0,0,0,0
Tiermedizin,Tiermedizin,AI,abt-total,0,0,0,0,0,0,0,0,0
Tiermedizin,Tiermedizin,AI,EFZ,0,0,0,0,0,0,0,0,0
Tiermedizin,Tiermedizin,AI,EBA,0,0,0,0,0,0,0,0,0
Tiermedizin,Tiermedizin,AI,nReglementiert,0,0,0,0,0,0,0,0,0
Tiermedizin,Tiermedizin,SG,abt-total,8,0,8,0,0,0,8,0,8
Tiermedizin,Tiermedizin,SG,EFZ,8,0,8,0,0,0,8,0,8
Tiermedizin,Tiermedizin,SG,EBA,0,0,0,0,0,0,0,0,0
Tiermedizin,Tiermedizin,SG,nReglementiert,0,0,0,0,0,0,0,0,0
Tiermedizin,Tiermedizin,GR,abt-total,4,0,4,0,0,0,4,0,4
Tiermedizin,Tiermedizin,GR,EFZ,4,0,4,0,0,0,4,0,4
Tiermedizin,Tiermedizin,GR,EBA,0,0,0,0,0,0,0,0,0
Tiermedizin,Tiermedizin,GR,nReglementiert,0,0,0,0,0,0,0,0,0
Tiermedizin,Tiermedizin,AG,abt-total,13,0,13,0,0,0,13,0,13
Tiermedizin,Tiermedizin,AG,EFZ,13,0,13,0,0,0,13,0,13
Tiermedizin,Tiermedizin,AG,EBA,0,0,0,0,0,0,0,0,0
Tiermedizin,Tiermedizin,AG,nReglementiert,0,0,0,0,0,0,0,0,0
Tiermedizin,Tiermedizin,TG,abt-total,10,0,10,1,0,1,9,0,9
Tiermedizin,Tiermedizin,TG,EFZ,10,0,10,1,0,1,9,0,9
Tiermedizin,Tiermedizin,TG,EBA,0,0,0,0,0,0,0,0,0
Tiermedizin,Tiermedizin,TG,nReglementiert,0,0,0,0,0,0,0,0,0
Tiermedizin,Tiermedizin,TI,abt-total,8,0,8,1,0,1,7,0,7
Tiermedizin,Tiermedizin,TI,EFZ,8,0,8,1,0,1,7,0,7
Tiermedizin,Tiermedizin,TI,EBA,0,0,0,0,0,0,0,0,0
Tiermedizin,Tiermedizin,TI,nReglementiert,0,0,0,0,0,0,0,0,0
Tiermedizin,Tiermedizin,VD,abt-total,15,0,15,1,0,1,14,0,14
Tiermedizin,Tiermedizin,VD,EFZ,15,0,15,1,0,1,14,0,14
Tiermedizin,Tiermedizin,VD,EBA,0,0,0,0,0,0,0,0,0
Tiermedizin,Tiermedizin,VD,nReglementiert,0,0,0,0,0,0,0,0,0
Tiermedizin,Tiermedizin,VS,abt-total,7,0,7,0,0,0,7,0,7
Tiermedizin,Tiermedizin,VS,EFZ,7,0,7,0,0,0,7,0,7
Tiermedizin,Tiermedizin,VS,EBA,0,0,0,0,0,0,0,0,0
Tiermedizin,Tiermedizin,VS,nReglementiert,0,0,0,0,0,0,0,0,0
Tiermedizin,Tiermedizin,NE,abt-total,9,0,9,1,0,1,8,0,8
Tiermedizin,Tiermedizin,NE,EFZ,9,0,9,1,0,1,8,0,8
Tiermedizin,Tiermedizin,NE,EBA,0,0,0,0,0,0,0,0,0
Tiermedizin,Tiermedizin,NE,nReglementiert,0,0,0,0,0,0,0,0,0
Tiermedizin,Tiermedizin,GE,abt-total,11,0,11,0,0,0,11,0,11
Tiermedizin,Tiermedizin,GE,EFZ,11,0,11,0,0,0,11,0,11
Tiermedizin,Tiermedizin,GE,EBA,0,0,0,0,0,0,0,0,0
Tiermedizin,Tiermedizin,GE,nReglementiert,0,0,0,0,0,0,0,0,0
Tiermedizin,Tiermedizin,JU,abt-total,2,0,2,0,0,0,2,0,2
Tiermedizin,Tiermedizin,JU,EFZ,2,0,2,0,0,0,2,0,2
Tiermedizin,Tiermedizin,JU,EBA,0,0,0,0,0,0,0,0,0
Tiermedizin,Tiermedizin,JU,nReglementiert,0,0,0,0,0,0,0,0,0
Medizin,Medizinische Dienste,,abt-total,1468,109,1359,181,0,181,1287,109,1178
Medizin,Medizinische Dienste,,EFZ,1468,109,1359,181,0,181,1287,109,1178
Medizin,Medizinische Dienste,,EBA,0,0,0,0,0,0,0,0,0
Medizin,Medizinische Dienste,,nReglementiert,0,0,0,0,0,0,0,0,0
Medizin,Medizinische Dienste,ZH,abt-total,282,0,282,34,0,34,248,0,248
Medizin,Medizinische Dienste,ZH,EFZ,282,0,282,34,0,34,248,0,248
Medizin,Medizinische Dienste,ZH,EBA,0,0,0,0,0,0,0,0,0
Medizin,Medizinische Dienste,ZH,nReglementiert,0,0,0,0,0,0,0,0,0
Medizin,Medizinische Dienste,BE,abt-total,204,0,204,23,0,23,181,0,181
Medizin,Medizinische Dienste,BE,EFZ,204,0,204,23,0,23,181,0,181
Medizin,Medizinische Dienste,BE,EBA,0,0,0,0,0,0,0,0,0
Medizin,Medizinische Dienste,BE,nReglementiert,0,0,0,0,0,0,0,0,0
Medizin,Medizinische Dienste,LU,abt-total,81,0,81,7,0,7,74,0,74
Medizin,Medizinische Dienste,LU,EFZ,81,0,81,7,0,7,74,0,74
Medizin,Medizinische Dienste,LU,EBA,0,0,0,0,0,0,0,0,0
Medizin,Medizinische Dienste,LU,nReglementiert,0,0,0,0,0,0,0,0,0
Medizin,Medizinische Dienste,UR,abt-total,7,0,7,2,0,2,5,0,5
Medizin,Medizinische Dienste,UR,EFZ,7,0,7,2,0,2,5,0,5
Medizin,Medizinische Dienste,UR,EBA,0,0,0,0,0,0,0,0,0
Medizin,Medizinische Dienste,UR,nReglementiert,0,0,0,0,0,0,0,0,0
Medizin,Medizinische Dienste,SZ,abt-total,29,0,29,3,0,3,26,0,26
Medizin,Medizinische Dienste,SZ,EFZ,29,0,29,3,0,3,26,0,26
Medizin,Medizinische Dienste,SZ,EBA,0,0,0,0,0,0,0,0,0
Medizin,Medizinische Dienste,SZ,nReglementiert,0,0,0,0,0,0,0,0,0
Medizin,Medizinische Dienste,OW,abt-total,5,0,5,0,0,0,5,0,5
Medizin,Medizinische Dienste,OW,EFZ,5,0,5,0,0,0,5,0,5
Medizin,Medizinische Dienste,OW,EBA,0,0,0,0,0,0,0,0,0
Medizin,Medizinische Dienste,OW,nReglementiert,0,0,0,0,0,0,0,0,0
Medizin,Medizinische Dienste,NW,abt-total,5,0,5,0,0,0,5,0,5
Medizin,Medizinische Dienste,NW,EFZ,5,0,5,0,0,0,5,0,5
Medizin,Medizinische Dienste,NW,EBA,0,0,0,0,0,0,0,0,0
Medizin,Medizinische Dienste,NW,nReglementiert,0,0,0,0,0,0,0,0,0
Medizin,Medizinische Dienste,GL,abt-total,8,0,8,0,0,0,8,0,8
Medizin,Medizinische Dienste,GL,EFZ,8,0,8,0,0,0,8,0,8
Medizin,Medizinische Dienste,GL,EBA,0,0,0,0,0,0,0,0,0
Medizin,Medizinische Dienste,GL,nReglementiert,0,0,0,0,0,0,0,0,0
Medizin,Medizinische Dienste,ZG,abt-total,19,0,19,3,0,3,16,0,16
Medizin,Medizinische Dienste,ZG,EFZ,19,0,19,3,0,3,16,0,16
Medizin,Medizinische Dienste,ZG,EBA,0,0,0,0,0,0,0,0,0
Medizin,Medizinische Dienste,ZG,nReglementiert,0,0,0,0,0,0,0,0,0
Medizin,Medizinische Dienste,FR,abt-total,39,0,39,10,0,10,29,0,29
Medizin,Medizinische Dienste,FR,EFZ,39,0,39,10,0,10,29,0,29
Medizin,Medizinische Dienste,FR,EBA,0,0,0,0,0,0,0,0,0
Medizin,Medizinische Dienste,FR,nReglementiert,0,0,0,0,0,0,0,0,0
Medizin,Medizinische Dienste,SO,abt-total,41,0,41,5,0,5,36,0,36
Medizin,Medizinische Dienste,SO,EFZ,41,0,41,5,0,5,36,0,36
Medizin,Medizinische Dienste,SO,EBA,0,0,0,0,0,0,0,0,0
Medizin,Medizinische Dienste,SO,nReglementiert,0,0,0,0,0,0,0,0,0
Medizin,Medizinische Dienste,BS,abt-total,43,0,43,9,0,9,34,0,34
Medizin,Medizinische Dienste,BS,EFZ,43,0,43,9,0,9,34,0,34
Medizin,Medizinische Dienste,BS,EBA,0,0,0,0,0,0,0,0,0
Medizin,Medizinische Dienste,BS,nReglementiert,0,0,0,0,0,0,0,0,0
Medizin,Medizinische Dienste,BL,abt-total,45,0,45,3,0,3,42,0,42
Medizin,Medizinische Dienste,BL,EFZ,45,0,45,3,0,3,42,0,42
Medizin,Medizinische Dienste,BL,EBA,0,0,0,0,0,0,0,0,0
Medizin,Medizinische Dienste,Bl,nReglementiert,0,0,0,0,0,0,0,0,0
Medizin,Medizinische Dienste,SH,abt-total,13,0,13,3,0,3,10,0,10
Medizin,Medizinische Dienste,SH,EFZ,13,0,13,3,0,3,10,0,10
Medizin,Medizinische Dienste,SH,EBA,0,0,0,0,0,0,0,0,0
Medizin,Medizinische Dienste,SH,nReglementiert,0,0,0,0,0,0,0,0,0
Medizin,Medizinische Dienste,AR,abt-total,14,0,14,3,0,3,11,0,11
Medizin,Medizinische Dienste,AR,EFZ,14,0,14,3,0,3,11,0,11
Medizin,Medizinische Dienste,AR,EBA,0,0,0,0,0,0,0,0,0
Medizin,Medizinische Dienste,AR,nReglementiert,0,0,0,0,0,0,0,0,0
Medizin,Medizinische Dienste,AI,abt-total,3,0,3,0,0,0,3,0,3
Medizin,Medizinische Dienste,AI,EFZ,3,0,3,0,0,0,3,0,3
Medizin,Medizinische Dienste,AI,EBA,0,0,0,0,0,0,0,0,0
Medizin,Medizinische Dienste,AI,nReglementiert,0,0,0,0,0,0,0,0,0
Medizin,Medizinische Dienste,SG,abt-total,102,0,102,7,0,7,95,0,95
Medizin,Medizinische Dienste,SG,EFZ,102,0,102,7,0,7,95,0,95
Medizin,Medizinische Dienste,SG,EBA,0,0,0,0,0,0,0,0,0
Medizin,Medizinische Dienste,SG,nReglementiert,0,0,0,0,0,0,0,0,0
Medizin,Medizinische Dienste,GR,abt-total,32,0,32,4,0,4,28,0,28
Medizin,Medizinische Dienste,GR,EFZ,32,0,32,4,0,4,28,0,28
Medizin,Medizinische Dienste,GR,EBA,0,0,0,0,0,0,0,0,0
Medizin,Medizinische Dienste,GR,nReglementiert,0,0,0,0,0,0,0,0,0
Medizin,Medizinische Dienste,AG,abt-total,109,0,109,13,0,13,96,0,96
Medizin,Medizinische Dienste,AG,EFZ,109,0,109,13,0,13,96,0,96
Medizin,Medizinische Dienste,AG,EBA,0,0,0,0,0,0,0,0,0
Medizin,Medizinische Dienste,AG,nReglementiert,0,0,0,0,0,0,0,0,0
Medizin,Medizinische Dienste,TG,abt-total,50,0,50,4,0,4,46,0,46
Medizin,Medizinische Dienste,TG,EFZ,50,0,50,4,0,4,46,0,46
Medizin,Medizinische Dienste,TG,EBA,0,0,0,0,0,0,0,0,0
Medizin,Medizinische Dienste,TG,nReglementiert,0,0,0,0,0,0,0,0,0
Medizin,Medizinische Dienste,TI,abt-total,85,0,85,17,0,17,68,0,68
Medizin,Medizinische Dienste,TI,EFZ,85,0,85,17,0,17,68,0,68
Medizin,Medizinische Dienste,TI,EBA,0,0,0,0,0,0,0,0,0
Medizin,Medizinische Dienste,TI,nReglementiert,0,0,0,0,0,0,0,0,0
Medizin,Medizinische Dienste,VD,abt-total,112,44,68,17,0,17,95,44,51
Medizin,Medizinische Dienste,VD,EFZ,112,44,68,17,0,17,95,44,51
Medizin,Medizinische Dienste,VD,EBA,0,0,0,0,0,0,0,0,0
Medizin,Medizinische Dienste,VD,nReglementiert,0,0,0,0,0,0,0,0,0
Medizin,Medizinische Dienste,VS,abt-total,68,45,23,6,0,6,62,45,17
Medizin,Medizinische Dienste,VS,EFZ,68,45,23,6,0,6,62,45,17
Medizin,Medizinische Dienste,VS,EBA,0,0,0,0,0,0,0,0,0
Medizin,Medizinische Dienste,VS,nReglementiert,0,0,0,0,0,0,0,0,0
Medizin,Medizinische Dienste,NE,abt-total,24,0,24,4,0,4,20,0,20
Medizin,Medizinische Dienste,NE,EFZ,24,0,24,4,0,4,20,0,20
Medizin,Medizinische Dienste,NE,EBA,0,0,0,0,0,0,0,0,0
Medizin,Medizinische Dienste,NE,nReglementiert,0,0,0,0,0,0,0,0,0
Medizin,Medizinische Dienste,GE,abt-total,41,20,21,4,0,4,37,20,17
Medizin,Medizinische Dienste,GE,EFZ,41,20,21,4,0,4,37,20,17
Medizin,Medizinische Dienste,GE,EBA,0,0,0,0,0,0,0,0,0
Medizin,Medizinische Dienste,GE,nReglementiert,0,0,0,0,0,0,0,0,0
Medizin,Medizinische Dienste,JU,abt-total,7,0,7,0,0,0,7,0,7
Medizin,Medizinische Dienste,JU,EFZ,7,0,7,0,0,0,7,0,7
Medizin,Medizinische Dienste,JU,EBA,0,0,0,0,0,0,0,0,0
Medizin,Medizinische Dienste,JU,nReglementiert,0,0,0,0,0,0,0,0,0
Krankenpflege,Krankenpflege,,abt-total,4125,348,3777,498,63,435,3627,285,3342
Krankenpflege,Krankenpflege,,EFZ,4125,348,3777,498,63,435,3627,285,3342
Krankenpflege,Krankenpflege,,EBA,0,0,0,0,0,0,0,0,0
Krankenpflege,Krankenpflege,,nReglementiert,0,0,0,0,0,0,0,0,0
Krankenpflege,Krankenpflege,ZH,abt-total,671,0,671,104,0,104,567,0,567
Krankenpflege,Krankenpflege,ZH,EFZ,671,0,671,104,0,104,567,0,567
Krankenpflege,Krankenpflege,ZH,EBA,0,0,0,0,0,0,0,0,0
Krankenpflege,Krankenpflege,ZH,nReglementiert,0,0,0,0,0,0,0,0,0
Krankenpflege,Krankenpflege,BE,abt-total,849,18,831,88,0,88,761,18,743
Krankenpflege,Krankenpflege,BE,EFZ,849,18,831,88,0,88,761,18,743
Krankenpflege,Krankenpflege,BE,EBA,0,0,0,0,0,0,0,0,0
Krankenpflege,Krankenpflege,BE,nReglementiert,0,0,0,0,0,0,0,0,0
Krankenpflege,Krankenpflege,LU,abt-total,298,20,278,26,1,25,272,19,253
Krankenpflege,Krankenpflege,LU,EFZ,298,20,278,26,1,25,272,19,253
Krankenpflege,Krankenpflege,LU,EBA,0,0,0,0,0,0,0,0,0
Krankenpflege,Krankenpflege,LU,nReglementiert,0,0,0,0,0,0,0,0,0
Krankenpflege,Krankenpflege,UR,abt-total,31,0,31,2,0,2,29,0,29
Krankenpflege,Krankenpflege,UR,EFZ,31,0,31,2,0,2,29,0,29
Krankenpflege,Krankenpflege,UR,EBA,0,0,0,0,0,0,0,0,0
Krankenpflege,Krankenpflege,UR,nReglementiert,0,0,0,0,0,0,0,0,0
Krankenpflege,Krankenpflege,SZ,abt-total,63,0,63,4,0,4,59,0,59
Krankenpflege,Krankenpflege,SZ,EFZ,63,0,63,4,0,4,59,0,59
Krankenpflege,Krankenpflege,SZ,EBA,0,0,0,0,0,0,0,0,0
Krankenpflege,Krankenpflege,SZ,nReglementiert,0,0,0,0,0,0,0,0,0
Krankenpflege,Krankenpflege,OW,abt-total,15,0,15,0,0,0,15,0,15
Krankenpflege,Krankenpflege,OW,EFZ,15,0,15,0,0,0,15,0,15
Krankenpflege,Krankenpflege,OW,EBA,0,0,0,0,0,0,0,0,0
Krankenpflege,Krankenpflege,OW,nReglementiert,0,0,0,0,0,0,0,0,0
Krankenpflege,Krankenpflege,NW,abt-total,20,0,20,0,0,0,20,0,20
Krankenpflege,Krankenpflege,NW,EFZ,20,0,20,0,0,0,20,0,20
Krankenpflege,Krankenpflege,NW,EBA,0,0,0,0,0,0,0,0,0
Krankenpflege,Krankenpflege,NW,nReglementiert,0,0,0,0,0,0,0,0,0
Krankenpflege,Krankenpflege,GL,abt-total,19,0,19,3,0,3,16,0,16
Krankenpflege,Krankenpflege,GL,EFZ,19,0,19,3,0,3,16,0,16
Krankenpflege,Krankenpflege,GL,EBA,0,0,0,0,0,0,0,0,0
Krankenpflege,Krankenpflege,GL,nReglementiert,0,0,0,0,0,0,0,0,0
Krankenpflege,Krankenpflege,ZG,abt-total,50,0,50,3,0,3,47,0,47
Krankenpflege,Krankenpflege,ZG,EFZ,50,0,50,3,0,3,47,0,47
Krankenpflege,Krankenpflege,ZG,EBA,0,0,0,0,0,0,0,0,0
Krankenpflege,Krankenpflege,ZG,nReglementiert,0,0,0,0,0,0,0,0,0
Krankenpflege,Krankenpflege,FR,abt-total,93,20,73,9,2,7,84,18,66
Krankenpflege,Krankenpflege,FR,EFZ,93,20,73,9,2,7,84,18,66
Krankenpflege,Krankenpflege,FR,EBA,0,0,0,0,0,0,0,0,0
Krankenpflege,Krankenpflege,FR,nReglementiert,0,0,0,0,0,0,0,0,0
Krankenpflege,Krankenpflege,SO,abt-total,124,0,124,15,0,15,109,0,109
Krankenpflege,Krankenpflege,SO,EFZ,124,0,124,15,0,15,109,0,109
Krankenpflege,Krankenpflege,SO,EBA,0,0,0,0,0,0,0,0,0
Krankenpflege,Krankenpflege,SO,nReglementiert,0,0,0,0,0,0,0,0,0
Krankenpflege,Krankenpflege,BS,abt-total,122,0,122,19,0,19,103,0,103
Krankenpflege,Krankenpflege,BS,EFZ,122,0,122,19,0,19,103,0,103
Krankenpflege,Krankenpflege,BS,EBA,0,0,0,0,0,0,0,0,0
Krankenpflege,Krankenpflege,BS,nReglementiert,0,0,0,0,0,0,0,0,0
Krankenpflege,Krankenpflege,BL,abt-total,98,0,98,10,0,10,88,0,88
Krankenpflege,Krankenpflege,BL,EFZ,98,0,98,10,0,10,88,0,88
Krankenpflege,Krankenpflege,BL,EBA,0,0,0,0,0,0,0,0,0
Krankenpflege,Krankenpflege,Bl,nReglementiert,0,0,0,0,0,0,0,0,0
Krankenpflege,Krankenpflege,SH,abt-total,45,0,45,2,0,2,43,0,43
Krankenpflege,Krankenpflege,SH,EFZ,45,0,45,2,0,2,43,0,43
Krankenpflege,Krankenpflege,SH,EBA,0,0,0,0,0,0,0,0,0
Krankenpflege,Krankenpflege,SH,nReglementiert,0,0,0,0,0,0,0,0,0
Krankenpflege,Krankenpflege,AR,abt-total,35,0,35,1,0,1,34,0,34
Krankenpflege,Krankenpflege,AR,EFZ,35,0,35,1,0,1,34,0,34
Krankenpflege,Krankenpflege,AR,EBA,0,0,0,0,0,0,0,0,0
Krankenpflege,Krankenpflege,AR,nReglementiert,0,0,0,0,0,0,0,0,0
Krankenpflege,Krankenpflege,AI,abt-total,5,0,5,0,0,0,5,0,5
Krankenpflege,Krankenpflege,AI,EFZ,5,0,5,0,0,0,5,0,5
Krankenpflege,Krankenpflege,AI,EBA,0,0,0,0,0,0,0,0,0
Krankenpflege,Krankenpflege,AI,nReglementiert,0,0,0,0,0,0,0,0,0
Krankenpflege,Krankenpflege,SG,abt-total,317,0,317,26,0,26,291,0,291
Krankenpflege,Krankenpflege,SG,EFZ,317,0,317,26,0,26,291,0,291
Krankenpflege,Krankenpflege,SG,EBA,0,0,0,0,0,0,0,0,0
Krankenpflege,Krankenpflege,SG,nReglementiert,0,0,0,0,0,0,0,0,0
Krankenpflege,Krankenpflege,GR,abt-total,112,0,112,13,0,13,99,0,99
Krankenpflege,Krankenpflege,GR,EFZ,112,0,112,13,0,13,99,0,99
Krankenpflege,Krankenpflege,GR,EBA,0,0,0,0,0,0,0,0,0
Krankenpflege,Krankenpflege,GR,nReglementiert,0,0,0,0,0,0,0,0,0
Krankenpflege,Krankenpflege,AG,abt-total,313,0,313,25,0,25,288,0,288
Krankenpflege,Krankenpflege,AG,EFZ,313,0,313,25,0,25,288,0,288
Krankenpflege,Krankenpflege,AG,EBA,0,0,0,0,0,0,0,0,0
Krankenpflege,Krankenpflege,AG,nReglementiert,0,0,0,0,0,0,0,0,0
Krankenpflege,Krankenpflege,TG,abt-total,133,0,133,16,0,16,117,0,117
Krankenpflege,Krankenpflege,TG,EFZ,133,0,133,16,0,16,117,0,117
Krankenpflege,Krankenpflege,TG,EBA,0,0,0,0,0,0,0,0,0
Krankenpflege,Krankenpflege,TG,nReglementiert,0,0,0,0,0,0,0,0,0
Krankenpflege,Krankenpflege,TI,abt-total,190,94,96,57,28,29,133,66,67
Krankenpflege,Krankenpflege,TI,EFZ,190,94,96,57,28,29,133,66,67
Krankenpflege,Krankenpflege,TI,EBA,0,0,0,0,0,0,0,0,0
Krankenpflege,Krankenpflege,TI,nReglementiert,0,0,0,0,0,0,0,0,0
Krankenpflege,Krankenpflege,VD,abt-total,214,92,122,36,15,21,178,77,101
Krankenpflege,Krankenpflege,VD,EFZ,214,92,122,36,15,21,178,77,101
Krankenpflege,Krankenpflege,VD,EBA,0,0,0,0,0,0,0,0,0
Krankenpflege,Krankenpflege,VD,nReglementiert,0,0,0,0,0,0,0,0,0
Krankenpflege,Krankenpflege,VS,abt-total,126,28,98,15,6,9,111,22,89
Krankenpflege,Krankenpflege,VS,EFZ,126,28,98,15,6,9,111,22,89
Krankenpflege,Krankenpflege,VS,EBA,0,0,0,0,0,0,0,0,0
Krankenpflege,Krankenpflege,VS,nReglementiert,0,0,0,0,0,0,0,0,0
Krankenpflege,Krankenpflege,NE,abt-total,76,28,48,10,2,8,66,26,40
Krankenpflege,Krankenpflege,NE,EFZ,76,28,48,10,2,8,66,26,40
Krankenpflege,Krankenpflege,NE,EBA,0,0,0,0,0,0,0,0,0
Krankenpflege,Krankenpflege,NE,nReglementiert,0,0,0,0,0,0,0,0,0
Krankenpflege,Krankenpflege,GE,abt-total,51,25,26,10,7,3,41,18,23
Krankenpflege,Krankenpflege,GE,EFZ,51,25,26,10,7,3,41,18,23
Krankenpflege,Krankenpflege,GE,EBA,0,0,0,0,0,0,0,0,0
Krankenpflege,Krankenpflege,GE,nReglementiert,0,0,0,0,0,0,0,0,0
Krankenpflege,Krankenpflege,JU,abt-total,55,23,32,4,2,2,51,21,30
Krankenpflege,Krankenpflege,JU,EFZ,55,23,32,4,2,2,51,21,30
Krankenpflege,Krankenpflege,JU,EBA,0,0,0,0,0,0,0,0,0
Krankenpflege,Krankenpflege,JU,nReglementiert,0,0,0,0,0,0,0,0,0
Zahn,Zahnmedizin,,abt-total,1035,0,1035,46,0,46,989,0,989
Zahn,Zahnmedizin,,EFZ,1035,0,1035,46,0,46,989,0,989
Zahn,Zahnmedizin,,EBA,0,0,0,0,0,0,0,0,0
Zahn,Zahnmedizin,,nReglementiert,0,0,0,0,0,0,0,0,0
Zahn,Zahnmedizin,ZH,abt-total,219,0,219,12,0,12,207,0,207
Zahn,Zahnmedizin,ZH,EFZ,219,0,219,12,0,12,207,0,207
Zahn,Zahnmedizin,ZH,EBA,0,0,0,0,0,0,0,0,0
Zahn,Zahnmedizin,ZH,nReglementiert,0,0,0,0,0,0,0,0,0
Zahn,Zahnmedizin,BE,abt-total,129,0,129,11,0,11,118,0,118
Zahn,Zahnmedizin,BE,EFZ,129,0,129,11,0,11,118,0,118
Zahn,Zahnmedizin,BE,EBA,0,0,0,0,0,0,0,0,0
Zahn,Zahnmedizin,BE,nReglementiert,0,0,0,0,0,0,0,0,0
Zahn,Zahnmedizin,LU,abt-total,48,0,48,2,0,2,46,0,46
Zahn,Zahnmedizin,LU,EFZ,48,0,48,2,0,2,46,0,46
Zahn,Zahnmedizin,LU,EBA,0,0,0,0,0,0,0,0,0
Zahn,Zahnmedizin,LU,nReglementiert,0,0,0,0,0,0,0,0,0
Zahn,Zahnmedizin,UR,abt-total,5,0,5,0,0,0,5,0,5
Zahn,Zahnmedizin,UR,EFZ,5,0,5,0,0,0,5,0,5
Zahn,Zahnmedizin,UR,EBA,0,0,0,0,0,0,0,0,0
Zahn,Zahnmedizin,UR,nReglementiert,0,0,0,0,0,0,0,0,0
Zahn,Zahnmedizin,SZ,abt-total,19,0,19,0,0,0,19,0,19
Zahn,Zahnmedizin,SZ,EFZ,19,0,19,0,0,0,19,0,19
Zahn,Zahnmedizin,SZ,EBA,0,0,0,0,0,0,0,0,0
Zahn,Zahnmedizin,SZ,nReglementiert,0,0,0,0,0,0,0,0,0
Zahn,Zahnmedizin,OW,abt-total,4,0,4,1,0,1,3,0,3
Zahn,Zahnmedizin,OW,EFZ,4,0,4,1,0,1,3,0,3
Zahn,Zahnmedizin,OW,EBA,0,0,0,0,0,0,0,0,0
Zahn,Zahnmedizin,OW,nReglementiert,0,0,0,0,0,0,0,0,0
Zahn,Zahnmedizin,NW,abt-total,7,0,7,0,0,0,7,0,7
Zahn,Zahnmedizin,NW,EFZ,7,0,7,0,0,0,7,0,7
Zahn,Zahnmedizin,NW,EBA,0,0,0,0,0,0,0,0,0
Zahn,Zahnmedizin,NW,nReglementiert,0,0,0,0,0,0,0,0,0
Zahn,Zahnmedizin,GL,abt-total,6,0,6,0,0,0,6,0,6
Zahn,Zahnmedizin,GL,EFZ,6,0,6,0,0,0,6,0,6
Zahn,Zahnmedizin,GL,EBA,0,0,0,0,0,0,0,0,0
Zahn,Zahnmedizin,GL,nReglementiert,0,0,0,0,0,0,0,0,0
Zahn,Zahnmedizin,ZG,abt-total,21,0,21,1,0,1,20,0,20
Zahn,Zahnmedizin,ZG,EFZ,21,0,21,1,0,1,20,0,20
Zahn,Zahnmedizin,ZG,EBA,0,0,0,0,0,0,0,0,0
Zahn,Zahnmedizin,ZG,nReglementiert,0,0,0,0,0,0,0,0,0
Zahn,Zahnmedizin,FR,abt-total,22,0,22,0,0,0,22,0,22
Zahn,Zahnmedizin,FR,EFZ,22,0,22,0,0,0,22,0,22
Zahn,Zahnmedizin,FR,EBA,0,0,0,0,0,0,0,0,0
Zahn,Zahnmedizin,FR,nReglementiert,0,0,0,0,0,0,0,0,0
Zahn,Zahnmedizin,SO,abt-total,21,0,21,0,0,0,21,0,21
Zahn,Zahnmedizin,SO,EFZ,21,0,21,0,0,0,21,0,21
Zahn,Zahnmedizin,SO,EBA,0,0,0,0,0,0,0,0,0
Zahn,Zahnmedizin,SO,nReglementiert,0,0,0,0,0,0,0,0,0
Zahn,Zahnmedizin,BS,abt-total,42,0,42,4,0,4,38,0,38
Zahn,Zahnmedizin,BS,EFZ,42,0,42,4,0,4,38,0,38
Zahn,Zahnmedizin,BS,EBA,0,0,0,0,0,0,0,0,0
Zahn,Zahnmedizin,BS,nReglementiert,0,0,0,0,0,0,0,0,0
Zahn,Zahnmedizin,BL,abt-total,32,0,32,2,0,2,30,0,30
Zahn,Zahnmedizin,BL,EFZ,32,0,32,2,0,2,30,0,30
Zahn,Zahnmedizin,BL,EBA,0,0,0,0,0,0,0,0,0
Zahn,Zahnmedizin,Bl,nReglementiert,0,0,0,0,0,0,0,0,0
Zahn,Zahnmedizin,SH,abt-total,13,0,13,0,0,0,13,0,13
Zahn,Zahnmedizin,SH,EFZ,13,0,13,0,0,0,13,0,13
Zahn,Zahnmedizin,SH,EBA,0,0,0,0,0,0,0,0,0
Zahn,Zahnmedizin,SH,nReglementiert,0,0,0,0,0,0,0,0,0
Zahn,Zahnmedizin,AR,abt-total,15,0,15,0,0,0,15,0,15
Zahn,Zahnmedizin,AR,EFZ,15,0,15,0,0,0,15,0,15
Zahn,Zahnmedizin,AR,EBA,0,0,0,0,0,0,0,0,0
Zahn,Zahnmedizin,AR,nReglementiert,0,0,0,0,0,0,0,0,0
Zahn,Zahnmedizin,AI,abt-total,1,0,1,0,0,0,1,0,1
Zahn,Zahnmedizin,AI,EFZ,1,0,1,0,0,0,1,0,1
Zahn,Zahnmedizin,AI,EBA,0,0,0,0,0,0,0,0,0
Zahn,Zahnmedizin,AI,nReglementiert,0,0,0,0,0,0,0,0,0
Zahn,Zahnmedizin,SG,abt-total,83,0,83,1,0,1,82,0,82
Zahn,Zahnmedizin,SG,EFZ,83,0,83,1,0,1,82,0,82
Zahn,Zahnmedizin,SG,EBA,0,0,0,0,0,0,0,0,0
Zahn,Zahnmedizin,SG,nReglementiert,0,0,0,0,0,0,0,0,0
Zahn,Zahnmedizin,GR,abt-total,25,0,25,0,0,0,25,0,25
Zahn,Zahnmedizin,GR,EFZ,25,0,25,0,0,0,25,0,25
Zahn,Zahnmedizin,GR,EBA,0,0,0,0,0,0,0,0,0
Zahn,Zahnmedizin,GR,nReglementiert,0,0,0,0,0,0,0,0,0
Zahn,Zahnmedizin,AG,abt-total,69,0,69,1,0,1,68,0,68
Zahn,Zahnmedizin,AG,EFZ,69,0,69,1,0,1,68,0,68
Zahn,Zahnmedizin,AG,EBA,0,0,0,0,0,0,0,0,0
Zahn,Zahnmedizin,AG,nReglementiert,0,0,0,0,0,0,0,0,0
Zahn,Zahnmedizin,TG,abt-total,31,0,31,1,0,1,30,0,30
Zahn,Zahnmedizin,TG,EFZ,31,0,31,1,0,1,30,0,30
Zahn,Zahnmedizin,TG,EBA,0,0,0,0,0,0,0,0,0
Zahn,Zahnmedizin,TG,nReglementiert,0,0,0,0,0,0,0,0,0
Zahn,Zahnmedizin,TI,abt-total,26,0,26,1,0,1,25,0,25
Zahn,Zahnmedizin,TI,EFZ,26,0,26,1,0,1,25,0,25
Zahn,Zahnmedizin,TI,EBA,0,0,0,0,0,0,0,0,0
Zahn,Zahnmedizin,TI,nReglementiert,0,0,0,0,0,0,0,0,0
Zahn,Zahnmedizin,VD,abt-total,72,0,72,2,0,2,70,0,70
Zahn,Zahnmedizin,VD,EFZ,72,0,72,2,0,2,70,0,70
Zahn,Zahnmedizin,VD,EBA,0,0,0,0,0,0,0,0,0
Zahn,Zahnmedizin,VD,nReglementiert,0,0,0,0,0,0,0,0,0
Zahn,Zahnmedizin,VS,abt-total,43,0,43,2,0,2,41,0,41
Zahn,Zahnmedizin,VS,EFZ,43,0,43,2,0,2,41,0,41
Zahn,Zahnmedizin,VS,EBA,0,0,0,0,0,0,0,0,0
Zahn,Zahnmedizin,VS,nReglementiert,0,0,0,0,0,0,0,0,0
Zahn,Zahnmedizin,NE,abt-total,28,0,28,2,0,2,26,0,26
Zahn,Zahnmedizin,NE,EFZ,28,0,28,2,0,2,26,0,26
Zahn,Zahnmedizin,NE,EBA,0,0,0,0,0,0,0,0,0
Zahn,Zahnmedizin,NE,nReglementiert,0,0,0,0,0,0,0,0,0
Zahn,Zahnmedizin,GE,abt-total,48,0,48,3,0,3,45,0,45
Zahn,Zahnmedizin,GE,EFZ,48,0,48,3,0,3,45,0,45
Zahn,Zahnmedizin,GE,EBA,0,0,0,0,0,0,0,0,0
Zahn,Zahnmedizin,GE,nReglementiert,0,0,0,0,0,0,0,0,0
Zahn,Zahnmedizin,JU,abt-total,6,0,6,0,0,0,6,0,6
Zahn,Zahnmedizin,JU,EFZ,6,0,6,0,0,0,6,0,6
Zahn,Zahnmedizin,JU,EBA,0,0,0,0,0,0,0,0,0
Zahn,Zahnmedizin,JU,nReglementiert,0,0,0,0,0,0,0,0,0
Sozialarbeit,Sozialarbeit und Beratung,,abt-total,3061,289,2772,502,35,467,2559,254,2305
Sozialarbeit,Sozialarbeit und Beratung,,EFZ,3061,289,2772,502,35,467,2559,254,2305
Sozialarbeit,Sozialarbeit und Beratung,,EBA,0,0,0,0,0,0,0,0,0
Sozialarbeit,Sozialarbeit und Beratung,,nReglementiert,0,0,0,0,0,0,0,0,0
Sozialarbeit,Sozialarbeit und Beratung,ZH,abt-total,799,0,799,102,0,102,697,0,697
Sozialarbeit,Sozialarbeit und Beratung,ZH,EFZ,799,0,799,102,0,102,697,0,697
Sozialarbeit,Sozialarbeit und Beratung,ZH,EBA,0,0,0,0,0,0,0,0,0
Sozialarbeit,Sozialarbeit und Beratung,ZH,nReglementiert,0,0,0,0,0,0,0,0,0
Sozialarbeit,Sozialarbeit und Beratung,BE,abt-total,324,16,308,48,0,48,276,16,260
Sozialarbeit,Sozialarbeit und Beratung,BE,EFZ,324,16,308,48,0,48,276,16,260
Sozialarbeit,Sozialarbeit und Beratung,BE,EBA,0,0,0,0,0,0,0,0,0
Sozialarbeit,Sozialarbeit und Beratung,BE,nReglementiert,0,0,0,0,0,0,0,0,0
Sozialarbeit,Sozialarbeit und Beratung,LU,abt-total,99,0,99,13,0,13,86,0,86
Sozialarbeit,Sozialarbeit und Beratung,LU,EFZ,99,0,99,13,0,13,86,0,86
Sozialarbeit,Sozialarbeit und Beratung,LU,EBA,0,0,0,0,0,0,0,0,0
Sozialarbeit,Sozialarbeit und Beratung,LU,nReglementiert,0,0,0,0,0,0,0,0,0
Sozialarbeit,Sozialarbeit und Beratung,UR,abt-total,9,0,9,1,0,1,8,0,8
Sozialarbeit,Sozialarbeit und Beratung,UR,EFZ,9,0,9,1,0,1,8,0,8
Sozialarbeit,Sozialarbeit und Beratung,UR,EBA,0,0,0,0,0,0,0,0,0
Sozialarbeit,Sozialarbeit und Beratung,UR,nReglementiert,0,0,0,0,0,0,0,0,0
Sozialarbeit,Sozialarbeit und Beratung,SZ,abt-total,25,0,25,3,0,3,22,0,22
Sozialarbeit,Sozialarbeit und Beratung,SZ,EFZ,25,0,25,3,0,3,22,0,22
Sozialarbeit,Sozialarbeit und Beratung,SZ,EBA,0,0,0,0,0,0,0,0,0
Sozialarbeit,Sozialarbeit und Beratung,SZ,nReglementiert,0,0,0,0,0,0,0,0,0
Sozialarbeit,Sozialarbeit und Beratung,OW,abt-total,4,0,4,0,0,0,4,0,4
Sozialarbeit,Sozialarbeit und Beratung,OW,EFZ,4,0,4,0,0,0,4,0,4
Sozialarbeit,Sozialarbeit und Beratung,OW,EBA,0,0,0,0,0,0,0,0,0
Sozialarbeit,Sozialarbeit und Beratung,OW,nReglementiert,0,0,0,0,0,0,0,0,0
Sozialarbeit,Sozialarbeit und Beratung,NW,abt-total,9,0,9,2,0,2,7,0,7
Sozialarbeit,Sozialarbeit und Beratung,NW,EFZ,9,0,9,2,0,2,7,0,7
Sozialarbeit,Sozialarbeit und Beratung,NW,EBA,0,0,0,0,0,0,0,0,0
Sozialarbeit,Sozialarbeit und Beratung,NW,nReglementiert,0,0,0,0,0,0,0,0,0
Sozialarbeit,Sozialarbeit und Beratung,GL,abt-total,11,0,11,1,0,1,10,0,10
Sozialarbeit,Sozialarbeit und Beratung,GL,EFZ,11,0,11,1,0,1,10,0,10
Sozialarbeit,Sozialarbeit und Beratung,GL,EBA,0,0,0,0,0,0,0,0,0
Sozialarbeit,Sozialarbeit und Beratung,GL,nReglementiert,0,0,0,0,0,0,0,0,0
Sozialarbeit,Sozialarbeit und Beratung,ZG,abt-total,50,0,50,5,0,5,45,0,45
Sozialarbeit,Sozialarbeit und Beratung,ZG,EFZ,50,0,50,5,0,5,45,0,45
Sozialarbeit,Sozialarbeit und Beratung,ZG,EBA,0,0,0,0,0,0,0,0,0
Sozialarbeit,Sozialarbeit und Beratung,ZG,nReglementiert,0,0,0,0,0,0,0,0,0
Sozialarbeit,Sozialarbeit und Beratung,FR,abt-total,72,0,72,9,0,9,63,0,63
Sozialarbeit,Sozialarbeit und Beratung,FR,EFZ,72,0,72,9,0,9,63,0,63
Sozialarbeit,Sozialarbeit und Beratung,FR,EBA,0,0,0,0,0,0,0,0,0
Sozialarbeit,Sozialarbeit und Beratung,FR,nReglementiert,0,0,0,0,0,0,0,0,0
Sozialarbeit,Sozialarbeit und Beratung,SO,abt-total,50,0,50,13,0,13,37,0,37
Sozialarbeit,Sozialarbeit und Beratung,SO,EFZ,50,0,50,13,0,13,37,0,37
Sozialarbeit,Sozialarbeit und Beratung,SO,EBA,0,0,0,0,0,0,0,0,0
Sozialarbeit,Sozialarbeit und Beratung,SO,nReglementiert,0,0,0,0,0,0,0,0,0
Sozialarbeit,Sozialarbeit und Beratung,BS,abt-total,137,0,137,31,0,31,106,0,106
Sozialarbeit,Sozialarbeit und Beratung,BS,EFZ,137,0,137,31,0,31,106,0,106
Sozialarbeit,Sozialarbeit und Beratung,BS,EBA,0,0,0,0,0,0,0,0,0
Sozialarbeit,Sozialarbeit und Beratung,BS,nReglementiert,0,0,0,0,0,0,0,0,0
Sozialarbeit,Sozialarbeit und Beratung,BL,abt-total,77,0,77,20,0,20,57,0,57
Sozialarbeit,Sozialarbeit und Beratung,BL,EFZ,77,0,77,20,0,20,57,0,57
Sozialarbeit,Sozialarbeit und Beratung,BL,EBA,0,0,0,0,0,0,0,0,0
Sozialarbeit,Sozialarbeit und Beratung,Bl,nReglementiert,0,0,0,0,0,0,0,0,0
Sozialarbeit,Sozialarbeit und Beratung,SH,abt-total,29,0,29,6,0,6,23,0,23
Sozialarbeit,Sozialarbeit und Beratung,SH,EFZ,29,0,29,6,0,6,23,0,23
Sozialarbeit,Sozialarbeit und Beratung,SH,EBA,0,0,0,0,0,0,0,0,0
Sozialarbeit,Sozialarbeit und Beratung,SH,nReglementiert,0,0,0,0,0,0,0,0,0
Sozialarbeit,Sozialarbeit und Beratung,AR,abt-total,33,0,33,5,0,5,28,0,28
Sozialarbeit,Sozialarbeit und Beratung,AR,EFZ,33,0,33,5,0,5,28,0,28
Sozialarbeit,Sozialarbeit und Beratung,AR,EBA,0,0,0,0,0,0,0,0,0
Sozialarbeit,Sozialarbeit und Beratung,AR,nReglementiert,0,0,0,0,0,0,0,0,0
Sozialarbeit,Sozialarbeit und Beratung,AI,abt-total,3,0,3,0,0,0,3,0,3
Sozialarbeit,Sozialarbeit und Beratung,AI,EFZ,3,0,3,0,0,0,3,0,3
Sozialarbeit,Sozialarbeit und Beratung,AI,EBA,0,0,0,0,0,0,0,0,0
Sozialarbeit,Sozialarbeit und Beratung,AI,nReglementiert,0,0,0,0,0,0,0,0,0
Sozialarbeit,Sozialarbeit und Beratung,SG,abt-total,173,0,173,24,0,24,149,0,149
Sozialarbeit,Sozialarbeit und Beratung,SG,EFZ,173,0,173,24,0,24,149,0,149
Sozialarbeit,Sozialarbeit und Beratung,SG,EBA,0,0,0,0,0,0,0,0,0
Sozialarbeit,Sozialarbeit und Beratung,SG,nReglementiert,0,0,0,0,0,0,0,0,0
Sozialarbeit,Sozialarbeit und Beratung,GR,abt-total,38,0,38,5,0,5,33,0,33
Sozialarbeit,Sozialarbeit und Beratung,GR,EFZ,38,0,38,5,0,5,33,0,33
Sozialarbeit,Sozialarbeit und Beratung,GR,EBA,0,0,0,0,0,0,0,0,0
Sozialarbeit,Sozialarbeit und Beratung,GR,nReglementiert,0,0,0,0,0,0,0,0,0
Sozialarbeit,Sozialarbeit und Beratung,AG,abt-total,188,0,188,13,0,13,175,0,175
Sozialarbeit,Sozialarbeit und Beratung,AG,EFZ,188,0,188,13,0,13,175,0,175
Sozialarbeit,Sozialarbeit und Beratung,AG,EBA,0,0,0,0,0,0,0,0,0
Sozialarbeit,Sozialarbeit und Beratung,AG,nReglementiert,0,0,0,0,0,0,0,0,0
Sozialarbeit,Sozialarbeit und Beratung,TG,abt-total,71,0,71,8,0,8,63,0,63
Sozialarbeit,Sozialarbeit und Beratung,TG,EFZ,71,0,71,8,0,8,63,0,63
Sozialarbeit,Sozialarbeit und Beratung,TG,EBA,0,0,0,0,0,0,0,0,0
Sozialarbeit,Sozialarbeit und Beratung,TG,nReglementiert,0,0,0,0,0,0,0,0,0
Sozialarbeit,Sozialarbeit und Beratung,TI,abt-total,114,73,41,20,5,15,94,68,26
Sozialarbeit,Sozialarbeit und Beratung,TI,EFZ,114,73,41,20,5,15,94,68,26
Sozialarbeit,Sozialarbeit und Beratung,TI,EBA,0,0,0,0,0,0,0,0,0
Sozialarbeit,Sozialarbeit und Beratung,TI,nReglementiert,0,0,0,0,0,0,0,0,0
Sozialarbeit,Sozialarbeit und Beratung,VD,abt-total,346,78,268,86,10,76,260,68,192
Sozialarbeit,Sozialarbeit und Beratung,VD,EFZ,346,78,268,86,10,76,260,68,192
Sozialarbeit,Sozialarbeit und Beratung,VD,EBA,0,0,0,0,0,0,0,0,0
Sozialarbeit,Sozialarbeit und Beratung,VD,nReglementiert,0,0,0,0,0,0,0,0,0
Sozialarbeit,Sozialarbeit und Beratung,VS,abt-total,101,37,64,14,5,9,87,32,55
Sozialarbeit,Sozialarbeit und Beratung,VS,EFZ,101,37,64,14,5,9,87,32,55
Sozialarbeit,Sozialarbeit und Beratung,VS,EBA,0,0,0,0,0,0,0,0,0
Sozialarbeit,Sozialarbeit und Beratung,VS,nReglementiert,0,0,0,0,0,0,0,0,0
Sozialarbeit,Sozialarbeit und Beratung,NE,abt-total,152,38,114,32,8,24,120,30,90
Sozialarbeit,Sozialarbeit und Beratung,NE,EFZ,152,38,114,32,8,24,120,30,90
Sozialarbeit,Sozialarbeit und Beratung,NE,EBA,0,0,0,0,0,0,0,0,0
Sozialarbeit,Sozialarbeit und Beratung,NE,nReglementiert,0,0,0,0,0,0,0,0,0
Sozialarbeit,Sozialarbeit und Beratung,GE,abt-total,116,21,95,38,4,34,78,17,61
Sozialarbeit,Sozialarbeit und Beratung,GE,EFZ,116,21,95,38,4,34,78,17,61
Sozialarbeit,Sozialarbeit und Beratung,GE,EBA,0,0,0,0,0,0,0,0,0
Sozialarbeit,Sozialarbeit und Beratung,GE,nReglementiert,0,0,0,0,0,0,0,0,0
Sozialarbeit,Sozialarbeit und Beratung,JU,abt-total,31,26,5,3,3,0,28,23,5
Sozialarbeit,Sozialarbeit und Beratung,JU,EFZ,31,26,5,3,3,0,28,23,5
Sozialarbeit,Sozialarbeit und Beratung,JU,EBA,0,0,0,0,0,0,0,0,0
Sozialarbeit,Sozialarbeit und Beratung,JU,nReglementiert,0,0,0,0,0,0,0,0,0
Gesundheitswesen,Gesundheits- und Sozialwesen o.n.A.,,abt-total,880,0,880,135,0,135,745,0,745
Gesundheitswesen,Gesundheits- und Sozialwesen o.n.A.,,EFZ,0,0,0,0,0,0,0,0,0
Gesundheitswesen,Gesundheits- und Sozialwesen o.n.A.,,EBA,880,0,880,135,0,135,745,0,745
Gesundheitswesen,Gesundheits- und Sozialwesen o.n.A.,,nReglementiert,0,0,0,0,0,0,0,0,0
Gesundheitswesen,Gesundheits- und Sozialwesen o.n.A.,ZH,abt-total,158,0,158,24,0,24,134,0,134
Gesundheitswesen,Gesundheits- und Sozialwesen o.n.A.,ZH,EFZ,0,0,0,0,0,0,0,0,0
Gesundheitswesen,Gesundheits- und Sozialwesen o.n.A.,ZH,EBA,158,0,158,24,0,24,134,0,134
Gesundheitswesen,Gesundheits- und Sozialwesen o.n.A.,ZH,nReglementiert,0,0,0,0,0,0,0,0,0
Gesundheitswesen,Gesundheits- und Sozialwesen o.n.A.,BE,abt-total,117,0,117,14,0,14,103,0,103
Gesundheitswesen,Gesundheits- und Sozialwesen o.n.A.,BE,EFZ,0,0,0,0,0,0,0,0,0
Gesundheitswesen,Gesundheits- und Sozialwesen o.n.A.,BE,EBA,117,0,117,14,0,14,103,0,103
Gesundheitswesen,Gesundheits- und Sozialwesen o.n.A.,BE,nReglementiert,0,0,0,0,0,0,0,0,0
Gesundheitswesen,Gesundheits- und Sozialwesen o.n.A.,LU,abt-total,48,0,48,8,0,8,40,0,40
Gesundheitswesen,Gesundheits- und Sozialwesen o.n.A.,LU,EFZ,0,0,0,0,0,0,0,0,0
Gesundheitswesen,Gesundheits- und Sozialwesen o.n.A.,LU,EBA,48,0,48,8,0,8,40,0,40
Gesundheitswesen,Gesundheits- und Sozialwesen o.n.A.,LU,nReglementiert,0,0,0,0,0,0,0,0,0
Gesundheitswesen,Gesundheits- und Sozialwesen o.n.A.,UR,abt-total,1,0,1,1,0,1,0,0,0
Gesundheitswesen,Gesundheits- und Sozialwesen o.n.A.,UR,EFZ,0,0,0,0,0,0,0,0,0
Gesundheitswesen,Gesundheits- und Sozialwesen o.n.A.,UR,EBA,1,0,1,1,0,1,0,0,0
Gesundheitswesen,Gesundheits- und Sozialwesen o.n.A.,UR,nReglementiert,0,0,0,0,0,0,0,0,0
Gesundheitswesen,Gesundheits- und Sozialwesen o.n.A.,SZ,abt-total,15,0,15,0,0,0,15,0,15
Gesundheitswesen,Gesundheits- und Sozialwesen o.n.A.,SZ,EFZ,0,0,0,0,0,0,0,0,0
Gesundheitswesen,Gesundheits- und Sozialwesen o.n.A.,SZ,EBA,15,0,15,0,0,0,15,0,15
Gesundheitswesen,Gesundheits- und Sozialwesen o.n.A.,SZ,nReglementiert,0,0,0,0,0,0,0,0,0
Gesundheitswesen,Gesundheits- und Sozialwesen o.n.A.,OW,abt-total,2,0,2,0,0,0,2,0,2
Gesundheitswesen,Gesundheits- und Sozialwesen o.n.A.,OW,EFZ,0,0,0,0,0,0,0,0,0
Gesundheitswesen,Gesundheits- und Sozialwesen o.n.A.,OW,EBA,2,0,2,0,0,0,2,0,2
Gesundheitswesen,Gesundheits- und Sozialwesen o.n.A.,OW,nReglementiert,0,0,0,0,0,0,0,0,0
Gesundheitswesen,Gesundheits- und Sozialwesen o.n.A.,NW,abt-total,4,0,4,0,0,0,4,0,4
Gesundheitswesen,Gesundheits- und Sozialwesen o.n.A.,NW,EFZ,0,0,0,0,0,0,0,0,0
Gesundheitswesen,Gesundheits- und Sozialwesen o.n.A.,NW,EBA,4,0,4,0,0,0,4,0,4
Gesundheitswesen,Gesundheits- und Sozialwesen o.n.A.,NW,nReglementiert,0,0,0,0,0,0,0,0,0
Gesundheitswesen,Gesundheits- und Sozialwesen o.n.A.,GL,abt-total,11,0,11,0,0,0,11,0,11
Gesundheitswesen,Gesundheits- und Sozialwesen o.n.A.,GL,EFZ,0,0,0,0,0,0,0,0,0
Gesundheitswesen,Gesundheits- und Sozialwesen o.n.A.,GL,EBA,11,0,11,0,0,0,11,0,11
Gesundheitswesen,Gesundheits- und Sozialwesen o.n.A.,GL,nReglementiert,0,0,0,0,0,0,0,0,0
Gesundheitswesen,Gesundheits- und Sozialwesen o.n.A.,ZG,abt-total,7,0,7,3,0,3,4,0,4
Gesundheitswesen,Gesundheits- und Sozialwesen o.n.A.,ZG,EFZ,0,0,0,0,0,0,0,0,0
Gesundheitswesen,Gesundheits- und Sozialwesen o.n.A.,ZG,EBA,7,0,7,3,0,3,4,0,4
Gesundheitswesen,Gesundheits- und Sozialwesen o.n.A.,ZG,nReglementiert,0,0,0,0,0,0,0,0,0
Gesundheitswesen,Gesundheits- und Sozialwesen o.n.A.,FR,abt-total,24,0,24,2,0,2,22,0,22
Gesundheitswesen,Gesundheits- und Sozialwesen o.n.A.,FR,EFZ,0,0,0,0,0,0,0,0,0
Gesundheitswesen,Gesundheits- und Sozialwesen o.n.A.,FR,EBA,24,0,24,2,0,2,22,0,22
Gesundheitswesen,Gesundheits- und Sozialwesen o.n.A.,FR,nReglementiert,0,0,0,0,0,0,0,0,0
Gesundheitswesen,Gesundheits- und Sozialwesen o.n.A.,SO,abt-total,40,0,40,4,0,4,36,0,36
Gesundheitswesen,Gesundheits- und Sozialwesen o.n.A.,SO,EFZ,0,0,0,0,0,0,0,0,0
Gesundheitswesen,Gesundheits- und Sozialwesen o.n.A.,SO,EBA,40,0,40,4,0,4,36,0,36
Gesundheitswesen,Gesundheits- und Sozialwesen o.n.A.,SO,nReglementiert,0,0,0,0,0,0,0,0,0
Gesundheitswesen,Gesundheits- und Sozialwesen o.n.A.,BS,abt-total,53,0,53,10,0,10,43,0,43
Gesundheitswesen,Gesundheits- und Sozialwesen o.n.A.,BS,EFZ,0,0,0,0,0,0,0,0,0
Gesundheitswesen,Gesundheits- und Sozialwesen o.n.A.,BS,EBA,53,0,53,10,0,10,43,0,43
Gesundheitswesen,Gesundheits- und Sozialwesen o.n.A.,BS,nReglementiert,0,0,0,0,0,0,0,0,0
Gesundheitswesen,Gesundheits- und Sozialwesen o.n.A.,BL,abt-total,40,0,40,5,0,5,35,0,35
Gesundheitswesen,Gesundheits- und Sozialwesen o.n.A.,BL,EFZ,0,0,0,0,0,0,0,0,0
Gesundheitswesen,Gesundheits- und Sozialwesen o.n.A.,BL,EBA,40,0,40,5,0,5,35,0,35
Gesundheitswesen,Gesundheits- und Sozialwesen o.n.A.,Bl,nReglementiert,0,0,0,0,0,0,0,0,0
Gesundheitswesen,Gesundheits- und Sozialwesen o.n.A.,SH,abt-total,9,0,9,1,0,1,8,0,8
Gesundheitswesen,Gesundheits- und Sozialwesen o.n.A.,SH,EFZ,0,0,0,0,0,0,0,0,0
Gesundheitswesen,Gesundheits- und Sozialwesen o.n.A.,SH,EBA,9,0,9,1,0,1,8,0,8
Gesundheitswesen,Gesundheits- und Sozialwesen o.n.A.,SH,nReglementiert,0,0,0,0,0,0,0,0,0
Gesundheitswesen,Gesundheits- und Sozialwesen o.n.A.,AR,abt-total,14,0,14,3,0,3,11,0,11
Gesundheitswesen,Gesundheits- und Sozialwesen o.n.A.,AR,EFZ,0,0,0,0,0,0,0,0,0
Gesundheitswesen,Gesundheits- und Sozialwesen o.n.A.,AR,EBA,14,0,14,3,0,3,11,0,11
Gesundheitswesen,Gesundheits- und Sozialwesen o.n.A.,AR,nReglementiert,0,0,0,0,0,0,0,0,0
Gesundheitswesen,Gesundheits- und Sozialwesen o.n.A.,AI,abt-total,1,0,1,0,0,0,1,0,1
Gesundheitswesen,Gesundheits- und Sozialwesen o.n.A.,AI,EFZ,0,0,0,0,0,0,0,0,0
Gesundheitswesen,Gesundheits- und Sozialwesen o.n.A.,AI,EBA,1,0,1,0,0,0,1,0,1
Gesundheitswesen,Gesundheits- und Sozialwesen o.n.A.,AI,nReglementiert,0,0,0,0,0,0,0,0,0
Gesundheitswesen,Gesundheits- und Sozialwesen o.n.A.,SG,abt-total,33,0,33,4,0,4,29,0,29
Gesundheitswesen,Gesundheits- und Sozialwesen o.n.A.,SG,EFZ,0,0,0,0,0,0,0,0,0
Gesundheitswesen,Gesundheits- und Sozialwesen o.n.A.,SG,EBA,33,0,33,4,0,4,29,0,29
Gesundheitswesen,Gesundheits- und Sozialwesen o.n.A.,SG,nReglementiert,0,0,0,0,0,0,0,0,0
Gesundheitswesen,Gesundheits- und Sozialwesen o.n.A.,GR,abt-total,18,0,18,0,0,0,18,0,18
Gesundheitswesen,Gesundheits- und Sozialwesen o.n.A.,GR,EFZ,0,0,0,0,0,0,0,0,0
Gesundheitswesen,Gesundheits- und Sozialwesen o.n.A.,GR,EBA,18,0,18,0,0,0,18,0,18
Gesundheitswesen,Gesundheits- und Sozialwesen o.n.A.,GR,nReglementiert,0,0,0,0,0,0,0,0,0
Gesundheitswesen,Gesundheits- und Sozialwesen o.n.A.,AG,abt-total,97,0,97,12,0,12,85,0,85
Gesundheitswesen,Gesundheits- und Sozialwesen o.n.A.,AG,EFZ,0,0,0,0,0,0,0,0,0
Gesundheitswesen,Gesundheits- und Sozialwesen o.n.A.,AG,EBA,97,0,97,12,0,12,85,0,85
Gesundheitswesen,Gesundheits- und Sozialwesen o.n.A.,AG,nReglementiert,0,0,0,0,0,0,0,0,0
Gesundheitswesen,Gesundheits- und Sozialwesen o.n.A.,TG,abt-total,31,0,31,4,0,4,27,0,27
Gesundheitswesen,Gesundheits- und Sozialwesen o.n.A.,TG,EFZ,0,0,0,0,0,0,0,0,0
Gesundheitswesen,Gesundheits- und Sozialwesen o.n.A.,TG,EBA,31,0,31,4,0,4,27,0,27
Gesundheitswesen,Gesundheits- und Sozialwesen o.n.A.,TG,nReglementiert,0,0,0,0,0,0,0,0,0
Gesundheitswesen,Gesundheits- und Sozialwesen o.n.A.,TI,abt-total,81,0,81,24,0,24,57,0,57
Gesundheitswesen,Gesundheits- und Sozialwesen o.n.A.,TI,EFZ,0,0,0,0,0,0,0,0,0
Gesundheitswesen,Gesundheits- und Sozialwesen o.n.A.,TI,EBA,81,0,81,24,0,24,57,0,57
Gesundheitswesen,Gesundheits- und Sozialwesen o.n.A.,TI,nReglementiert,0,0,0,0,0,0,0,0,0
Gesundheitswesen,Gesundheits- und Sozialwesen o.n.A.,VD,abt-total,18,0,18,3,0,3,15,0,15
Gesundheitswesen,Gesundheits- und Sozialwesen o.n.A.,VD,EFZ,0,0,0,0,0,0,0,0,0
Gesundheitswesen,Gesundheits- und Sozialwesen o.n.A.,VD,EBA,18,0,18,3,0,3,15,0,15
Gesundheitswesen,Gesundheits- und Sozialwesen o.n.A.,VD,nReglementiert,0,0,0,0,0,0,0,0,0
Gesundheitswesen,Gesundheits- und Sozialwesen o.n.A.,VS,abt-total,15,0,15,4,0,4,11,0,11
Gesundheitswesen,Gesundheits- und Sozialwesen o.n.A.,VS,EFZ,0,0,0,0,0,0,0,0,0
Gesundheitswesen,Gesundheits- und Sozialwesen o.n.A.,VS,EBA,15,0,15,4,0,4,11,0,11
Gesundheitswesen,Gesundheits- und Sozialwesen o.n.A.,VS,nReglementiert,0,0,0,0,0,0,0,0,0
Gesundheitswesen,Gesundheits- und Sozialwesen o.n.A.,NE,abt-total,15,0,15,5,0,5,10,0,10
Gesundheitswesen,Gesundheits- und Sozialwesen o.n.A.,NE,EFZ,0,0,0,0,0,0,0,0,0
Gesundheitswesen,Gesundheits- und Sozialwesen o.n.A.,NE,EBA,15,0,15,5,0,5,10,0,10
Gesundheitswesen,Gesundheits- und Sozialwesen o.n.A.,NE,nReglementiert,0,0,0,0,0,0,0,0,0
Gesundheitswesen,Gesundheits- und Sozialwesen o.n.A.,GE,abt-total,16,0,16,0,0,0,16,0,16
Gesundheitswesen,Gesundheits- und Sozialwesen o.n.A.,GE,EFZ,0,0,0,0,0,0,0,0,0
Gesundheitswesen,Gesundheits- und Sozialwesen o.n.A.,GE,EBA,16,0,16,0,0,0,16,0,16
Gesundheitswesen,Gesundheits- und Sozialwesen o.n.A.,GE,nReglementiert,0,0,0,0,0,0,0,0,0
Gesundheitswesen,Gesundheits- und Sozialwesen o.n.A.,JU,abt-total,12,0,12,4,0,4,8,0,8
Gesundheitswesen,Gesundheits- und Sozialwesen o.n.A.,JU,EFZ,0,0,0,0,0,0,0,0,0
Gesundheitswesen,Gesundheits- und Sozialwesen o.n.A.,JU,EBA,12,0,12,4,0,4,8,0,8
Gesundheitswesen,Gesundheits- und Sozialwesen o.n.A.,JU,nReglementiert,0,0,0,0,0,0,0,0,0
Gastgewerbe,Gastgewerbe und Catering,,abt-total,3300,1,3299,1634,0,1634,1666,1,1665
Gastgewerbe,Gastgewerbe und Catering,,EFZ,2784,0,2784,1354,0,1354,1430,0,1430
Gastgewerbe,Gastgewerbe und Catering,,EBA,516,1,515,280,0,280,236,1,235
Gastgewerbe,Gastgewerbe und Catering,,nReglementiert,0,0,0,0,0,0,0,0,0
Gastgewerbe,Gastgewerbe und Catering,ZH,abt-total,554,0,554,277,0,277,277,0,277
Gastgewerbe,Gastgewerbe und Catering,ZH,EFZ,486,0,486,241,0,241,245,0,245
Gastgewerbe,Gastgewerbe und Catering,ZH,EBA,68,0,68,36,0,36,32,0,32
Gastgewerbe,Gastgewerbe und Catering,ZH,nReglementiert,0,0,0,0,0,0,0,0,0
Gastgewerbe,Gastgewerbe und Catering,BE,abt-total,499,0,499,241,0,241,258,0,258
Gastgewerbe,Gastgewerbe und Catering,BE,EFZ,431,0,431,201,0,201,230,0,230
Gastgewerbe,Gastgewerbe und Catering,BE,EBA,68,0,68,40,0,40,28,0,28
Gastgewerbe,Gastgewerbe und Catering,BE,nReglementiert,0,0,0,0,0,0,0,0,0
Gastgewerbe,Gastgewerbe und Catering,LU,abt-total,178,0,178,77,0,77,101,0,101
Gastgewerbe,Gastgewerbe und Catering,LU,EFZ,150,0,150,68,0,68,82,0,82
Gastgewerbe,Gastgewerbe und Catering,LU,EBA,28,0,28,9,0,9,19,0,19
Gastgewerbe,Gastgewerbe und Catering,LU,nReglementiert,0,0,0,0,0,0,0,0,0
Gastgewerbe,Gastgewerbe und Catering,UR,abt-total,9,0,9,3,0,3,6,0,6
Gastgewerbe,Gastgewerbe und Catering,UR,EFZ,9,0,9,3,0,3,6,0,6
Gastgewerbe,Gastgewerbe und Catering,UR,EBA,0,0,0,0,0,0,0,0,0
Gastgewerbe,Gastgewerbe und Catering,UR,nReglementiert,0,0,0,0,0,0,0,0,0
Gastgewerbe,Gastgewerbe und Catering,SZ,abt-total,64,0,64,25,0,25,39,0,39
Gastgewerbe,Gastgewerbe und Catering,SZ,EFZ,62,0,62,24,0,24,38,0,38
Gastgewerbe,Gastgewerbe und Catering,SZ,EBA,2,0,2,1,0,1,1,0,1
Gastgewerbe,Gastgewerbe und Catering,SZ,nReglementiert,0,0,0,0,0,0,0,0,0
Gastgewerbe,Gastgewerbe und Catering,OW,abt-total,28,0,28,12,0,12,16,0,16
Gastgewerbe,Gastgewerbe und Catering,OW,EFZ,22,0,22,11,0,11,11,0,11
Gastgewerbe,Gastgewerbe und Catering,OW,EBA,6,0,6,1,0,1,5,0,5
Gastgewerbe,Gastgewerbe und Catering,OW,nReglementiert,0,0,0,0,0,0,0,0,0
Gastgewerbe,Gastgewerbe und Catering,NW,abt-total,28,0,28,9,0,9,19,0,19
Gastgewerbe,Gastgewerbe und Catering,NW,EFZ,26,0,26,8,0,8,18,0,18
Gastgewerbe,Gastgewerbe und Catering,NW,EBA,2,0,2,1,0,1,1,0,1
Gastgewerbe,Gastgewerbe und Catering,NW,nReglementiert,0,0,0,0,0,0,0,0,0
Gastgewerbe,Gastgewerbe und Catering,GL,abt-total,21,0,21,14,0,14,7,0,7
Gastgewerbe,Gastgewerbe und Catering,GL,EFZ,18,0,18,11,0,11,7,0,7
Gastgewerbe,Gastgewerbe und Catering,GL,EBA,3,0,3,3,0,3,0,0,0
Gastgewerbe,Gastgewerbe und Catering,GL,nReglementiert,0,0,0,0,0,0,0,0,0
Gastgewerbe,Gastgewerbe und Catering,ZG,abt-total,65,0,65,36,0,36,29,0,29
Gastgewerbe,Gastgewerbe und Catering,ZG,EFZ,54,0,54,30,0,30,24,0,24
Gastgewerbe,Gastgewerbe und Catering,ZG,EBA,11,0,11,6,0,6,5,0,5
Gastgewerbe,Gastgewerbe und Catering,ZG,nReglementiert,0,0,0,0,0,0,0,0,0
Gastgewerbe,Gastgewerbe und Catering,FR,abt-total,122,0,122,61,0,61,61,0,61
Gastgewerbe,Gastgewerbe und Catering,FR,EFZ,102,0,102,55,0,55,47,0,47
Gastgewerbe,Gastgewerbe und Catering,FR,EBA,20,0,20,6,0,6,14,0,14
Gastgewerbe,Gastgewerbe und Catering,FR,nReglementiert,0,0,0,0,0,0,0,0,0
Gastgewerbe,Gastgewerbe und Catering,SO,abt-total,125,0,125,55,0,55,70,0,70
Gastgewerbe,Gastgewerbe und Catering,SO,EFZ,94,0,94,43,0,43,51,0,51
Gastgewerbe,Gastgewerbe und Catering,SO,EBA,31,0,31,12,0,12,19,0,19
Gastgewerbe,Gastgewerbe und Catering,SO,nReglementiert,0,0,0,0,0,0,0,0,0
Gastgewerbe,Gastgewerbe und Catering,BS,abt-total,98,0,98,57,0,57,41,0,41
Gastgewerbe,Gastgewerbe und Catering,BS,EFZ,81,0,81,47,0,47,34,0,34
Gastgewerbe,Gastgewerbe und Catering,BS,EBA,17,0,17,10,0,10,7,0,7
Gastgewerbe,Gastgewerbe und Catering,BS,nReglementiert,0,0,0,0,0,0,0,0,0
Gastgewerbe,Gastgewerbe und Catering,BL,abt-total,97,0,97,61,0,61,36,0,36
Gastgewerbe,Gastgewerbe und Catering,BL,EFZ,75,0,75,44,0,44,31,0,31
Gastgewerbe,Gastgewerbe und Catering,BL,EBA,22,0,22,17,0,17,5,0,5
Gastgewerbe,Gastgewerbe und Catering,Bl,nReglementiert,0,0,0,0,0,0,0,0,0
Gastgewerbe,Gastgewerbe und Catering,SH,abt-total,43,0,43,27,0,27,16,0,16
Gastgewerbe,Gastgewerbe und Catering,SH,EFZ,33,0,33,18,0,18,15,0,15
Gastgewerbe,Gastgewerbe und Catering,SH,EBA,10,0,10,9,0,9,1,0,1
Gastgewerbe,Gastgewerbe und Catering,SH,nReglementiert,0,0,0,0,0,0,0,0,0
Gastgewerbe,Gastgewerbe und Catering,AR,abt-total,33,0,33,8,0,8,25,0,25
Gastgewerbe,Gastgewerbe und Catering,AR,EFZ,29,0,29,8,0,8,21,0,21
Gastgewerbe,Gastgewerbe und Catering,AR,EBA,4,0,4,0,0,0,4,0,4
Gastgewerbe,Gastgewerbe und Catering,AR,nReglementiert,0,0,0,0,0,0,0,0,0
Gastgewerbe,Gastgewerbe und Catering,AI,abt-total,12,0,12,4,0,4,8,0,8
Gastgewerbe,Gastgewerbe und Catering,AI,EFZ,12,0,12,4,0,4,8,0,8
Gastgewerbe,Gastgewerbe und Catering,AI,EBA,0,0,0,0,0,0,0,0,0
Gastgewerbe,Gastgewerbe und Catering,AI,nReglementiert,0,0,0,0,0,0,0,0,0
Gastgewerbe,Gastgewerbe und Catering,SG,abt-total,213,0,213,79,0,79,134,0,134
Gastgewerbe,Gastgewerbe und Catering,SG,EFZ,187,0,187,66,0,66,121,0,121
Gastgewerbe,Gastgewerbe und Catering,SG,EBA,26,0,26,13,0,13,13,0,13
Gastgewerbe,Gastgewerbe und Catering,SG,nReglementiert,0,0,0,0,0,0,0,0,0
Gastgewerbe,Gastgewerbe und Catering,GR,abt-total,138,0,138,49,0,49,89,0,89
Gastgewerbe,Gastgewerbe und Catering,GR,EFZ,123,0,123,43,0,43,80,0,80
Gastgewerbe,Gastgewerbe und Catering,GR,EBA,15,0,15,6,0,6,9,0,9
Gastgewerbe,Gastgewerbe und Catering,GR,nReglementiert,0,0,0,0,0,0,0,0,0
Gastgewerbe,Gastgewerbe und Catering,AG,abt-total,211,0,211,98,0,98,113,0,113
Gastgewerbe,Gastgewerbe und Catering,AG,EFZ,172,0,172,77,0,77,95,0,95
Gastgewerbe,Gastgewerbe und Catering,AG,EBA,39,0,39,21,0,21,18,0,18
Gastgewerbe,Gastgewerbe und Catering,AG,nReglementiert,0,0,0,0,0,0,0,0,0
Gastgewerbe,Gastgewerbe und Catering,TG,abt-total,112,0,112,49,0,49,63,0,63
Gastgewerbe,Gastgewerbe und Catering,TG,EFZ,92,0,92,38,0,38,54,0,54
Gastgewerbe,Gastgewerbe und Catering,TG,EBA,20,0,20,11,0,11,9,0,9
Gastgewerbe,Gastgewerbe und Catering,TG,nReglementiert,0,0,0,0,0,0,0,0,0
Gastgewerbe,Gastgewerbe und Catering,TI,abt-total,99,1,98,68,0,68,31,1,30
Gastgewerbe,Gastgewerbe und Catering,TI,EFZ,75,0,75,55,0,55,20,0,20
Gastgewerbe,Gastgewerbe und Catering,TI,EBA,24,1,23,13,0,13,11,1,10
Gastgewerbe,Gastgewerbe und Catering,TI,nReglementiert,0,0,0,0,0,0,0,0,0
Gastgewerbe,Gastgewerbe und Catering,VD,abt-total,247,0,247,140,0,140,107,0,107
Gastgewerbe,Gastgewerbe und Catering,VD,EFZ,207,0,207,115,0,115,92,0,92
Gastgewerbe,Gastgewerbe und Catering,VD,EBA,40,0,40,25,0,25,15,0,15
Gastgewerbe,Gastgewerbe und Catering,VD,nReglementiert,0,0,0,0,0,0,0,0,0
Gastgewerbe,Gastgewerbe und Catering,VS,abt-total,112,0,112,55,0,55,57,0,57
Gastgewerbe,Gastgewerbe und Catering,VS,EFZ,87,0,87,42,0,42,45,0,45
Gastgewerbe,Gastgewerbe und Catering,VS,EBA,25,0,25,13,0,13,12,0,12
Gastgewerbe,Gastgewerbe und Catering,VS,nReglementiert,0,0,0,0,0,0,0,0,0
Gastgewerbe,Gastgewerbe und Catering,NE,abt-total,66,0,66,43,0,43,23,0,23
Gastgewerbe,Gastgewerbe und Catering,NE,EFZ,61,0,61,40,0,40,21,0,21
Gastgewerbe,Gastgewerbe und Catering,NE,EBA,5,0,5,3,0,3,2,0,2
Gastgewerbe,Gastgewerbe und Catering,NE,nReglementiert,0,0,0,0,0,0,0,0,0
Gastgewerbe,Gastgewerbe und Catering,GE,abt-total,104,0,104,71,0,71,33,0,33
Gastgewerbe,Gastgewerbe und Catering,GE,EFZ,76,0,76,49,0,49,27,0,27
Gastgewerbe,Gastgewerbe und Catering,GE,EBA,28,0,28,22,0,22,6,0,6
Gastgewerbe,Gastgewerbe und Catering,GE,nReglementiert,0,0,0,0,0,0,0,0,0
Gastgewerbe,Gastgewerbe und Catering,JU,abt-total,22,0,22,15,0,15,7,0,7
Gastgewerbe,Gastgewerbe und Catering,JU,EFZ,20,0,20,13,0,13,7,0,7
Gastgewerbe,Gastgewerbe und Catering,JU,EBA,2,0,2,2,0,2,0,0,0
Gastgewerbe,Gastgewerbe und Catering,JU,nReglementiert,0,0,0,0,0,0,0,0,0
Travel,"Reisebüros, Fremdenverkehrgewerbe und Freizeitindustrie",,abt-total,33,31,2,9,8,1,24,23,1
Travel,"Reisebüros, Fremdenverkehrgewerbe und Freizeitindustrie",,EFZ,0,0,0,0,0,0,0,0,0
Travel,"Reisebüros, Fremdenverkehrgewerbe und Freizeitindustrie",,EBA,0,0,0,0,0,0,0,0,0
Travel,"Reisebüros, Fremdenverkehrgewerbe und Freizeitindustrie",,nReglementiert,33,31,2,9,8,1,24,23,1
Travel,"Reisebüros, Fremdenverkehrgewerbe und Freizeitindustrie",ZH,abt-total,0,0,0,0,0,0,0,0,0
Travel,"Reisebüros, Fremdenverkehrgewerbe und Freizeitindustrie",ZH,EFZ,0,0,0,0,0,0,0,0,0
Travel,"Reisebüros, Fremdenverkehrgewerbe und Freizeitindustrie",ZH,EBA,0,0,0,0,0,0,0,0,0
Travel,"Reisebüros, Fremdenverkehrgewerbe und Freizeitindustrie",ZH,nReglementiert,0,0,0,0,0,0,0,0,0
Travel,"Reisebüros, Fremdenverkehrgewerbe und Freizeitindustrie",BE,abt-total,0,0,0,0,0,0,0,0,0
Travel,"Reisebüros, Fremdenverkehrgewerbe und Freizeitindustrie",BE,EFZ,0,0,0,0,0,0,0,0,0
Travel,"Reisebüros, Fremdenverkehrgewerbe und Freizeitindustrie",BE,EBA,0,0,0,0,0,0,0,0,0
Travel,"Reisebüros, Fremdenverkehrgewerbe und Freizeitindustrie",BE,nReglementiert,0,0,0,0,0,0,0,0,0
Travel,"Reisebüros, Fremdenverkehrgewerbe und Freizeitindustrie",LU,abt-total,0,0,0,0,0,0,0,0,0
Travel,"Reisebüros, Fremdenverkehrgewerbe und Freizeitindustrie",LU,EFZ,0,0,0,0,0,0,0,0,0
Travel,"Reisebüros, Fremdenverkehrgewerbe und Freizeitindustrie",LU,EBA,0,0,0,0,0,0,0,0,0
Travel,"Reisebüros, Fremdenverkehrgewerbe und Freizeitindustrie",LU,nReglementiert,0,0,0,0,0,0,0,0,0
Travel,"Reisebüros, Fremdenverkehrgewerbe und Freizeitindustrie",UR,abt-total,0,0,0,0,0,0,0,0,0
Travel,"Reisebüros, Fremdenverkehrgewerbe und Freizeitindustrie",UR,EFZ,0,0,0,0,0,0,0,0,0
Travel,"Reisebüros, Fremdenverkehrgewerbe und Freizeitindustrie",UR,EBA,0,0,0,0,0,0,0,0,0
Travel,"Reisebüros, Fremdenverkehrgewerbe und Freizeitindustrie",UR,nReglementiert,0,0,0,0,0,0,0,0,0
Travel,"Reisebüros, Fremdenverkehrgewerbe und Freizeitindustrie",SZ,abt-total,0,0,0,0,0,0,0,0,0
Travel,"Reisebüros, Fremdenverkehrgewerbe und Freizeitindustrie",SZ,EFZ,0,0,0,0,0,0,0,0,0
Travel,"Reisebüros, Fremdenverkehrgewerbe und Freizeitindustrie",SZ,EBA,0,0,0,0,0,0,0,0,0
Travel,"Reisebüros, Fremdenverkehrgewerbe und Freizeitindustrie",SZ,nReglementiert,0,0,0,0,0,0,0,0,0
Travel,"Reisebüros, Fremdenverkehrgewerbe und Freizeitindustrie",OW,abt-total,0,0,0,0,0,0,0,0,0
Travel,"Reisebüros, Fremdenverkehrgewerbe und Freizeitindustrie",OW,EFZ,0,0,0,0,0,0,0,0,0
Travel,"Reisebüros, Fremdenverkehrgewerbe und Freizeitindustrie",OW,EBA,0,0,0,0,0,0,0,0,0
Travel,"Reisebüros, Fremdenverkehrgewerbe und Freizeitindustrie",OW,nReglementiert,0,0,0,0,0,0,0,0,0
Travel,"Reisebüros, Fremdenverkehrgewerbe und Freizeitindustrie",NW,abt-total,0,0,0,0,0,0,0,0,0
Travel,"Reisebüros, Fremdenverkehrgewerbe und Freizeitindustrie",NW,EFZ,0,0,0,0,0,0,0,0,0
Travel,"Reisebüros, Fremdenverkehrgewerbe und Freizeitindustrie",NW,EBA,0,0,0,0,0,0,0,0,0
Travel,"Reisebüros, Fremdenverkehrgewerbe und Freizeitindustrie",NW,nReglementiert,0,0,0,0,0,0,0,0,0
Travel,"Reisebüros, Fremdenverkehrgewerbe und Freizeitindustrie",GL,abt-total,0,0,0,0,0,0,0,0,0
Travel,"Reisebüros, Fremdenverkehrgewerbe und Freizeitindustrie",GL,EFZ,0,0,0,0,0,0,0,0,0
Travel,"Reisebüros, Fremdenverkehrgewerbe und Freizeitindustrie",GL,EBA,0,0,0,0,0,0,0,0,0
Travel,"Reisebüros, Fremdenverkehrgewerbe und Freizeitindustrie",GL,nReglementiert,0,0,0,0,0,0,0,0,0
Travel,"Reisebüros, Fremdenverkehrgewerbe und Freizeitindustrie",ZG,abt-total,0,0,0,0,0,0,0,0,0
Travel,"Reisebüros, Fremdenverkehrgewerbe und Freizeitindustrie",ZG,EFZ,0,0,0,0,0,0,0,0,0
Travel,"Reisebüros, Fremdenverkehrgewerbe und Freizeitindustrie",ZG,EBA,0,0,0,0,0,0,0,0,0
Travel,"Reisebüros, Fremdenverkehrgewerbe und Freizeitindustrie",ZG,nReglementiert,0,0,0,0,0,0,0,0,0
Travel,"Reisebüros, Fremdenverkehrgewerbe und Freizeitindustrie",FR,abt-total,0,0,0,0,0,0,0,0,0
Travel,"Reisebüros, Fremdenverkehrgewerbe und Freizeitindustrie",FR,EFZ,0,0,0,0,0,0,0,0,0
Travel,"Reisebüros, Fremdenverkehrgewerbe und Freizeitindustrie",FR,EBA,0,0,0,0,0,0,0,0,0
Travel,"Reisebüros, Fremdenverkehrgewerbe und Freizeitindustrie",FR,nReglementiert,0,0,0,0,0,0,0,0,0
Travel,"Reisebüros, Fremdenverkehrgewerbe und Freizeitindustrie",SO,abt-total,0,0,0,0,0,0,0,0,0
Travel,"Reisebüros, Fremdenverkehrgewerbe und Freizeitindustrie",SO,EFZ,0,0,0,0,0,0,0,0,0
Travel,"Reisebüros, Fremdenverkehrgewerbe und Freizeitindustrie",SO,EBA,0,0,0,0,0,0,0,0,0
Travel,"Reisebüros, Fremdenverkehrgewerbe und Freizeitindustrie",SO,nReglementiert,0,0,0,0,0,0,0,0,0
Travel,"Reisebüros, Fremdenverkehrgewerbe und Freizeitindustrie",BS,abt-total,0,0,0,0,0,0,0,0,0
Travel,"Reisebüros, Fremdenverkehrgewerbe und Freizeitindustrie",BS,EFZ,0,0,0,0,0,0,0,0,0
Travel,"Reisebüros, Fremdenverkehrgewerbe und Freizeitindustrie",BS,EBA,0,0,0,0,0,0,0,0,0
Travel,"Reisebüros, Fremdenverkehrgewerbe und Freizeitindustrie",BS,nReglementiert,0,0,0,0,0,0,0,0,0
Travel,"Reisebüros, Fremdenverkehrgewerbe und Freizeitindustrie",BL,abt-total,0,0,0,0,0,0,0,0,0
Travel,"Reisebüros, Fremdenverkehrgewerbe und Freizeitindustrie",BL,EFZ,0,0,0,0,0,0,0,0,0
Travel,"Reisebüros, Fremdenverkehrgewerbe und Freizeitindustrie",BL,EBA,0,0,0,0,0,0,0,0,0
Travel,"Reisebüros, Fremdenverkehrgewerbe und Freizeitindustrie",Bl,nReglementiert,0,0,0,0,0,0,0,0,0
Travel,"Reisebüros, Fremdenverkehrgewerbe und Freizeitindustrie",SH,abt-total,0,0,0,0,0,0,0,0,0
Travel,"Reisebüros, Fremdenverkehrgewerbe und Freizeitindustrie",SH,EFZ,0,0,0,0,0,0,0,0,0
Travel,"Reisebüros, Fremdenverkehrgewerbe und Freizeitindustrie",SH,EBA,0,0,0,0,0,0,0,0,0
Travel,"Reisebüros, Fremdenverkehrgewerbe und Freizeitindustrie",SH,nReglementiert,0,0,0,0,0,0,0,0,0
Travel,"Reisebüros, Fremdenverkehrgewerbe und Freizeitindustrie",AR,abt-total,0,0,0,0,0,0,0,0,0
Travel,"Reisebüros, Fremdenverkehrgewerbe und Freizeitindustrie",AR,EFZ,0,0,0,0,0,0,0,0,0
Travel,"Reisebüros, Fremdenverkehrgewerbe und Freizeitindustrie",AR,EBA,0,0,0,0,0,0,0,0,0
Travel,"Reisebüros, Fremdenverkehrgewerbe und Freizeitindustrie",AR,nReglementiert,0,0,0,0,0,0,0,0,0
Travel,"Reisebüros, Fremdenverkehrgewerbe und Freizeitindustrie",AI,abt-total,0,0,0,0,0,0,0,0,0
Travel,"Reisebüros, Fremdenverkehrgewerbe und Freizeitindustrie",AI,EFZ,0,0,0,0,0,0,0,0,0
Travel,"Reisebüros, Fremdenverkehrgewerbe und Freizeitindustrie",AI,EBA,0,0,0,0,0,0,0,0,0
Travel,"Reisebüros, Fremdenverkehrgewerbe und Freizeitindustrie",AI,nReglementiert,0,0,0,0,0,0,0,0,0
Travel,"Reisebüros, Fremdenverkehrgewerbe und Freizeitindustrie",SG,abt-total,0,0,0,0,0,0,0,0,0
Travel,"Reisebüros, Fremdenverkehrgewerbe und Freizeitindustrie",SG,EFZ,0,0,0,0,0,0,0,0,0
Travel,"Reisebüros, Fremdenverkehrgewerbe und Freizeitindustrie",SG,EBA,0,0,0,0,0,0,0,0,0
Travel,"Reisebüros, Fremdenverkehrgewerbe und Freizeitindustrie",SG,nReglementiert,0,0,0,0,0,0,0,0,0
Travel,"Reisebüros, Fremdenverkehrgewerbe und Freizeitindustrie",GR,abt-total,0,0,0,0,0,0,0,0,0
Travel,"Reisebüros, Fremdenverkehrgewerbe und Freizeitindustrie",GR,EFZ,0,0,0,0,0,0,0,0,0
Travel,"Reisebüros, Fremdenverkehrgewerbe und Freizeitindustrie",GR,EBA,0,0,0,0,0,0,0,0,0
Travel,"Reisebüros, Fremdenverkehrgewerbe und Freizeitindustrie",GR,nReglementiert,0,0,0,0,0,0,0,0,0
Travel,"Reisebüros, Fremdenverkehrgewerbe und Freizeitindustrie",AG,abt-total,0,0,0,0,0,0,0,0,0
Travel,"Reisebüros, Fremdenverkehrgewerbe und Freizeitindustrie",AG,EFZ,0,0,0,0,0,0,0,0,0
Travel,"Reisebüros, Fremdenverkehrgewerbe und Freizeitindustrie",AG,EBA,0,0,0,0,0,0,0,0,0
Travel,"Reisebüros, Fremdenverkehrgewerbe und Freizeitindustrie",AG,nReglementiert,0,0,0,0,0,0,0,0,0
Travel,"Reisebüros, Fremdenverkehrgewerbe und Freizeitindustrie",TG,abt-total,0,0,0,0,0,0,0,0,0
Travel,"Reisebüros, Fremdenverkehrgewerbe und Freizeitindustrie",TG,EFZ,0,0,0,0,0,0,0,0,0
Travel,"Reisebüros, Fremdenverkehrgewerbe und Freizeitindustrie",TG,EBA,0,0,0,0,0,0,0,0,0
Travel,"Reisebüros, Fremdenverkehrgewerbe und Freizeitindustrie",TG,nReglementiert,0,0,0,0,0,0,0,0,0
Travel,"Reisebüros, Fremdenverkehrgewerbe und Freizeitindustrie",TI,abt-total,0,0,0,0,0,0,0,0,0
Travel,"Reisebüros, Fremdenverkehrgewerbe und Freizeitindustrie",TI,EFZ,0,0,0,0,0,0,0,0,0
Travel,"Reisebüros, Fremdenverkehrgewerbe und Freizeitindustrie",TI,EBA,0,0,0,0,0,0,0,0,0
Travel,"Reisebüros, Fremdenverkehrgewerbe und Freizeitindustrie",TI,nReglementiert,0,0,0,0,0,0,0,0,0
Travel,"Reisebüros, Fremdenverkehrgewerbe und Freizeitindustrie",VD,abt-total,0,0,0,0,0,0,0,0,0
Travel,"Reisebüros, Fremdenverkehrgewerbe und Freizeitindustrie",VD,EFZ,0,0,0,0,0,0,0,0,0
Travel,"Reisebüros, Fremdenverkehrgewerbe und Freizeitindustrie",VD,EBA,0,0,0,0,0,0,0,0,0
Travel,"Reisebüros, Fremdenverkehrgewerbe und Freizeitindustrie",VD,nReglementiert,0,0,0,0,0,0,0,0,0
Travel,"Reisebüros, Fremdenverkehrgewerbe und Freizeitindustrie",VS,abt-total,33,31,2,9,8,1,24,23,1
Travel,"Reisebüros, Fremdenverkehrgewerbe und Freizeitindustrie",VS,EFZ,0,0,0,0,0,0,0,0,0
Travel,"Reisebüros, Fremdenverkehrgewerbe und Freizeitindustrie",VS,EBA,0,0,0,0,0,0,0,0,0
Travel,"Reisebüros, Fremdenverkehrgewerbe und Freizeitindustrie",VS,nReglementiert,33,31,2,9,8,1,24,23,1
Travel,"Reisebüros, Fremdenverkehrgewerbe und Freizeitindustrie",NE,abt-total,0,0,0,0,0,0,0,0,0
Travel,"Reisebüros, Fremdenverkehrgewerbe und Freizeitindustrie",NE,EFZ,0,0,0,0,0,0,0,0,0
Travel,"Reisebüros, Fremdenverkehrgewerbe und Freizeitindustrie",NE,EBA,0,0,0,0,0,0,0,0,0
Travel,"Reisebüros, Fremdenverkehrgewerbe und Freizeitindustrie",NE,nReglementiert,0,0,0,0,0,0,0,0,0
Travel,"Reisebüros, Fremdenverkehrgewerbe und Freizeitindustrie",GE,abt-total,0,0,0,0,0,0,0,0,0
Travel,"Reisebüros, Fremdenverkehrgewerbe und Freizeitindustrie",GE,EFZ,0,0,0,0,0,0,0,0,0
Travel,"Reisebüros, Fremdenverkehrgewerbe und Freizeitindustrie",GE,EBA,0,0,0,0,0,0,0,0,0
Travel,"Reisebüros, Fremdenverkehrgewerbe und Freizeitindustrie",GE,nReglementiert,0,0,0,0,0,0,0,0,0
Travel,"Reisebüros, Fremdenverkehrgewerbe und Freizeitindustrie",JU,abt-total,0,0,0,0,0,0,0,0,0
Travel,"Reisebüros, Fremdenverkehrgewerbe und Freizeitindustrie",JU,EFZ,0,0,0,0,0,0,0,0,0
Travel,"Reisebüros, Fremdenverkehrgewerbe und Freizeitindustrie",JU,EBA,0,0,0,0,0,0,0,0,0
Travel,"Reisebüros, Fremdenverkehrgewerbe und Freizeitindustrie",JU,nReglementiert,0,0,0,0,0,0,0,0,0
Sport,Sport,,abt-total,83,0,83,50,0,50,33,0,33
Sport,Sport,,EFZ,83,0,83,50,0,50,33,0,33
Sport,Sport,,EBA,0,0,0,0,0,0,0,0,0
Sport,Sport,,nReglementiert,0,0,0,0,0,0,0,0,0
Sport,Sport,ZH,abt-total,14,0,14,7,0,7,7,0,7
Sport,Sport,ZH,EFZ,14,0,14,7,0,7,7,0,7
Sport,Sport,ZH,EBA,0,0,0,0,0,0,0,0,0
Sport,Sport,ZH,nReglementiert,0,0,0,0,0,0,0,0,0
Sport,Sport,BE,abt-total,4,0,4,4,0,4,0,0,0
Sport,Sport,BE,EFZ,4,0,4,4,0,4,0,0,0
Sport,Sport,BE,EBA,0,0,0,0,0,0,0,0,0
Sport,Sport,BE,nReglementiert,0,0,0,0,0,0,0,0,0
Sport,Sport,LU,abt-total,3,0,3,1,0,1,2,0,2
Sport,Sport,LU,EFZ,3,0,3,1,0,1,2,0,2
Sport,Sport,LU,EBA,0,0,0,0,0,0,0,0,0
Sport,Sport,LU,nReglementiert,0,0,0,0,0,0,0,0,0
Sport,Sport,UR,abt-total,0,0,0,0,0,0,0,0,0
Sport,Sport,UR,EFZ,0,0,0,0,0,0,0,0,0
Sport,Sport,UR,EBA,0,0,0,0,0,0,0,0,0
Sport,Sport,UR,nReglementiert,0,0,0,0,0,0,0,0,0
Sport,Sport,SZ,abt-total,0,0,0,0,0,0,0,0,0
Sport,Sport,SZ,EFZ,0,0,0,0,0,0,0,0,0
Sport,Sport,SZ,EBA,0,0,0,0,0,0,0,0,0
Sport,Sport,SZ,nReglementiert,0,0,0,0,0,0,0,0,0
Sport,Sport,OW,abt-total,1,0,1,0,0,0,1,0,1
Sport,Sport,OW,EFZ,1,0,1,0,0,0,1,0,1
Sport,Sport,OW,EBA,0,0,0,0,0,0,0,0,0
Sport,Sport,OW,nReglementiert,0,0,0,0,0,0,0,0,0
Sport,Sport,NW,abt-total,1,0,1,0,0,0,1,0,1
Sport,Sport,NW,EFZ,1,0,1,0,0,0,1,0,1
Sport,Sport,NW,EBA,0,0,0,0,0,0,0,0,0
Sport,Sport,NW,nReglementiert,0,0,0,0,0,0,0,0,0
Sport,Sport,GL,abt-total,0,0,0,0,0,0,0,0,0
Sport,Sport,GL,EFZ,0,0,0,0,0,0,0,0,0
Sport,Sport,GL,EBA,0,0,0,0,0,0,0,0,0
Sport,Sport,GL,nReglementiert,0,0,0,0,0,0,0,0,0
Sport,Sport,ZG,abt-total,1,0,1,1,0,1,0,0,0
Sport,Sport,ZG,EFZ,1,0,1,1,0,1,0,0,0
Sport,Sport,ZG,EBA,0,0,0,0,0,0,0,0,0
Sport,Sport,ZG,nReglementiert,0,0,0,0,0,0,0,0,0
Sport,Sport,FR,abt-total,3,0,3,2,0,2,1,0,1
Sport,Sport,FR,EFZ,3,0,3,2,0,2,1,0,1
Sport,Sport,FR,EBA,0,0,0,0,0,0,0,0,0
Sport,Sport,FR,nReglementiert,0,0,0,0,0,0,0,0,0
Sport,Sport,SO,abt-total,1,0,1,1,0,1,0,0,0
Sport,Sport,SO,EFZ,1,0,1,1,0,1,0,0,0
Sport,Sport,SO,EBA,0,0,0,0,0,0,0,0,0
Sport,Sport,SO,nReglementiert,0,0,0,0,0,0,0,0,0
Sport,Sport,BS,abt-total,3,0,3,3,0,3,0,0,0
Sport,Sport,BS,EFZ,3,0,3,3,0,3,0,0,0
Sport,Sport,BS,EBA,0,0,0,0,0,0,0,0,0
Sport,Sport,BS,nReglementiert,0,0,0,0,0,0,0,0,0
Sport,Sport,BL,abt-total,13,0,13,6,0,6,7,0,7
Sport,Sport,BL,EFZ,13,0,13,6,0,6,7,0,7
Sport,Sport,BL,EBA,0,0,0,0,0,0,0,0,0
Sport,Sport,Bl,nReglementiert,0,0,0,0,0,0,0,0,0
Sport,Sport,SH,abt-total,1,0,1,1,0,1,0,0,0
Sport,Sport,SH,EFZ,1,0,1,1,0,1,0,0,0
Sport,Sport,SH,EBA,0,0,0,0,0,0,0,0,0
Sport,Sport,SH,nReglementiert,0,0,0,0,0,0,0,0,0
Sport,Sport,AR,abt-total,0,0,0,0,0,0,0,0,0
Sport,Sport,AR,EFZ,0,0,0,0,0,0,0,0,0
Sport,Sport,AR,EBA,0,0,0,0,0,0,0,0,0
Sport,Sport,AR,nReglementiert,0,0,0,0,0,0,0,0,0
Sport,Sport,AI,abt-total,0,0,0,0,0,0,0,0,0
Sport,Sport,AI,EFZ,0,0,0,0,0,0,0,0,0
Sport,Sport,AI,EBA,0,0,0,0,0,0,0,0,0
Sport,Sport,AI,nReglementiert,0,0,0,0,0,0,0,0,0
Sport,Sport,SG,abt-total,0,0,0,0,0,0,0,0,0
Sport,Sport,SG,EFZ,0,0,0,0,0,0,0,0,0
Sport,Sport,SG,EBA,0,0,0,0,0,0,0,0,0
Sport,Sport,SG,nReglementiert,0,0,0,0,0,0,0,0,0
Sport,Sport,GR,abt-total,0,0,0,0,0,0,0,0,0
Sport,Sport,GR,EFZ,0,0,0,0,0,0,0,0,0
Sport,Sport,GR,EBA,0,0,0,0,0,0,0,0,0
Sport,Sport,GR,nReglementiert,0,0,0,0,0,0,0,0,0
Sport,Sport,AG,abt-total,7,0,7,3,0,3,4,0,4
Sport,Sport,AG,EFZ,7,0,7,3,0,3,4,0,4
Sport,Sport,AG,EBA,0,0,0,0,0,0,0,0,0
Sport,Sport,AG,nReglementiert,0,0,0,0,0,0,0,0,0
Sport,Sport,TG,abt-total,2,0,2,1,0,1,1,0,1
Sport,Sport,TG,EFZ,2,0,2,1,0,1,1,0,1
Sport,Sport,TG,EBA,0,0,0,0,0,0,0,0,0
Sport,Sport,TG,nReglementiert,0,0,0,0,0,0,0,0,0
Sport,Sport,TI,abt-total,5,0,5,5,0,5,0,0,0
Sport,Sport,TI,EFZ,5,0,5,5,0,5,0,0,0
Sport,Sport,TI,EBA,0,0,0,0,0,0,0,0,0
Sport,Sport,TI,nReglementiert,0,0,0,0,0,0,0,0,0
Sport,Sport,VD,abt-total,11,0,11,6,0,6,5,0,5
Sport,Sport,VD,EFZ,11,0,11,6,0,6,5,0,5
Sport,Sport,VD,EBA,0,0,0,0,0,0,0,0,0
Sport,Sport,VD,nReglementiert,0,0,0,0,0,0,0,0,0
Sport,Sport,VS,abt-total,2,0,2,2,0,2,0,0,0
Sport,Sport,VS,EFZ,2,0,2,2,0,2,0,0,0
Sport,Sport,VS,EBA,0,0,0,0,0,0,0,0,0
Sport,Sport,VS,nReglementiert,0,0,0,0,0,0,0,0,0
Sport,Sport,NE,abt-total,6,0,6,4,0,4,2,0,2
Sport,Sport,NE,EFZ,6,0,6,4,0,4,2,0,2
Sport,Sport,NE,EBA,0,0,0,0,0,0,0,0,0
Sport,Sport,NE,nReglementiert,0,0,0,0,0,0,0,0,0
Sport,Sport,GE,abt-total,5,0,5,3,0,3,2,0,2
Sport,Sport,GE,EFZ,5,0,5,3,0,3,2,0,2
Sport,Sport,GE,EBA,0,0,0,0,0,0,0,0,0
Sport,Sport,GE,nReglementiert,0,0,0,0,0,0,0,0,0
Sport,Sport,JU,abt-total,0,0,0,0,0,0,0,0,0
Sport,Sport,JU,EFZ,0,0,0,0,0,0,0,0,0
Sport,Sport,JU,EBA,0,0,0,0,0,0,0,0,0
Sport,Sport,JU,nReglementiert,0,0,0,0,0,0,0,0,0
Hauswirtschaft,Hauswirtschaftliche Dienste,,abt-total,1694,39,1655,960,4,956,734,35,699
Hauswirtschaft,Hauswirtschaftliche Dienste,,EFZ,1382,22,1360,901,3,898,481,19,462
Hauswirtschaft,Hauswirtschaftliche Dienste,,EBA,312,17,295,59,1,58,253,16,237
Hauswirtschaft,Hauswirtschaftliche Dienste,,nReglementiert,0,0,0,0,0,0,0,0,0
Hauswirtschaft,Hauswirtschaftliche Dienste,ZH,abt-total,339,0,339,242,0,242,97,0,97
Hauswirtschaft,Hauswirtschaftliche Dienste,ZH,EFZ,287,0,287,224,0,224,63,0,63
Hauswirtschaft,Hauswirtschaftliche Dienste,ZH,EBA,52,0,52,18,0,18,34,0,34
Hauswirtschaft,Hauswirtschaftliche Dienste,ZH,nReglementiert,0,0,0,0,0,0,0,0,0
Hauswirtschaft,Hauswirtschaftliche Dienste,BE,abt-total,214,2,212,114,2,112,100,0,100
Hauswirtschaft,Hauswirtschaftliche Dienste,BE,EFZ,177,2,175,109,2,107,68,0,68
Hauswirtschaft,Hauswirtschaftliche Dienste,BE,EBA,37,0,37,5,0,5,32,0,32
Hauswirtschaft,Hauswirtschaftliche Dienste,BE,nReglementiert,0,0,0,0,0,0,0,0,0
Hauswirtschaft,Hauswirtschaftliche Dienste,LU,abt-total,107,0,107,59,0,59,48,0,48
Hauswirtschaft,Hauswirtschaftliche Dienste,LU,EFZ,89,0,89,58,0,58,31,0,31
Hauswirtschaft,Hauswirtschaftliche Dienste,LU,EBA,18,0,18,1,0,1,17,0,17
Hauswirtschaft,Hauswirtschaftliche Dienste,LU,nReglementiert,0,0,0,0,0,0,0,0,0
Hauswirtschaft,Hauswirtschaftliche Dienste,UR,abt-total,9,0,9,7,0,7,2,0,2
Hauswirtschaft,Hauswirtschaftliche Dienste,UR,EFZ,8,0,8,7,0,7,1,0,1
Hauswirtschaft,Hauswirtschaftliche Dienste,UR,EBA,1,0,1,0,0,0,1,0,1
Hauswirtschaft,Hauswirtschaftliche Dienste,UR,nReglementiert,0,0,0,0,0,0,0,0,0
Hauswirtschaft,Hauswirtschaftliche Dienste,SZ,abt-total,28,0,28,17,0,17,11,0,11
Hauswirtschaft,Hauswirtschaftliche Dienste,SZ,EFZ,26,0,26,17,0,17,9,0,9
Hauswirtschaft,Hauswirtschaftliche Dienste,SZ,EBA,2,0,2,0,0,0,2,0,2
Hauswirtschaft,Hauswirtschaftliche Dienste,SZ,nReglementiert,0,0,0,0,0,0,0,0,0
Hauswirtschaft,Hauswirtschaftliche Dienste,OW,abt-total,11,0,11,5,0,5,6,0,6
Hauswirtschaft,Hauswirtschaftliche Dienste,OW,EFZ,9,0,9,5,0,5,4,0,4
Hauswirtschaft,Hauswirtschaftliche Dienste,OW,EBA,2,0,2,0,0,0,2,0,2
Hauswirtschaft,Hauswirtschaftliche Dienste,OW,nReglementiert,0,0,0,0,0,0,0,0,0
Hauswirtschaft,Hauswirtschaftliche Dienste,NW,abt-total,10,0,10,8,0,8,2,0,2
Hauswirtschaft,Hauswirtschaftliche Dienste,NW,EFZ,10,0,10,8,0,8,2,0,2
Hauswirtschaft,Hauswirtschaftliche Dienste,NW,EBA,0,0,0,0,0,0,0,0,0
Hauswirtschaft,Hauswirtschaftliche Dienste,NW,nReglementiert,0,0,0,0,0,0,0,0,0
Hauswirtschaft,Hauswirtschaftliche Dienste,GL,abt-total,6,0,6,6,0,6,0,0,0
Hauswirtschaft,Hauswirtschaftliche Dienste,GL,EFZ,6,0,6,6,0,6,0,0,0
Hauswirtschaft,Hauswirtschaftliche Dienste,GL,EBA,0,0,0,0,0,0,0,0,0
Hauswirtschaft,Hauswirtschaftliche Dienste,GL,nReglementiert,0,0,0,0,0,0,0,0,0
Hauswirtschaft,Hauswirtschaftliche Dienste,ZG,abt-total,29,0,29,12,0,12,17,0,17
Hauswirtschaft,Hauswirtschaftliche Dienste,ZG,EFZ,22,0,22,10,0,10,12,0,12
Hauswirtschaft,Hauswirtschaftliche Dienste,ZG,EBA,7,0,7,2,0,2,5,0,5
Hauswirtschaft,Hauswirtschaftliche Dienste,ZG,nReglementiert,0,0,0,0,0,0,0,0,0
Hauswirtschaft,Hauswirtschaftliche Dienste,FR,abt-total,68,0,68,37,0,37,31,0,31
Hauswirtschaft,Hauswirtschaftliche Dienste,FR,EFZ,52,0,52,34,0,34,18,0,18
Hauswirtschaft,Hauswirtschaftliche Dienste,FR,EBA,16,0,16,3,0,3,13,0,13
Hauswirtschaft,Hauswirtschaftliche Dienste,FR,nReglementiert,0,0,0,0,0,0,0,0,0
Hauswirtschaft,Hauswirtschaftliche Dienste,SO,abt-total,52,0,52,26,0,26,26,0,26
Hauswirtschaft,Hauswirtschaftliche Dienste,SO,EFZ,40,0,40,25,0,25,15,0,15
Hauswirtschaft,Hauswirtschaftliche Dienste,SO,EBA,12,0,12,1,0,1,11,0,11
Hauswirtschaft,Hauswirtschaftliche Dienste,SO,nReglementiert,0,0,0,0,0,0,0,0,0
Hauswirtschaft,Hauswirtschaftliche Dienste,BS,abt-total,40,0,40,25,0,25,15,0,15
Hauswirtschaft,Hauswirtschaftliche Dienste,BS,EFZ,26,0,26,21,0,21,5,0,5
Hauswirtschaft,Hauswirtschaftliche Dienste,BS,EBA,14,0,14,4,0,4,10,0,10
Hauswirtschaft,Hauswirtschaftliche Dienste,BS,nReglementiert,0,0,0,0,0,0,0,0,0
Hauswirtschaft,Hauswirtschaftliche Dienste,BL,abt-total,45,0,45,26,0,26,19,0,19
Hauswirtschaft,Hauswirtschaftliche Dienste,BL,EFZ,39,0,39,25,0,25,14,0,14
Hauswirtschaft,Hauswirtschaftliche Dienste,BL,EBA,6,0,6,1,0,1,5,0,5
Hauswirtschaft,Hauswirtschaftliche Dienste,Bl,nReglementiert,0,0,0,0,0,0,0,0,0
Hauswirtschaft,Hauswirtschaftliche Dienste,SH,abt-total,26,0,26,14,0,14,12,0,12
Hauswirtschaft,Hauswirtschaftliche Dienste,SH,EFZ,22,0,22,14,0,14,8,0,8
Hauswirtschaft,Hauswirtschaftliche Dienste,SH,EBA,4,0,4,0,0,0,4,0,4
Hauswirtschaft,Hauswirtschaftliche Dienste,SH,nReglementiert,0,0,0,0,0,0,0,0,0
Hauswirtschaft,Hauswirtschaftliche Dienste,AR,abt-total,14,0,14,5,0,5,9,0,9
Hauswirtschaft,Hauswirtschaftliche Dienste,AR,EFZ,11,0,11,5,0,5,6,0,6
Hauswirtschaft,Hauswirtschaftliche Dienste,AR,EBA,3,0,3,0,0,0,3,0,3
Hauswirtschaft,Hauswirtschaftliche Dienste,AR,nReglementiert,0,0,0,0,0,0,0,0,0
Hauswirtschaft,Hauswirtschaftliche Dienste,AI,abt-total,1,0,1,0,0,0,1,0,1
Hauswirtschaft,Hauswirtschaftliche Dienste,AI,EFZ,1,0,1,0,0,0,1,0,1
Hauswirtschaft,Hauswirtschaftliche Dienste,AI,EBA,0,0,0,0,0,0,0,0,0
Hauswirtschaft,Hauswirtschaftliche Dienste,AI,nReglementiert,0,0,0,0,0,0,0,0,0
Hauswirtschaft,Hauswirtschaftliche Dienste,SG,abt-total,113,0,113,44,0,44,69,0,69
Hauswirtschaft,Hauswirtschaftliche Dienste,SG,EFZ,88,0,88,44,0,44,44,0,44
Hauswirtschaft,Hauswirtschaftliche Dienste,SG,EBA,25,0,25,0,0,0,25,0,25
Hauswirtschaft,Hauswirtschaftliche Dienste,SG,nReglementiert,0,0,0,0,0,0,0,0,0
Hauswirtschaft,Hauswirtschaftliche Dienste,GR,abt-total,32,0,32,17,0,17,15,0,15
Hauswirtschaft,Hauswirtschaftliche Dienste,GR,EFZ,28,0,28,17,0,17,11,0,11
Hauswirtschaft,Hauswirtschaftliche Dienste,GR,EBA,4,0,4,0,0,0,4,0,4
Hauswirtschaft,Hauswirtschaftliche Dienste,GR,nReglementiert,0,0,0,0,0,0,0,0,0
Hauswirtschaft,Hauswirtschaftliche Dienste,AG,abt-total,112,1,111,72,1,71,40,0,40
Hauswirtschaft,Hauswirtschaftliche Dienste,AG,EFZ,102,1,101,72,1,71,30,0,30
Hauswirtschaft,Hauswirtschaftliche Dienste,AG,EBA,10,0,10,0,0,0,10,0,10
Hauswirtschaft,Hauswirtschaftliche Dienste,AG,nReglementiert,0,0,0,0,0,0,0,0,0
Hauswirtschaft,Hauswirtschaftliche Dienste,TG,abt-total,58,0,58,23,0,23,35,0,35
Hauswirtschaft,Hauswirtschaftliche Dienste,TG,EFZ,47,0,47,22,0,22,25,0,25
Hauswirtschaft,Hauswirtschaftliche Dienste,TG,EBA,11,0,11,1,0,1,10,0,10
Hauswirtschaft,Hauswirtschaftliche Dienste,TG,nReglementiert,0,0,0,0,0,0,0,0,0
Hauswirtschaft,Hauswirtschaftliche Dienste,TI,abt-total,44,0,44,21,0,21,23,0,23
Hauswirtschaft,Hauswirtschaftliche Dienste,TI,EFZ,30,0,30,19,0,19,11,0,11
Hauswirtschaft,Hauswirtschaftliche Dienste,TI,EBA,14,0,14,2,0,2,12,0,12
Hauswirtschaft,Hauswirtschaftliche Dienste,TI,nReglementiert,0,0,0,0,0,0,0,0,0
Hauswirtschaft,Hauswirtschaftliche Dienste,VD,abt-total,151,0,151,84,0,84,67,0,67
Hauswirtschaft,Hauswirtschaftliche Dienste,VD,EFZ,128,0,128,75,0,75,53,0,53
Hauswirtschaft,Hauswirtschaftliche Dienste,VD,EBA,23,0,23,9,0,9,14,0,14
Hauswirtschaft,Hauswirtschaftliche Dienste,VD,nReglementiert,0,0,0,0,0,0,0,0,0
Hauswirtschaft,Hauswirtschaftliche Dienste,VS,abt-total,62,21,41,27,1,26,35,20,15
Hauswirtschaft,Hauswirtschaftliche Dienste,VS,EFZ,42,11,31,25,0,25,17,11,6
Hauswirtschaft,Hauswirtschaftliche Dienste,VS,EBA,20,10,10,2,1,1,18,9,9
Hauswirtschaft,Hauswirtschaftliche Dienste,VS,nReglementiert,0,0,0,0,0,0,0,0,0
Hauswirtschaft,Hauswirtschaftliche Dienste,NE,abt-total,42,0,42,21,0,21,21,0,21
Hauswirtschaft,Hauswirtschaftliche Dienste,NE,EFZ,35,0,35,19,0,19,16,0,16
Hauswirtschaft,Hauswirtschaftliche Dienste,NE,EBA,7,0,7,2,0,2,5,0,5
Hauswirtschaft,Hauswirtschaftliche Dienste,NE,nReglementiert,0,0,0,0,0,0,0,0,0
Hauswirtschaft,Hauswirtschaftliche Dienste,GE,abt-total,38,0,38,32,0,32,6,0,6
Hauswirtschaft,Hauswirtschaftliche Dienste,GE,EFZ,27,0,27,25,0,25,2,0,2
Hauswirtschaft,Hauswirtschaftliche Dienste,GE,EBA,11,0,11,7,0,7,4,0,4
Hauswirtschaft,Hauswirtschaftliche Dienste,GE,nReglementiert,0,0,0,0,0,0,0,0,0
Hauswirtschaft,Hauswirtschaftliche Dienste,JU,abt-total,43,15,28,16,0,16,27,15,12
Hauswirtschaft,Hauswirtschaftliche Dienste,JU,EFZ,30,8,22,15,0,15,15,8,7
Hauswirtschaft,Hauswirtschaftliche Dienste,JU,EBA,13,7,6,1,0,1,12,7,5
Hauswirtschaft,Hauswirtschaftliche Dienste,JU,nReglementiert,0,0,0,0,0,0,0,0,0
Coiffeur,Coiffeurgewerbe und Schönheitspflege,,abt-total,1451,10,1441,153,0,153,1298,10,1288
Coiffeur,Coiffeurgewerbe und Schönheitspflege,,EFZ,1321,10,1311,131,0,131,1190,10,1180
Coiffeur,Coiffeurgewerbe und Schönheitspflege,,EBA,130,0,130,22,0,22,108,0,108
Coiffeur,Coiffeurgewerbe und Schönheitspflege,,nReglementiert,0,0,0,0,0,0,0,0,0
Coiffeur,Coiffeurgewerbe und Schönheitspflege,ZH,abt-total,270,0,270,50,0,50,220,0,220
Coiffeur,Coiffeurgewerbe und Schönheitspflege,ZH,EFZ,244,0,244,45,0,45,199,0,199
Coiffeur,Coiffeurgewerbe und Schönheitspflege,ZH,EBA,26,0,26,5,0,5,21,0,21
Coiffeur,Coiffeurgewerbe und Schönheitspflege,ZH,nReglementiert,0,0,0,0,0,0,0,0,0
Coiffeur,Coiffeurgewerbe und Schönheitspflege,BE,abt-total,151,0,151,10,0,10,141,0,141
Coiffeur,Coiffeurgewerbe und Schönheitspflege,BE,EFZ,138,0,138,7,0,7,131,0,131
Coiffeur,Coiffeurgewerbe und Schönheitspflege,BE,EBA,13,0,13,3,0,3,10,0,10
Coiffeur,Coiffeurgewerbe und Schönheitspflege,BE,nReglementiert,0,0,0,0,0,0,0,0,0
Coiffeur,Coiffeurgewerbe und Schönheitspflege,LU,abt-total,72,0,72,2,0,2,70,0,70
Coiffeur,Coiffeurgewerbe und Schönheitspflege,LU,EFZ,61,0,61,1,0,1,60,0,60
Coiffeur,Coiffeurgewerbe und Schönheitspflege,LU,EBA,11,0,11,1,0,1,10,0,10
Coiffeur,Coiffeurgewerbe und Schönheitspflege,LU,nReglementiert,0,0,0,0,0,0,0,0,0
Coiffeur,Coiffeurgewerbe und Schönheitspflege,UR,abt-total,6,0,6,0,0,0,6,0,6
Coiffeur,Coiffeurgewerbe und Schönheitspflege,UR,EFZ,6,0,6,0,0,0,6,0,6
Coiffeur,Coiffeurgewerbe und Schönheitspflege,UR,EBA,0,0,0,0,0,0,0,0,0
Coiffeur,Coiffeurgewerbe und Schönheitspflege,UR,nReglementiert,0,0,0,0,0,0,0,0,0
Coiffeur,Coiffeurgewerbe und Schönheitspflege,SZ,abt-total,18,0,18,0,0,0,18,0,18
Coiffeur,Coiffeurgewerbe und Schönheitspflege,SZ,EFZ,18,0,18,0,0,0,18,0,18
Coiffeur,Coiffeurgewerbe und Schönheitspflege,SZ,EBA,0,0,0,0,0,0,0,0,0
Coiffeur,Coiffeurgewerbe und Schönheitspflege,SZ,nReglementiert,0,0,0,0,0,0,0,0,0
Coiffeur,Coiffeurgewerbe und Schönheitspflege,OW,abt-total,4,0,4,0,0,0,4,0,4
Coiffeur,Coiffeurgewerbe und Schönheitspflege,OW,EFZ,4,0,4,0,0,0,4,0,4
Coiffeur,Coiffeurgewerbe und Schönheitspflege,OW,EBA,0,0,0,0,0,0,0,0,0
Coiffeur,Coiffeurgewerbe und Schönheitspflege,OW,nReglementiert,0,0,0,0,0,0,0,0,0
Coiffeur,Coiffeurgewerbe und Schönheitspflege,NW,abt-total,5,0,5,0,0,0,5,0,5
Coiffeur,Coiffeurgewerbe und Schönheitspflege,NW,EFZ,4,0,4,0,0,0,4,0,4
Coiffeur,Coiffeurgewerbe und Schönheitspflege,NW,EBA,1,0,1,0,0,0,1,0,1
Coiffeur,Coiffeurgewerbe und Schönheitspflege,NW,nReglementiert,0,0,0,0,0,0,0,0,0
Coiffeur,Coiffeurgewerbe und Schönheitspflege,GL,abt-total,14,0,14,0,0,0,14,0,14
Coiffeur,Coiffeurgewerbe und Schönheitspflege,GL,EFZ,13,0,13,0,0,0,13,0,13
Coiffeur,Coiffeurgewerbe und Schönheitspflege,GL,EBA,1,0,1,0,0,0,1,0,1
Coiffeur,Coiffeurgewerbe und Schönheitspflege,GL,nReglementiert,0,0,0,0,0,0,0,0,0
Coiffeur,Coiffeurgewerbe und Schönheitspflege,ZG,abt-total,25,0,25,2,0,2,23,0,23
Coiffeur,Coiffeurgewerbe und Schönheitspflege,ZG,EFZ,22,0,22,2,0,2,20,0,20
Coiffeur,Coiffeurgewerbe und Schönheitspflege,ZG,EBA,3,0,3,0,0,0,3,0,3
Coiffeur,Coiffeurgewerbe und Schönheitspflege,ZG,nReglementiert,0,0,0,0,0,0,0,0,0
Coiffeur,Coiffeurgewerbe und Schönheitspflege,FR,abt-total,51,0,51,2,0,2,49,0,49
Coiffeur,Coiffeurgewerbe und Schönheitspflege,FR,EFZ,49,0,49,1,0,1,48,0,48
Coiffeur,Coiffeurgewerbe und Schönheitspflege,FR,EBA,2,0,2,1,0,1,1,0,1
Coiffeur,Coiffeurgewerbe und Schönheitspflege,FR,nReglementiert,0,0,0,0,0,0,0,0,0
Coiffeur,Coiffeurgewerbe und Schönheitspflege,SO,abt-total,30,0,30,2,0,2,28,0,28
Coiffeur,Coiffeurgewerbe und Schönheitspflege,SO,EFZ,25,0,25,1,0,1,24,0,24
Coiffeur,Coiffeurgewerbe und Schönheitspflege,SO,EBA,5,0,5,1,0,1,4,0,4
Coiffeur,Coiffeurgewerbe und Schönheitspflege,SO,nReglementiert,0,0,0,0,0,0,0,0,0
Coiffeur,Coiffeurgewerbe und Schönheitspflege,BS,abt-total,44,0,44,3,0,3,41,0,41
Coiffeur,Coiffeurgewerbe und Schönheitspflege,BS,EFZ,40,0,40,2,0,2,38,0,38
Coiffeur,Coiffeurgewerbe und Schönheitspflege,BS,EBA,4,0,4,1,0,1,3,0,3
Coiffeur,Coiffeurgewerbe und Schönheitspflege,BS,nReglementiert,0,0,0,0,0,0,0,0,0
Coiffeur,Coiffeurgewerbe und Schönheitspflege,BL,abt-total,26,0,26,6,0,6,20,0,20
Coiffeur,Coiffeurgewerbe und Schönheitspflege,BL,EFZ,22,0,22,3,0,3,19,0,19
Coiffeur,Coiffeurgewerbe und Schönheitspflege,BL,EBA,4,0,4,3,0,3,1,0,1
Coiffeur,Coiffeurgewerbe und Schönheitspflege,Bl,nReglementiert,0,0,0,0,0,0,0,0,0
Coiffeur,Coiffeurgewerbe und Schönheitspflege,SH,abt-total,19,0,19,3,0,3,16,0,16
Coiffeur,Coiffeurgewerbe und Schönheitspflege,SH,EFZ,15,0,15,3,0,3,12,0,12
Coiffeur,Coiffeurgewerbe und Schönheitspflege,SH,EBA,4,0,4,0,0,0,4,0,4
Coiffeur,Coiffeurgewerbe und Schönheitspflege,SH,nReglementiert,0,0,0,0,0,0,0,0,0
Coiffeur,Coiffeurgewerbe und Schönheitspflege,AR,abt-total,8,0,8,1,0,1,7,0,7
Coiffeur,Coiffeurgewerbe und Schönheitspflege,AR,EFZ,8,0,8,1,0,1,7,0,7
Coiffeur,Coiffeurgewerbe und Schönheitspflege,AR,EBA,0,0,0,0,0,0,0,0,0
Coiffeur,Coiffeurgewerbe und Schönheitspflege,AR,nReglementiert,0,0,0,0,0,0,0,0,0
Coiffeur,Coiffeurgewerbe und Schönheitspflege,AI,abt-total,2,0,2,0,0,0,2,0,2
Coiffeur,Coiffeurgewerbe und Schönheitspflege,AI,EFZ,2,0,2,0,0,0,2,0,2
Coiffeur,Coiffeurgewerbe und Schönheitspflege,AI,EBA,0,0,0,0,0,0,0,0,0
Coiffeur,Coiffeurgewerbe und Schönheitspflege,AI,nReglementiert,0,0,0,0,0,0,0,0,0
Coiffeur,Coiffeurgewerbe und Schönheitspflege,SG,abt-total,139,0,139,14,0,14,125,0,125
Coiffeur,Coiffeurgewerbe und Schönheitspflege,SG,EFZ,121,0,121,13,0,13,108,0,108
Coiffeur,Coiffeurgewerbe und Schönheitspflege,SG,EBA,18,0,18,1,0,1,17,0,17
Coiffeur,Coiffeurgewerbe und Schönheitspflege,SG,nReglementiert,0,0,0,0,0,0,0,0,0
Coiffeur,Coiffeurgewerbe und Schönheitspflege,GR,abt-total,42,0,42,2,0,2,40,0,40
Coiffeur,Coiffeurgewerbe und Schönheitspflege,GR,EFZ,40,0,40,2,0,2,38,0,38
Coiffeur,Coiffeurgewerbe und Schönheitspflege,GR,EBA,2,0,2,0,0,0,2,0,2
Coiffeur,Coiffeurgewerbe und Schönheitspflege,GR,nReglementiert,0,0,0,0,0,0,0,0,0
Coiffeur,Coiffeurgewerbe und Schönheitspflege,AG,abt-total,125,0,125,11,0,11,114,0,114
Coiffeur,Coiffeurgewerbe und Schönheitspflege,AG,EFZ,119,0,119,8,0,8,111,0,111
Coiffeur,Coiffeurgewerbe und Schönheitspflege,AG,EBA,6,0,6,3,0,3,3,0,3
Coiffeur,Coiffeurgewerbe und Schönheitspflege,AG,nReglementiert,0,0,0,0,0,0,0,0,0
Coiffeur,Coiffeurgewerbe und Schönheitspflege,TG,abt-total,35,0,35,4,0,4,31,0,31
Coiffeur,Coiffeurgewerbe und Schönheitspflege,TG,EFZ,33,0,33,3,0,3,30,0,30
Coiffeur,Coiffeurgewerbe und Schönheitspflege,TG,EBA,2,0,2,1,0,1,1,0,1
Coiffeur,Coiffeurgewerbe und Schönheitspflege,TG,nReglementiert,0,0,0,0,0,0,0,0,0
Coiffeur,Coiffeurgewerbe und Schönheitspflege,TI,abt-total,70,0,70,8,0,8,62,0,62
Coiffeur,Coiffeurgewerbe und Schönheitspflege,TI,EFZ,65,0,65,8,0,8,57,0,57
Coiffeur,Coiffeurgewerbe und Schönheitspflege,TI,EBA,5,0,5,0,0,0,5,0,5
Coiffeur,Coiffeurgewerbe und Schönheitspflege,TI,nReglementiert,0,0,0,0,0,0,0,0,0
Coiffeur,Coiffeurgewerbe und Schönheitspflege,VD,abt-total,120,10,110,12,0,12,108,10,98
Coiffeur,Coiffeurgewerbe und Schönheitspflege,VD,EFZ,107,10,97,10,0,10,97,10,87
Coiffeur,Coiffeurgewerbe und Schönheitspflege,VD,EBA,13,0,13,2,0,2,11,0,11
Coiffeur,Coiffeurgewerbe und Schönheitspflege,VD,nReglementiert,0,0,0,0,0,0,0,0,0
Coiffeur,Coiffeurgewerbe und Schönheitspflege,VS,abt-total,63,0,63,2,0,2,61,0,61
Coiffeur,Coiffeurgewerbe und Schönheitspflege,VS,EFZ,57,0,57,2,0,2,55,0,55
Coiffeur,Coiffeurgewerbe und Schönheitspflege,VS,EBA,6,0,6,0,0,0,6,0,6
Coiffeur,Coiffeurgewerbe und Schönheitspflege,VS,nReglementiert,0,0,0,0,0,0,0,0,0
Coiffeur,Coiffeurgewerbe und Schönheitspflege,NE,abt-total,54,0,54,12,0,12,42,0,42
Coiffeur,Coiffeurgewerbe und Schönheitspflege,NE,EFZ,53,0,53,12,0,12,41,0,41
Coiffeur,Coiffeurgewerbe und Schönheitspflege,NE,EBA,1,0,1,0,0,0,1,0,1
Coiffeur,Coiffeurgewerbe und Schönheitspflege,NE,nReglementiert,0,0,0,0,0,0,0,0,0
Coiffeur,Coiffeurgewerbe und Schönheitspflege,GE,abt-total,45,0,45,7,0,7,38,0,38
Coiffeur,Coiffeurgewerbe und Schönheitspflege,GE,EFZ,42,0,42,7,0,7,35,0,35
Coiffeur,Coiffeurgewerbe und Schönheitspflege,GE,EBA,3,0,3,0,0,0,3,0,3
Coiffeur,Coiffeurgewerbe und Schönheitspflege,GE,nReglementiert,0,0,0,0,0,0,0,0,0
Coiffeur,Coiffeurgewerbe und Schönheitspflege,JU,abt-total,13,0,13,0,0,0,13,0,13
Coiffeur,Coiffeurgewerbe und Schönheitspflege,JU,EFZ,13,0,13,0,0,0,13,0,13
Coiffeur,Coiffeurgewerbe und Schönheitspflege,JU,EBA,0,0,0,0,0,0,0,0,0
Coiffeur,Coiffeurgewerbe und Schönheitspflege,JU,nReglementiert,0,0,0,0,0,0,0,0,0
Verkehrsdienstleistungen,Verkehrsdienstleistungen,,abt-total,323,0,323,298,0,298,25,0,25
Verkehrsdienstleistungen,Verkehrsdienstleistungen,,EFZ,318,0,318,293,0,293,25,0,25
Verkehrsdienstleistungen,Verkehrsdienstleistungen,,EBA,5,0,5,5,0,5,0,0,0
Verkehrsdienstleistungen,Verkehrsdienstleistungen,,nReglementiert,0,0,0,0,0,0,0,0,0
Verkehrsdienstleistungen,Verkehrsdienstleistungen,ZH,abt-total,22,0,22,22,0,22,0,0,0
Verkehrsdienstleistungen,Verkehrsdienstleistungen,ZH,EFZ,22,0,22,22,0,22,0,0,0
Verkehrsdienstleistungen,Verkehrsdienstleistungen,ZH,EBA,0,0,0,0,0,0,0,0,0
Verkehrsdienstleistungen,Verkehrsdienstleistungen,ZH,nReglementiert,0,0,0,0,0,0,0,0,0
Verkehrsdienstleistungen,Verkehrsdienstleistungen,BE,abt-total,40,0,40,37,0,37,3,0,3
Verkehrsdienstleistungen,Verkehrsdienstleistungen,BE,EFZ,40,0,40,37,0,37,3,0,3
Verkehrsdienstleistungen,Verkehrsdienstleistungen,BE,EBA,0,0,0,0,0,0,0,0,0
Verkehrsdienstleistungen,Verkehrsdienstleistungen,BE,nReglementiert,0,0,0,0,0,0,0,0,0
Verkehrsdienstleistungen,Verkehrsdienstleistungen,LU,abt-total,25,0,25,21,0,21,4,0,4
Verkehrsdienstleistungen,Verkehrsdienstleistungen,LU,EFZ,25,0,25,21,0,21,4,0,4
Verkehrsdienstleistungen,Verkehrsdienstleistungen,LU,EBA,0,0,0,0,0,0,0,0,0
Verkehrsdienstleistungen,Verkehrsdienstleistungen,LU,nReglementiert,0,0,0,0,0,0,0,0,0
Verkehrsdienstleistungen,Verkehrsdienstleistungen,UR,abt-total,2,0,2,2,0,2,0,0,0
Verkehrsdienstleistungen,Verkehrsdienstleistungen,UR,EFZ,2,0,2,2,0,2,0,0,0
Verkehrsdienstleistungen,Verkehrsdienstleistungen,UR,EBA,0,0,0,0,0,0,0,0,0
Verkehrsdienstleistungen,Verkehrsdienstleistungen,UR,nReglementiert,0,0,0,0,0,0,0,0,0
Verkehrsdienstleistungen,Verkehrsdienstleistungen,SZ,abt-total,4,0,4,4,0,4,0,0,0
Verkehrsdienstleistungen,Verkehrsdienstleistungen,SZ,EFZ,4,0,4,4,0,4,0,0,0
Verkehrsdienstleistungen,Verkehrsdienstleistungen,SZ,EBA,0,0,0,0,0,0,0,0,0
Verkehrsdienstleistungen,Verkehrsdienstleistungen,SZ,nReglementiert,0,0,0,0,0,0,0,0,0
Verkehrsdienstleistungen,Verkehrsdienstleistungen,OW,abt-total,4,0,4,4,0,4,0,0,0
Verkehrsdienstleistungen,Verkehrsdienstleistungen,OW,EFZ,4,0,4,4,0,4,0,0,0
Verkehrsdienstleistungen,Verkehrsdienstleistungen,OW,EBA,0,0,0,0,0,0,0,0,0
Verkehrsdienstleistungen,Verkehrsdienstleistungen,OW,nReglementiert,0,0,0,0,0,0,0,0,0
Verkehrsdienstleistungen,Verkehrsdienstleistungen,NW,abt-total,2,0,2,2,0,2,0,0,0
Verkehrsdienstleistungen,Verkehrsdienstleistungen,NW,EFZ,2,0,2,2,0,2,0,0,0
Verkehrsdienstleistungen,Verkehrsdienstleistungen,NW,EBA,0,0,0,0,0,0,0,0,0
Verkehrsdienstleistungen,Verkehrsdienstleistungen,NW,nReglementiert,0,0,0,0,0,0,0,0,0
Verkehrsdienstleistungen,Verkehrsdienstleistungen,GL,abt-total,0,0,0,0,0,0,0,0,0
Verkehrsdienstleistungen,Verkehrsdienstleistungen,GL,EFZ,0,0,0,0,0,0,0,0,0
Verkehrsdienstleistungen,Verkehrsdienstleistungen,GL,EBA,0,0,0,0,0,0,0,0,0
Verkehrsdienstleistungen,Verkehrsdienstleistungen,GL,nReglementiert,0,0,0,0,0,0,0,0,0
Verkehrsdienstleistungen,Verkehrsdienstleistungen,ZG,abt-total,0,0,0,0,0,0,0,0,0
Verkehrsdienstleistungen,Verkehrsdienstleistungen,ZG,EFZ,0,0,0,0,0,0,0,0,0
Verkehrsdienstleistungen,Verkehrsdienstleistungen,ZG,EBA,0,0,0,0,0,0,0,0,0
Verkehrsdienstleistungen,Verkehrsdienstleistungen,ZG,nReglementiert,0,0,0,0,0,0,0,0,0
Verkehrsdienstleistungen,Verkehrsdienstleistungen,FR,abt-total,21,0,21,20,0,20,1,0,1
Verkehrsdienstleistungen,Verkehrsdienstleistungen,FR,EFZ,21,0,21,20,0,20,1,0,1
Verkehrsdienstleistungen,Verkehrsdienstleistungen,FR,EBA,0,0,0,0,0,0,0,0,0
Verkehrsdienstleistungen,Verkehrsdienstleistungen,FR,nReglementiert,0,0,0,0,0,0,0,0,0
Verkehrsdienstleistungen,Verkehrsdienstleistungen,SO,abt-total,6,0,6,5,0,5,1,0,1
Verkehrsdienstleistungen,Verkehrsdienstleistungen,SO,EFZ,6,0,6,5,0,5,1,0,1
Verkehrsdienstleistungen,Verkehrsdienstleistungen,SO,EBA,0,0,0,0,0,0,0,0,0
Verkehrsdienstleistungen,Verkehrsdienstleistungen,SO,nReglementiert,0,0,0,0,0,0,0,0,0
Verkehrsdienstleistungen,Verkehrsdienstleistungen,BS,abt-total,16,0,16,16,0,16,0,0,0
Verkehrsdienstleistungen,Verkehrsdienstleistungen,BS,EFZ,16,0,16,16,0,16,0,0,0
Verkehrsdienstleistungen,Verkehrsdienstleistungen,BS,EBA,0,0,0,0,0,0,0,0,0
Verkehrsdienstleistungen,Verkehrsdienstleistungen,BS,nReglementiert,0,0,0,0,0,0,0,0,0
Verkehrsdienstleistungen,Verkehrsdienstleistungen,BL,abt-total,11,0,11,10,0,10,1,0,1
Verkehrsdienstleistungen,Verkehrsdienstleistungen,BL,EFZ,11,0,11,10,0,10,1,0,1
Verkehrsdienstleistungen,Verkehrsdienstleistungen,BL,EBA,0,0,0,0,0,0,0,0,0
Verkehrsdienstleistungen,Verkehrsdienstleistungen,Bl,nReglementiert,0,0,0,0,0,0,0,0,0
Verkehrsdienstleistungen,Verkehrsdienstleistungen,SH,abt-total,5,0,5,5,0,5,0,0,0
Verkehrsdienstleistungen,Verkehrsdienstleistungen,SH,EFZ,5,0,5,5,0,5,0,0,0
Verkehrsdienstleistungen,Verkehrsdienstleistungen,SH,EBA,0,0,0,0,0,0,0,0,0
Verkehrsdienstleistungen,Verkehrsdienstleistungen,SH,nReglementiert,0,0,0,0,0,0,0,0,0
Verkehrsdienstleistungen,Verkehrsdienstleistungen,AR,abt-total,0,0,0,0,0,0,0,0,0
Verkehrsdienstleistungen,Verkehrsdienstleistungen,AR,EFZ,0,0,0,0,0,0,0,0,0
Verkehrsdienstleistungen,Verkehrsdienstleistungen,AR,EBA,0,0,0,0,0,0,0,0,0
Verkehrsdienstleistungen,Verkehrsdienstleistungen,AR,nReglementiert,0,0,0,0,0,0,0,0,0
Verkehrsdienstleistungen,Verkehrsdienstleistungen,AI,abt-total,0,0,0,0,0,0,0,0,0
Verkehrsdienstleistungen,Verkehrsdienstleistungen,AI,EFZ,0,0,0,0,0,0,0,0,0
Verkehrsdienstleistungen,Verkehrsdienstleistungen,AI,EBA,0,0,0,0,0,0,0,0,0
Verkehrsdienstleistungen,Verkehrsdienstleistungen,AI,nReglementiert,0,0,0,0,0,0,0,0,0
Verkehrsdienstleistungen,Verkehrsdienstleistungen,SG,abt-total,32,0,32,26,0,26,6,0,6
Verkehrsdienstleistungen,Verkehrsdienstleistungen,SG,EFZ,32,0,32,26,0,26,6,0,6
Verkehrsdienstleistungen,Verkehrsdienstleistungen,SG,EBA,0,0,0,0,0,0,0,0,0
Verkehrsdienstleistungen,Verkehrsdienstleistungen,SG,nReglementiert,0,0,0,0,0,0,0,0,0
Verkehrsdienstleistungen,Verkehrsdienstleistungen,GR,abt-total,15,0,15,14,0,14,1,0,1
Verkehrsdienstleistungen,Verkehrsdienstleistungen,GR,EFZ,15,0,15,14,0,14,1,0,1
Verkehrsdienstleistungen,Verkehrsdienstleistungen,GR,EBA,0,0,0,0,0,0,0,0,0
Verkehrsdienstleistungen,Verkehrsdienstleistungen,GR,nReglementiert,0,0,0,0,0,0,0,0,0
Verkehrsdienstleistungen,Verkehrsdienstleistungen,AG,abt-total,26,0,26,23,0,23,3,0,3
Verkehrsdienstleistungen,Verkehrsdienstleistungen,AG,EFZ,26,0,26,23,0,23,3,0,3
Verkehrsdienstleistungen,Verkehrsdienstleistungen,AG,EBA,0,0,0,0,0,0,0,0,0
Verkehrsdienstleistungen,Verkehrsdienstleistungen,AG,nReglementiert,0,0,0,0,0,0,0,0,0
Verkehrsdienstleistungen,Verkehrsdienstleistungen,TG,abt-total,4,0,4,4,0,4,0,0,0
Verkehrsdienstleistungen,Verkehrsdienstleistungen,TG,EFZ,4,0,4,4,0,4,0,0,0
Verkehrsdienstleistungen,Verkehrsdienstleistungen,TG,EBA,0,0,0,0,0,0,0,0,0
Verkehrsdienstleistungen,Verkehrsdienstleistungen,TG,nReglementiert,0,0,0,0,0,0,0,0,0
Verkehrsdienstleistungen,Verkehrsdienstleistungen,TI,abt-total,10,0,10,9,0,9,1,0,1
Verkehrsdienstleistungen,Verkehrsdienstleistungen,TI,EFZ,10,0,10,9,0,9,1,0,1
Verkehrsdienstleistungen,Verkehrsdienstleistungen,TI,EBA,0,0,0,0,0,0,0,0,0
Verkehrsdienstleistungen,Verkehrsdienstleistungen,TI,nReglementiert,0,0,0,0,0,0,0,0,0
Verkehrsdienstleistungen,Verkehrsdienstleistungen,VD,abt-total,26,0,26,26,0,26,0,0,0
Verkehrsdienstleistungen,Verkehrsdienstleistungen,VD,EFZ,26,0,26,26,0,26,0,0,0
Verkehrsdienstleistungen,Verkehrsdienstleistungen,VD,EBA,0,0,0,0,0,0,0,0,0
Verkehrsdienstleistungen,Verkehrsdienstleistungen,VD,nReglementiert,0,0,0,0,0,0,0,0,0
Verkehrsdienstleistungen,Verkehrsdienstleistungen,VS,abt-total,34,0,34,33,0,33,1,0,1
Verkehrsdienstleistungen,Verkehrsdienstleistungen,VS,EFZ,29,0,29,28,0,28,1,0,1
Verkehrsdienstleistungen,Verkehrsdienstleistungen,VS,EBA,5,0,5,5,0,5,0,0,0
Verkehrsdienstleistungen,Verkehrsdienstleistungen,VS,nReglementiert,0,0,0,0,0,0,0,0,0
Verkehrsdienstleistungen,Verkehrsdienstleistungen,NE,abt-total,10,0,10,9,0,9,1,0,1
Verkehrsdienstleistungen,Verkehrsdienstleistungen,NE,EFZ,10,0,10,9,0,9,1,0,1
Verkehrsdienstleistungen,Verkehrsdienstleistungen,NE,EBA,0,0,0,0,0,0,0,0,0
Verkehrsdienstleistungen,Verkehrsdienstleistungen,NE,nReglementiert,0,0,0,0,0,0,0,0,0
Verkehrsdienstleistungen,Verkehrsdienstleistungen,GE,abt-total,7,0,7,5,0,5,2,0,2
Verkehrsdienstleistungen,Verkehrsdienstleistungen,GE,EFZ,7,0,7,5,0,5,2,0,2
Verkehrsdienstleistungen,Verkehrsdienstleistungen,GE,EBA,0,0,0,0,0,0,0,0,0
Verkehrsdienstleistungen,Verkehrsdienstleistungen,GE,nReglementiert,0,0,0,0,0,0,0,0,0
Verkehrsdienstleistungen,Verkehrsdienstleistungen,JU,abt-total,1,0,1,1,0,1,0,0,0
Verkehrsdienstleistungen,Verkehrsdienstleistungen,JU,EFZ,1,0,1,1,0,1,0,0,0
Verkehrsdienstleistungen,Verkehrsdienstleistungen,JU,EBA,0,0,0,0,0,0,0,0,0
Verkehrsdienstleistungen,Verkehrsdienstleistungen,JU,nReglementiert,0,0,0,0,0,0,0,0,0
Umweltschutz,Umweltschutz,,abt-total,47,0,47,44,0,44,3,0,3
Umweltschutz,Umweltschutz,,EFZ,47,0,47,44,0,44,3,0,3
Umweltschutz,Umweltschutz,,EBA,0,0,0,0,0,0,0,0,0
Umweltschutz,Umweltschutz,,nReglementiert,0,0,0,0,0,0,0,0,0
Umweltschutz,Umweltschutz,ZH,abt-total,10,0,10,9,0,9,1,0,1
Umweltschutz,Umweltschutz,ZH,EFZ,10,0,10,9,0,9,1,0,1
Umweltschutz,Umweltschutz,ZH,EBA,0,0,0,0,0,0,0,0,0
Umweltschutz,Umweltschutz,ZH,nReglementiert,0,0,0,0,0,0,0,0,0
Umweltschutz,Umweltschutz,BE,abt-total,3,0,3,2,0,2,1,0,1
Umweltschutz,Umweltschutz,BE,EFZ,3,0,3,2,0,2,1,0,1
Umweltschutz,Umweltschutz,BE,EBA,0,0,0,0,0,0,0,0,0
Umweltschutz,Umweltschutz,BE,nReglementiert,0,0,0,0,0,0,0,0,0
Umweltschutz,Umweltschutz,LU,abt-total,0,0,0,0,0,0,0,0,0
Umweltschutz,Umweltschutz,LU,EFZ,0,0,0,0,0,0,0,0,0
Umweltschutz,Umweltschutz,LU,EBA,0,0,0,0,0,0,0,0,0
Umweltschutz,Umweltschutz,LU,nReglementiert,0,0,0,0,0,0,0,0,0
Umweltschutz,Umweltschutz,UR,abt-total,1,0,1,1,0,1,0,0,0
Umweltschutz,Umweltschutz,UR,EFZ,1,0,1,1,0,1,0,0,0
Umweltschutz,Umweltschutz,UR,EBA,0,0,0,0,0,0,0,0,0
Umweltschutz,Umweltschutz,UR,nReglementiert,0,0,0,0,0,0,0,0,0
Umweltschutz,Umweltschutz,SZ,abt-total,1,0,1,1,0,1,0,0,0
Umweltschutz,Umweltschutz,SZ,EFZ,1,0,1,1,0,1,0,0,0
Umweltschutz,Umweltschutz,SZ,EBA,0,0,0,0,0,0,0,0,0
Umweltschutz,Umweltschutz,SZ,nReglementiert,0,0,0,0,0,0,0,0,0
Umweltschutz,Umweltschutz,OW,abt-total,0,0,0,0,0,0,0,0,0
Umweltschutz,Umweltschutz,OW,EFZ,0,0,0,0,0,0,0,0,0
Umweltschutz,Umweltschutz,OW,EBA,0,0,0,0,0,0,0,0,0
Umweltschutz,Umweltschutz,OW,nReglementiert,0,0,0,0,0,0,0,0,0
Umweltschutz,Umweltschutz,NW,abt-total,1,0,1,1,0,1,0,0,0
Umweltschutz,Umweltschutz,NW,EFZ,1,0,1,1,0,1,0,0,0
Umweltschutz,Umweltschutz,NW,EBA,0,0,0,0,0,0,0,0,0
Umweltschutz,Umweltschutz,NW,nReglementiert,0,0,0,0,0,0,0,0,0
Umweltschutz,Umweltschutz,GL,abt-total,0,0,0,0,0,0,0,0,0
Umweltschutz,Umweltschutz,GL,EFZ,0,0,0,0,0,0,0,0,0
Umweltschutz,Umweltschutz,GL,EBA,0,0,0,0,0,0,0,0,0
Umweltschutz,Umweltschutz,GL,nReglementiert,0,0,0,0,0,0,0,0,0
Umweltschutz,Umweltschutz,ZG,abt-total,0,0,0,0,0,0,0,0,0
Umweltschutz,Umweltschutz,ZG,EFZ,0,0,0,0,0,0,0,0,0
Umweltschutz,Umweltschutz,ZG,EBA,0,0,0,0,0,0,0,0,0
Umweltschutz,Umweltschutz,ZG,nReglementiert,0,0,0,0,0,0,0,0,0
Umweltschutz,Umweltschutz,FR,abt-total,4,0,4,4,0,4,0,0,0
Umweltschutz,Umweltschutz,FR,EFZ,4,0,4,4,0,4,0,0,0
Umweltschutz,Umweltschutz,FR,EBA,0,0,0,0,0,0,0,0,0
Umweltschutz,Umweltschutz,FR,nReglementiert,0,0,0,0,0,0,0,0,0
Umweltschutz,Umweltschutz,SO,abt-total,0,0,0,0,0,0,0,0,0
Umweltschutz,Umweltschutz,SO,EFZ,0,0,0,0,0,0,0,0,0
Umweltschutz,Umweltschutz,SO,EBA,0,0,0,0,0,0,0,0,0
Umweltschutz,Umweltschutz,SO,nReglementiert,0,0,0,0,0,0,0,0,0
Umweltschutz,Umweltschutz,BS,abt-total,0,0,0,0,0,0,0,0,0
Umweltschutz,Umweltschutz,BS,EFZ,0,0,0,0,0,0,0,0,0
Umweltschutz,Umweltschutz,BS,EBA,0,0,0,0,0,0,0,0,0
Umweltschutz,Umweltschutz,BS,nReglementiert,0,0,0,0,0,0,0,0,0
Umweltschutz,Umweltschutz,BL,abt-total,1,0,1,1,0,1,0,0,0
Umweltschutz,Umweltschutz,BL,EFZ,1,0,1,1,0,1,0,0,0
Umweltschutz,Umweltschutz,BL,EBA,0,0,0,0,0,0,0,0,0
Umweltschutz,Umweltschutz,Bl,nReglementiert,0,0,0,0,0,0,0,0,0
Umweltschutz,Umweltschutz,SH,abt-total,0,0,0,0,0,0,0,0,0
Umweltschutz,Umweltschutz,SH,EFZ,0,0,0,0,0,0,0,0,0
Umweltschutz,Umweltschutz,SH,EBA,0,0,0,0,0,0,0,0,0
Umweltschutz,Umweltschutz,SH,nReglementiert,0,0,0,0,0,0,0,0,0
Umweltschutz,Umweltschutz,AR,abt-total,0,0,0,0,0,0,0,0,0
Umweltschutz,Umweltschutz,AR,EFZ,0,0,0,0,0,0,0,0,0
Umweltschutz,Umweltschutz,AR,EBA,0,0,0,0,0,0,0,0,0
Umweltschutz,Umweltschutz,AR,nReglementiert,0,0,0,0,0,0,0,0,0
Umweltschutz,Umweltschutz,AI,abt-total,0,0,0,0,0,0,0,0,0
Umweltschutz,Umweltschutz,AI,EFZ,0,0,0,0,0,0,0,0,0
Umweltschutz,Umweltschutz,AI,EBA,0,0,0,0,0,0,0,0,0
Umweltschutz,Umweltschutz,AI,nReglementiert,0,0,0,0,0,0,0,0,0
Umweltschutz,Umweltschutz,SG,abt-total,12,0,12,11,0,11,1,0,1
Umweltschutz,Umweltschutz,SG,EFZ,12,0,12,11,0,11,1,0,1
Umweltschutz,Umweltschutz,SG,EBA,0,0,0,0,0,0,0,0,0
Umweltschutz,Umweltschutz,SG,nReglementiert,0,0,0,0,0,0,0,0,0
Umweltschutz,Umweltschutz,GR,abt-total,0,0,0,0,0,0,0,0,0
Umweltschutz,Umweltschutz,GR,EFZ,0,0,0,0,0,0,0,0,0
Umweltschutz,Umweltschutz,GR,EBA,0,0,0,0,0,0,0,0,0
Umweltschutz,Umweltschutz,GR,nReglementiert,0,0,0,0,0,0,0,0,0
Umweltschutz,Umweltschutz,AG,abt-total,5,0,5,5,0,5,0,0,0
Umweltschutz,Umweltschutz,AG,EFZ,5,0,5,5,0,5,0,0,0
Umweltschutz,Umweltschutz,AG,EBA,0,0,0,0,0,0,0,0,0
Umweltschutz,Umweltschutz,AG,nReglementiert,0,0,0,0,0,0,0,0,0
Umweltschutz,Umweltschutz,TG,abt-total,1,0,1,1,0,1,0,0,0
Umweltschutz,Umweltschutz,TG,EFZ,1,0,1,1,0,1,0,0,0
Umweltschutz,Umweltschutz,TG,EBA,0,0,0,0,0,0,0,0,0
Umweltschutz,Umweltschutz,TG,nReglementiert,0,0,0,0,0,0,0,0,0
Umweltschutz,Umweltschutz,TI,abt-total,4,0,4,4,0,4,0,0,0
Umweltschutz,Umweltschutz,TI,EFZ,4,0,4,4,0,4,0,0,0
Umweltschutz,Umweltschutz,TI,EBA,0,0,0,0,0,0,0,0,0
Umweltschutz,Umweltschutz,TI,nReglementiert,0,0,0,0,0,0,0,0,0
Umweltschutz,Umweltschutz,VD,abt-total,3,0,3,3,0,3,0,0,0
Umweltschutz,Umweltschutz,VD,EFZ,3,0,3,3,0,3,0,0,0
Umweltschutz,Umweltschutz,VD,EBA,0,0,0,0,0,0,0,0,0
Umweltschutz,Umweltschutz,VD,nReglementiert,0,0,0,0,0,0,0,0,0
Umweltschutz,Umweltschutz,VS,abt-total,0,0,0,0,0,0,0,0,0
Umweltschutz,Umweltschutz,VS,EFZ,0,0,0,0,0,0,0,0,0
Umweltschutz,Umweltschutz,VS,EBA,0,0,0,0,0,0,0,0,0
Umweltschutz,Umweltschutz,VS,nReglementiert,0,0,0,0,0,0,0,0,0
Umweltschutz,Umweltschutz,NE,abt-total,0,0,0,0,0,0,0,0,0
Umweltschutz,Umweltschutz,NE,EFZ,0,0,0,0,0,0,0,0,0
Umweltschutz,Umweltschutz,NE,EBA,0,0,0,0,0,0,0,0,0
Umweltschutz,Umweltschutz,NE,nReglementiert,0,0,0,0,0,0,0,0,0
Umweltschutz,Umweltschutz,GE,abt-total,1,0,1,1,0,1,0,0,0
Umweltschutz,Umweltschutz,GE,EFZ,1,0,1,1,0,1,0,0,0
Umweltschutz,Umweltschutz,GE,EBA,0,0,0,0,0,0,0,0,0
Umweltschutz,Umweltschutz,GE,nReglementiert,0,0,0,0,0,0,0,0,0
Umweltschutz,Umweltschutz,JU,abt-total,0,0,0,0,0,0,0,0,0
Umweltschutz,Umweltschutz,JU,EFZ,0,0,0,0,0,0,0,0,0
Umweltschutz,Umweltschutz,JU,EBA,0,0,0,0,0,0,0,0,0
Umweltschutz,Umweltschutz,JU,nReglementiert,0,0,0,0,0,0,0,0,0
