Ausbildungsfeld,Canton,Ausbildungstyp,Geschlecht_Total,Geschlecht_Vollschulisch,Geschlecht_Dual,Mann_Total,Mann_Vollschulisch,Mann_Dual,Frau_Total,Frau_Vollschulisch,Frau_Dual
Total,,abt-total,75672,4655,71017,43081,2690,40391,32591,1965,30626
Total,,EFZ,69223,4329,64894,39845,2533,37312,29378,1796,27582
Total,,EBA,4806,112,4694,2716,72,2644,2090,40,2050
Total,,nReglementiert,1643,214,1429,520,85,435,1123,129,994
Total,ZH,abt-total,12089,190,11899,6495,121,6374,5594,69,5525
Total,ZH,EFZ,10992,128,10864,5951,76,5875,5041,52,4989
Total,ZH,EBA,742,8,734,446,8,438,296,0,296
Total,ZH,nReglementiert,355,54,301,98,37,61,257,17,240
Total,BE,abt-total,10194,465,9729,5598,314,5284,4596,151,4445
Total,BE,EFZ,9401,396,9005,5222,253,4969,4179,143,4036
Total,BE,EBA,662,69,593,365,61,304,297,8,289
Total,BE,nReglementiert,131,0,131,11,0,11,120,0,120
Total,LU,abt-total,3998,41,3957,2255,24,2231,1743,17,1726
Total,LU,EFZ,3584,16,3568,2069,6,2063,1515,10,1505
Total,LU,EBA,296,0,296,156,0,156,140,0,140
Total,LU,nReglementiert,118,25,93,30,18,12,88,7,81
Total,UR,abt-total,420,0,420,236,0,236,184,0,184
Total,UR,EFZ,411,0,411,233,0,233,178,0,178
Total,UR,EBA,9,0,9,3,0,3,6,0,6
Total,UR,nReglementiert,0,0,0,0,0,0,0,0,0
Total,SZ,abt-total,1149,0,1149,675,0,675,474,0,474
Total,SZ,EFZ,1075,0,1075,629,0,629,446,0,446
Total,SZ,EBA,74,0,74,46,0,46,28,0,28
Total,SZ,nReglementiert,0,0,0,0,0,0,0,0,0
Total,OW,abt-total,360,0,360,232,0,232,128,0,128
Total,OW,EFZ,339,0,339,219,0,219,120,0,120
Total,OW,EBA,21,0,21,13,0,13,8,0,8
Total,OW,nReglementiert,0,0,0,0,0,0,0,0,0
Total,NW,abt-total,384,0,384,215,0,215,169,0,169
Total,NW,EFZ,372,0,372,206,0,206,166,0,166
Total,NW,EBA,12,0,12,9,0,9,3,0,3
Total,NW,nReglementiert,0,0,0,0,0,0,0,0,0
Total,GL,abt-total,485,0,485,271,0,271,214,0,214
Total,GL,EFZ,466,0,466,261,0,261,205,0,205
Total,GL,EBA,19,0,19,10,0,10,9,0,9
Total,GL,nReglementiert,0,0,0,0,0,0,0,0,0
Total,ZG,abt-total,1169,0,1169,658,0,658,511,0,511
Total,ZG,EFZ,1094,0,1094,624,0,624,470,0,470
Total,ZG,EBA,75,0,75,34,0,34,41,0,41
Total,ZG,nReglementiert,0,0,0,0,0,0,0,0,0
Total,FR,abt-total,2691,192,2499,1621,106,1515,1070,86,984
Total,FR,EFZ,2522,170,2352,1546,106,1440,976,64,912
Total,FR,EBA,128,17,111,72,0,72,56,17,39
Total,FR,nReglementiert,41,5,36,3,0,3,38,5,33
Total,SO,abt-total,2232,13,2219,1228,9,1219,1004,4,1000
Total,SO,EFZ,1951,13,1938,1090,9,1081,861,4,857
Total,SO,EBA,233,0,233,137,0,137,96,0,96
Total,SO,nReglementiert,48,0,48,1,0,1,47,0,47
Total,BS,abt-total,1994,59,1935,1013,33,980,981,26,955
Total,BS,EFZ,1691,45,1646,899,29,870,792,16,776
Total,BS,EBA,242,1,241,111,1,110,131,0,131
Total,BS,nReglementiert,61,13,48,3,3,0,58,10,48
Total,BL,abt-total,2126,0,2126,1364,0,1364,762,0,762
Total,BL,EFZ,1767,0,1767,1104,0,1104,663,0,663
Total,BL,EBA,199,0,199,124,0,124,75,0,75
Total,Bl,nReglementiert,160,0,160,136,0,136,24,0,24
Total,SH,abt-total,882,0,882,483,0,483,399,0,399
Total,SH,EFZ,814,0,814,448,0,448,366,0,366
Total,SH,EBA,51,0,51,33,0,33,18,0,18
Total,SH,nReglementiert,17,0,17,2,0,2,15,0,15
Total,AR,abt-total,482,0,482,265,0,265,217,0,217
Total,AR,EFZ,457,0,457,253,0,253,204,0,204
Total,AR,EBA,25,0,25,12,0,12,13,0,13
Total,AR,nReglementiert,0,0,0,0,0,0,0,0,0
Total,AI,abt-total,161,0,161,84,0,84,77,0,77
Total,AI,EFZ,156,0,156,84,0,84,72,0,72
Total,AI,EBA,5,0,5,0,0,0,5,0,5
Total,AI,nReglementiert,0,0,0,0,0,0,0,0,0
Total,SG,abt-total,5571,21,5550,3140,3,3137,2431,18,2413
Total,SG,EFZ,5168,21,5147,2938,3,2935,2230,18,2212
Total,SG,EBA,388,0,388,196,0,196,192,0,192
Total,SG,nReglementiert,15,0,15,6,0,6,9,0,9
Total,GR,abt-total,2026,0,2026,1159,0,1159,867,0,867
Total,GR,EFZ,1882,0,1882,1087,0,1087,795,0,795
Total,GR,EBA,119,0,119,64,0,64,55,0,55
Total,GR,nReglementiert,25,0,25,8,0,8,17,0,17
Total,AG,abt-total,5478,12,5466,3094,12,3082,2384,0,2384
Total,AG,EFZ,5135,0,5135,2898,0,2898,2237,0,2237
Total,AG,EBA,331,0,331,184,0,184,147,0,147
Total,AG,nReglementiert,12,12,0,12,12,0,0,0,0
Total,TG,abt-total,2458,0,2458,1449,0,1449,1009,0,1009
Total,TG,EFZ,2262,0,2262,1336,0,1336,926,0,926
Total,TG,EBA,183,0,183,112,0,112,71,0,71
Total,TG,nReglementiert,13,0,13,1,0,1,12,0,12
Total,TI,abt-total,3034,692,2342,1925,353,1572,1109,339,770
Total,TI,EFZ,2871,692,2179,1829,353,1476,1042,339,703
Total,TI,EBA,138,0,138,86,0,86,52,0,52
Total,TI,nReglementiert,25,0,25,10,0,10,15,0,15
Total,VD,abt-total,6655,830,5825,3897,485,3412,2758,345,2413
Total,VD,EFZ,6255,816,5439,3673,484,3189,2582,332,2250
Total,VD,EBA,365,0,365,223,0,223,142,0,142
Total,VD,nReglementiert,35,14,21,1,1,0,34,13,21
Total,VS,abt-total,3039,301,2738,1844,118,1726,1195,183,1012
Total,VS,EFZ,2829,257,2572,1750,111,1639,1079,146,933
Total,VS,EBA,155,11,144,86,0,86,69,11,58
Total,VS,nReglementiert,55,33,22,8,7,1,47,26,21
Total,NE,abt-total,1989,463,1526,1138,297,841,851,166,685
Total,NE,EFZ,1811,463,1348,1057,297,760,754,166,588
Total,NE,EBA,125,0,125,68,0,68,57,0,57
Total,NE,nReglementiert,53,0,53,13,0,13,40,0,40
Total,GE,abt-total,3827,1220,2607,2278,758,1520,1549,462,1087
Total,GE,EFZ,3185,1162,2023,2004,751,1253,1181,411,770
Total,GE,EBA,163,0,163,97,0,97,66,0,66
Total,GE,nReglementiert,479,58,421,177,7,170,302,51,251
Total,JU,abt-total,779,156,623,464,57,407,315,99,216
Total,JU,EFZ,733,150,583,435,55,380,298,95,203
Total,JU,EBA,46,6,40,29,2,27,17,4,13
Total,JU,nReglementiert,0,0,0,0,0,0,0,0,0
Musik und darstellende Kunst,,abt-total,18,0,18,2,0,2,16,0,16
Musik und darstellende Kunst,,EFZ,18,0,18,2,0,2,16,0,16
Musik und darstellende Kunst,,EBA,0,0,0,0,0,0,0,0,0
Musik und darstellende Kunst,,nReglementiert,0,0,0,0,0,0,0,0,0
Musik und darstellende Kunst,ZH,abt-total,18,0,18,2,0,2,16,0,16
Musik und darstellende Kunst,ZH,EFZ,18,0,18,2,0,2,16,0,16
Musik und darstellende Kunst,ZH,EBA,0,0,0,0,0,0,0,0,0
Musik und darstellende Kunst,ZH,nReglementiert,0,0,0,0,0,0,0,0,0
Musik und darstellende Kunst,BE,abt-total,0,0,0,0,0,0,0,0,0
Musik und darstellende Kunst,BE,EFZ,0,0,0,0,0,0,0,0,0
Musik und darstellende Kunst,BE,EBA,0,0,0,0,0,0,0,0,0
Musik und darstellende Kunst,BE,nReglementiert,0,0,0,0,0,0,0,0,0
Musik und darstellende Kunst,LU,abt-total,0,0,0,0,0,0,0,0,0
Musik und darstellende Kunst,LU,EFZ,0,0,0,0,0,0,0,0,0
Musik und darstellende Kunst,LU,EBA,0,0,0,0,0,0,0,0,0
Musik und darstellende Kunst,LU,nReglementiert,0,0,0,0,0,0,0,0,0
Musik und darstellende Kunst,UR,abt-total,0,0,0,0,0,0,0,0,0
Musik und darstellende Kunst,UR,EFZ,0,0,0,0,0,0,0,0,0
Musik und darstellende Kunst,UR,EBA,0,0,0,0,0,0,0,0,0
Musik und darstellende Kunst,UR,nReglementiert,0,0,0,0,0,0,0,0,0
Musik und darstellende Kunst,SZ,abt-total,0,0,0,0,0,0,0,0,0
Musik und darstellende Kunst,SZ,EFZ,0,0,0,0,0,0,0,0,0
Musik und darstellende Kunst,SZ,EBA,0,0,0,0,0,0,0,0,0
Musik und darstellende Kunst,SZ,nReglementiert,0,0,0,0,0,0,0,0,0
Musik und darstellende Kunst,OW,abt-total,0,0,0,0,0,0,0,0,0
Musik und darstellende Kunst,OW,EFZ,0,0,0,0,0,0,0,0,0
Musik und darstellende Kunst,OW,EBA,0,0,0,0,0,0,0,0,0
Musik und darstellende Kunst,OW,nReglementiert,0,0,0,0,0,0,0,0,0
Musik und darstellende Kunst,NW,abt-total,0,0,0,0,0,0,0,0,0
Musik und darstellende Kunst,NW,EFZ,0,0,0,0,0,0,0,0,0
Musik und darstellende Kunst,NW,EBA,0,0,0,0,0,0,0,0,0
Musik und darstellende Kunst,NW,nReglementiert,0,0,0,0,0,0,0,0,0
Musik und darstellende Kunst,GL,abt-total,0,0,0,0,0,0,0,0,0
Musik und darstellende Kunst,GL,EFZ,0,0,0,0,0,0,0,0,0
Musik und darstellende Kunst,GL,EBA,0,0,0,0,0,0,0,0,0
Musik und darstellende Kunst,GL,nReglementiert,0,0,0,0,0,0,0,0,0
Musik und darstellende Kunst,ZG,abt-total,0,0,0,0,0,0,0,0,0
Musik und darstellende Kunst,ZG,EFZ,0,0,0,0,0,0,0,0,0
Musik und darstellende Kunst,ZG,EBA,0,0,0,0,0,0,0,0,0
Musik und darstellende Kunst,ZG,nReglementiert,0,0,0,0,0,0,0,0,0
Musik und darstellende Kunst,FR,abt-total,0,0,0,0,0,0,0,0,0
Musik und darstellende Kunst,FR,EFZ,0,0,0,0,0,0,0,0,0
Musik und darstellende Kunst,FR,EBA,0,0,0,0,0,0,0,0,0
Musik und darstellende Kunst,FR,nReglementiert,0,0,0,0,0,0,0,0,0
Musik und darstellende Kunst,SO,abt-total,0,0,0,0,0,0,0,0,0
Musik und darstellende Kunst,SO,EFZ,0,0,0,0,0,0,0,0,0
Musik und darstellende Kunst,SO,EBA,0,0,0,0,0,0,0,0,0
Musik und darstellende Kunst,SO,nReglementiert,0,0,0,0,0,0,0,0,0
Musik und darstellende Kunst,BS,abt-total,0,0,0,0,0,0,0,0,0
Musik und darstellende Kunst,BS,EFZ,0,0,0,0,0,0,0,0,0
Musik und darstellende Kunst,BS,EBA,0,0,0,0,0,0,0,0,0
Musik und darstellende Kunst,BS,nReglementiert,0,0,0,0,0,0,0,0,0
Musik und darstellende Kunst,BL,abt-total,0,0,0,0,0,0,0,0,0
Musik und darstellende Kunst,BL,EFZ,0,0,0,0,0,0,0,0,0
Musik und darstellende Kunst,BL,EBA,0,0,0,0,0,0,0,0,0
Musik und darstellende Kunst,Bl,nReglementiert,0,0,0,0,0,0,0,0,0
Musik und darstellende Kunst,SH,abt-total,0,0,0,0,0,0,0,0,0
Musik und darstellende Kunst,SH,EFZ,0,0,0,0,0,0,0,0,0
Musik und darstellende Kunst,SH,EBA,0,0,0,0,0,0,0,0,0
Musik und darstellende Kunst,SH,nReglementiert,0,0,0,0,0,0,0,0,0
Musik und darstellende Kunst,AR,abt-total,0,0,0,0,0,0,0,0,0
Musik und darstellende Kunst,AR,EFZ,0,0,0,0,0,0,0,0,0
Musik und darstellende Kunst,AR,EBA,0,0,0,0,0,0,0,0,0
Musik und darstellende Kunst,AR,nReglementiert,0,0,0,0,0,0,0,0,0
Musik und darstellende Kunst,AI,abt-total,0,0,0,0,0,0,0,0,0
Musik und darstellende Kunst,AI,EFZ,0,0,0,0,0,0,0,0,0
Musik und darstellende Kunst,AI,EBA,0,0,0,0,0,0,0,0,0
Musik und darstellende Kunst,AI,nReglementiert,0,0,0,0,0,0,0,0,0
Musik und darstellende Kunst,SG,abt-total,0,0,0,0,0,0,0,0,0
Musik und darstellende Kunst,SG,EFZ,0,0,0,0,0,0,0,0,0
Musik und darstellende Kunst,SG,EBA,0,0,0,0,0,0,0,0,0
Musik und darstellende Kunst,SG,nReglementiert,0,0,0,0,0,0,0,0,0
Musik und darstellende Kunst,GR,abt-total,0,0,0,0,0,0,0,0,0
Musik und darstellende Kunst,GR,EFZ,0,0,0,0,0,0,0,0,0
Musik und darstellende Kunst,GR,EBA,0,0,0,0,0,0,0,0,0
Musik und darstellende Kunst,GR,nReglementiert,0,0,0,0,0,0,0,0,0
Musik und darstellende Kunst,AG,abt-total,0,0,0,0,0,0,0,0,0
Musik und darstellende Kunst,AG,EFZ,0,0,0,0,0,0,0,0,0
Musik und darstellende Kunst,AG,EBA,0,0,0,0,0,0,0,0,0
Musik und darstellende Kunst,AG,nReglementiert,0,0,0,0,0,0,0,0,0
Musik und darstellende Kunst,TG,abt-total,0,0,0,0,0,0,0,0,0
Musik und darstellende Kunst,TG,EFZ,0,0,0,0,0,0,0,0,0
Musik und darstellende Kunst,TG,EBA,0,0,0,0,0,0,0,0,0
Musik und darstellende Kunst,TG,nReglementiert,0,0,0,0,0,0,0,0,0
Musik und darstellende Kunst,TI,abt-total,0,0,0,0,0,0,0,0,0
Musik und darstellende Kunst,TI,EFZ,0,0,0,0,0,0,0,0,0
Musik und darstellende Kunst,TI,EBA,0,0,0,0,0,0,0,0,0
Musik und darstellende Kunst,TI,nReglementiert,0,0,0,0,0,0,0,0,0
Musik und darstellende Kunst,VD,abt-total,0,0,0,0,0,0,0,0,0
Musik und darstellende Kunst,VD,EFZ,0,0,0,0,0,0,0,0,0
Musik und darstellende Kunst,VD,EBA,0,0,0,0,0,0,0,0,0
Musik und darstellende Kunst,VD,nReglementiert,0,0,0,0,0,0,0,0,0
Musik und darstellende Kunst,VS,abt-total,0,0,0,0,0,0,0,0,0
Musik und darstellende Kunst,VS,EFZ,0,0,0,0,0,0,0,0,0
Musik und darstellende Kunst,VS,EBA,0,0,0,0,0,0,0,0,0
Musik und darstellende Kunst,VS,nReglementiert,0,0,0,0,0,0,0,0,0
Musik und darstellende Kunst,NE,abt-total,0,0,0,0,0,0,0,0,0
Musik und darstellende Kunst,NE,EFZ,0,0,0,0,0,0,0,0,0
Musik und darstellende Kunst,NE,EBA,0,0,0,0,0,0,0,0,0
Musik und darstellende Kunst,NE,nReglementiert,0,0,0,0,0,0,0,0,0
Musik und darstellende Kunst,GE,abt-total,0,0,0,0,0,0,0,0,0
Musik und darstellende Kunst,GE,EFZ,0,0,0,0,0,0,0,0,0
Musik und darstellende Kunst,GE,EBA,0,0,0,0,0,0,0,0,0
Musik und darstellende Kunst,GE,nReglementiert,0,0,0,0,0,0,0,0,0
Musik und darstellende Kunst,JU,abt-total,0,0,0,0,0,0,0,0,0
Musik und darstellende Kunst,JU,EFZ,0,0,0,0,0,0,0,0,0
Musik und darstellende Kunst,JU,EBA,0,0,0,0,0,0,0,0,0
Musik und darstellende Kunst,JU,nReglementiert,0,0,0,0,0,0,0,0,0
Audiovisuelle Techniken und Medienproduktion,,abt-total,1473,403,1070,780,206,574,693,197,496
Audiovisuelle Techniken und Medienproduktion,,EFZ,1473,403,1070,780,206,574,693,197,496
Audiovisuelle Techniken und Medienproduktion,,EBA,0,0,0,0,0,0,0,0,0
Audiovisuelle Techniken und Medienproduktion,,nReglementiert,0,0,0,0,0,0,0,0,0
Audiovisuelle Techniken und Medienproduktion,ZH,abt-total,174,0,174,75,0,75,99,0,99
Audiovisuelle Techniken und Medienproduktion,ZH,EFZ,174,0,174,75,0,75,99,0,99
Audiovisuelle Techniken und Medienproduktion,ZH,EBA,0,0,0,0,0,0,0,0,0
Audiovisuelle Techniken und Medienproduktion,ZH,nReglementiert,0,0,0,0,0,0,0,0,0
Audiovisuelle Techniken und Medienproduktion,BE,abt-total,169,4,165,94,1,93,75,3,72
Audiovisuelle Techniken und Medienproduktion,BE,EFZ,169,4,165,94,1,93,75,3,72
Audiovisuelle Techniken und Medienproduktion,BE,EBA,0,0,0,0,0,0,0,0,0
Audiovisuelle Techniken und Medienproduktion,BE,nReglementiert,0,0,0,0,0,0,0,0,0
Audiovisuelle Techniken und Medienproduktion,LU,abt-total,74,16,58,41,6,35,33,10,23
Audiovisuelle Techniken und Medienproduktion,LU,EFZ,74,16,58,41,6,35,33,10,23
Audiovisuelle Techniken und Medienproduktion,LU,EBA,0,0,0,0,0,0,0,0,0
Audiovisuelle Techniken und Medienproduktion,LU,nReglementiert,0,0,0,0,0,0,0,0,0
Audiovisuelle Techniken und Medienproduktion,UR,abt-total,5,0,5,2,0,2,3,0,3
Audiovisuelle Techniken und Medienproduktion,UR,EFZ,5,0,5,2,0,2,3,0,3
Audiovisuelle Techniken und Medienproduktion,UR,EBA,0,0,0,0,0,0,0,0,0
Audiovisuelle Techniken und Medienproduktion,UR,nReglementiert,0,0,0,0,0,0,0,0,0
Audiovisuelle Techniken und Medienproduktion,SZ,abt-total,15,0,15,11,0,11,4,0,4
Audiovisuelle Techniken und Medienproduktion,SZ,EFZ,15,0,15,11,0,11,4,0,4
Audiovisuelle Techniken und Medienproduktion,SZ,EBA,0,0,0,0,0,0,0,0,0
Audiovisuelle Techniken und Medienproduktion,SZ,nReglementiert,0,0,0,0,0,0,0,0,0
Audiovisuelle Techniken und Medienproduktion,OW,abt-total,13,0,13,9,0,9,4,0,4
Audiovisuelle Techniken und Medienproduktion,OW,EFZ,13,0,13,9,0,9,4,0,4
Audiovisuelle Techniken und Medienproduktion,OW,EBA,0,0,0,0,0,0,0,0,0
Audiovisuelle Techniken und Medienproduktion,OW,nReglementiert,0,0,0,0,0,0,0,0,0
Audiovisuelle Techniken und Medienproduktion,NW,abt-total,8,0,8,4,0,4,4,0,4
Audiovisuelle Techniken und Medienproduktion,NW,EFZ,8,0,8,4,0,4,4,0,4
Audiovisuelle Techniken und Medienproduktion,NW,EBA,0,0,0,0,0,0,0,0,0
Audiovisuelle Techniken und Medienproduktion,NW,nReglementiert,0,0,0,0,0,0,0,0,0
Audiovisuelle Techniken und Medienproduktion,GL,abt-total,4,0,4,2,0,2,2,0,2
Audiovisuelle Techniken und Medienproduktion,GL,EFZ,4,0,4,2,0,2,2,0,2
Audiovisuelle Techniken und Medienproduktion,GL,EBA,0,0,0,0,0,0,0,0,0
Audiovisuelle Techniken und Medienproduktion,GL,nReglementiert,0,0,0,0,0,0,0,0,0
Audiovisuelle Techniken und Medienproduktion,ZG,abt-total,25,0,25,16,0,16,9,0,9
Audiovisuelle Techniken und Medienproduktion,ZG,EFZ,25,0,25,16,0,16,9,0,9
Audiovisuelle Techniken und Medienproduktion,ZG,EBA,0,0,0,0,0,0,0,0,0
Audiovisuelle Techniken und Medienproduktion,ZG,nReglementiert,0,0,0,0,0,0,0,0,0
Audiovisuelle Techniken und Medienproduktion,FR,abt-total,65,31,34,42,20,22,23,11,12
Audiovisuelle Techniken und Medienproduktion,FR,EFZ,65,31,34,42,20,22,23,11,12
Audiovisuelle Techniken und Medienproduktion,FR,EBA,0,0,0,0,0,0,0,0,0
Audiovisuelle Techniken und Medienproduktion,FR,nReglementiert,0,0,0,0,0,0,0,0,0
Audiovisuelle Techniken und Medienproduktion,SO,abt-total,22,0,22,10,0,10,12,0,12
Audiovisuelle Techniken und Medienproduktion,SO,EFZ,22,0,22,10,0,10,12,0,12
Audiovisuelle Techniken und Medienproduktion,SO,EBA,0,0,0,0,0,0,0,0,0
Audiovisuelle Techniken und Medienproduktion,SO,nReglementiert,0,0,0,0,0,0,0,0,0
Audiovisuelle Techniken und Medienproduktion,BS,abt-total,23,0,23,8,0,8,15,0,15
Audiovisuelle Techniken und Medienproduktion,BS,EFZ,23,0,23,8,0,8,15,0,15
Audiovisuelle Techniken und Medienproduktion,BS,EBA,0,0,0,0,0,0,0,0,0
Audiovisuelle Techniken und Medienproduktion,BS,nReglementiert,0,0,0,0,0,0,0,0,0
Audiovisuelle Techniken und Medienproduktion,BL,abt-total,17,0,17,10,0,10,7,0,7
Audiovisuelle Techniken und Medienproduktion,BL,EFZ,17,0,17,10,0,10,7,0,7
Audiovisuelle Techniken und Medienproduktion,BL,EBA,0,0,0,0,0,0,0,0,0
Audiovisuelle Techniken und Medienproduktion,Bl,nReglementiert,0,0,0,0,0,0,0,0,0
Audiovisuelle Techniken und Medienproduktion,SH,abt-total,18,0,18,12,0,12,6,0,6
Audiovisuelle Techniken und Medienproduktion,SH,EFZ,18,0,18,12,0,12,6,0,6
Audiovisuelle Techniken und Medienproduktion,SH,EBA,0,0,0,0,0,0,0,0,0
Audiovisuelle Techniken und Medienproduktion,SH,nReglementiert,0,0,0,0,0,0,0,0,0
Audiovisuelle Techniken und Medienproduktion,AR,abt-total,7,0,7,4,0,4,3,0,3
Audiovisuelle Techniken und Medienproduktion,AR,EFZ,7,0,7,4,0,4,3,0,3
Audiovisuelle Techniken und Medienproduktion,AR,EBA,0,0,0,0,0,0,0,0,0
Audiovisuelle Techniken und Medienproduktion,AR,nReglementiert,0,0,0,0,0,0,0,0,0
Audiovisuelle Techniken und Medienproduktion,AI,abt-total,1,0,1,1,0,1,0,0,0
Audiovisuelle Techniken und Medienproduktion,AI,EFZ,1,0,1,1,0,1,0,0,0
Audiovisuelle Techniken und Medienproduktion,AI,EBA,0,0,0,0,0,0,0,0,0
Audiovisuelle Techniken und Medienproduktion,AI,nReglementiert,0,0,0,0,0,0,0,0,0
Audiovisuelle Techniken und Medienproduktion,SG,abt-total,114,13,101,60,3,57,54,10,44
Audiovisuelle Techniken und Medienproduktion,SG,EFZ,114,13,101,60,3,57,54,10,44
Audiovisuelle Techniken und Medienproduktion,SG,EBA,0,0,0,0,0,0,0,0,0
Audiovisuelle Techniken und Medienproduktion,SG,nReglementiert,0,0,0,0,0,0,0,0,0
Audiovisuelle Techniken und Medienproduktion,GR,abt-total,31,0,31,13,0,13,18,0,18
Audiovisuelle Techniken und Medienproduktion,GR,EFZ,31,0,31,13,0,13,18,0,18
Audiovisuelle Techniken und Medienproduktion,GR,EBA,0,0,0,0,0,0,0,0,0
Audiovisuelle Techniken und Medienproduktion,GR,nReglementiert,0,0,0,0,0,0,0,0,0
Audiovisuelle Techniken und Medienproduktion,AG,abt-total,82,0,82,37,0,37,45,0,45
Audiovisuelle Techniken und Medienproduktion,AG,EFZ,82,0,82,37,0,37,45,0,45
Audiovisuelle Techniken und Medienproduktion,AG,EBA,0,0,0,0,0,0,0,0,0
Audiovisuelle Techniken und Medienproduktion,AG,nReglementiert,0,0,0,0,0,0,0,0,0
Audiovisuelle Techniken und Medienproduktion,TG,abt-total,53,0,53,31,0,31,22,0,22
Audiovisuelle Techniken und Medienproduktion,TG,EFZ,53,0,53,31,0,31,22,0,22
Audiovisuelle Techniken und Medienproduktion,TG,EBA,0,0,0,0,0,0,0,0,0
Audiovisuelle Techniken und Medienproduktion,TG,nReglementiert,0,0,0,0,0,0,0,0,0
Audiovisuelle Techniken und Medienproduktion,TI,abt-total,52,19,33,27,7,20,25,12,13
Audiovisuelle Techniken und Medienproduktion,TI,EFZ,52,19,33,27,7,20,25,12,13
Audiovisuelle Techniken und Medienproduktion,TI,EBA,0,0,0,0,0,0,0,0,0
Audiovisuelle Techniken und Medienproduktion,TI,nReglementiert,0,0,0,0,0,0,0,0,0
Audiovisuelle Techniken und Medienproduktion,VD,abt-total,271,155,116,156,91,65,115,64,51
Audiovisuelle Techniken und Medienproduktion,VD,EFZ,271,155,116,156,91,65,115,64,51
Audiovisuelle Techniken und Medienproduktion,VD,EBA,0,0,0,0,0,0,0,0,0
Audiovisuelle Techniken und Medienproduktion,VD,nReglementiert,0,0,0,0,0,0,0,0,0
Audiovisuelle Techniken und Medienproduktion,VS,abt-total,72,34,38,43,16,27,29,18,11
Audiovisuelle Techniken und Medienproduktion,VS,EFZ,72,34,38,43,16,27,29,18,11
Audiovisuelle Techniken und Medienproduktion,VS,EBA,0,0,0,0,0,0,0,0,0
Audiovisuelle Techniken und Medienproduktion,VS,nReglementiert,0,0,0,0,0,0,0,0,0
Audiovisuelle Techniken und Medienproduktion,NE,abt-total,62,54,8,34,31,3,28,23,5
Audiovisuelle Techniken und Medienproduktion,NE,EFZ,62,54,8,34,31,3,28,23,5
Audiovisuelle Techniken und Medienproduktion,NE,EBA,0,0,0,0,0,0,0,0,0
Audiovisuelle Techniken und Medienproduktion,NE,nReglementiert,0,0,0,0,0,0,0,0,0
Audiovisuelle Techniken und Medienproduktion,GE,abt-total,94,77,17,38,31,7,56,46,10
Audiovisuelle Techniken und Medienproduktion,GE,EFZ,94,77,17,38,31,7,56,46,10
Audiovisuelle Techniken und Medienproduktion,GE,EBA,0,0,0,0,0,0,0,0,0
Audiovisuelle Techniken und Medienproduktion,GE,nReglementiert,0,0,0,0,0,0,0,0,0
Audiovisuelle Techniken und Medienproduktion,JU,abt-total,2,0,2,0,0,0,2,0,2
Audiovisuelle Techniken und Medienproduktion,JU,EFZ,2,0,2,0,0,0,2,0,2
Audiovisuelle Techniken und Medienproduktion,JU,EBA,0,0,0,0,0,0,0,0,0
Audiovisuelle Techniken und Medienproduktion,JU,nReglementiert,0,0,0,0,0,0,0,0,0
Design,,abt-total,402,53,349,123,11,112,279,42,237
Design,,EFZ,402,53,349,123,11,112,279,42,237
Design,,EBA,0,0,0,0,0,0,0,0,0
Design,,nReglementiert,0,0,0,0,0,0,0,0,0
Design,ZH,abt-total,54,0,54,14,0,14,40,0,40
Design,ZH,EFZ,54,0,54,14,0,14,40,0,40
Design,ZH,EBA,0,0,0,0,0,0,0,0,0
Design,ZH,nReglementiert,0,0,0,0,0,0,0,0,0
Design,BE,abt-total,37,0,37,8,0,8,29,0,29
Design,BE,EFZ,37,0,37,8,0,8,29,0,29
Design,BE,EBA,0,0,0,0,0,0,0,0,0
Design,BE,nReglementiert,0,0,0,0,0,0,0,0,0
Design,LU,abt-total,13,0,13,2,0,2,11,0,11
Design,LU,EFZ,13,0,13,2,0,2,11,0,11
Design,LU,EBA,0,0,0,0,0,0,0,0,0
Design,LU,nReglementiert,0,0,0,0,0,0,0,0,0
Design,UR,abt-total,0,0,0,0,0,0,0,0,0
Design,UR,EFZ,0,0,0,0,0,0,0,0,0
Design,UR,EBA,0,0,0,0,0,0,0,0,0
Design,UR,nReglementiert,0,0,0,0,0,0,0,0,0
Design,SZ,abt-total,5,0,5,3,0,3,2,0,2
Design,SZ,EFZ,5,0,5,3,0,3,2,0,2
Design,SZ,EBA,0,0,0,0,0,0,0,0,0
Design,SZ,nReglementiert,0,0,0,0,0,0,0,0,0
Design,OW,abt-total,2,0,2,0,0,0,2,0,2
Design,OW,EFZ,2,0,2,0,0,0,2,0,2
Design,OW,EBA,0,0,0,0,0,0,0,0,0
Design,OW,nReglementiert,0,0,0,0,0,0,0,0,0
Design,NW,abt-total,1,0,1,0,0,0,1,0,1
Design,NW,EFZ,1,0,1,0,0,0,1,0,1
Design,NW,EBA,0,0,0,0,0,0,0,0,0
Design,NW,nReglementiert,0,0,0,0,0,0,0,0,0
Design,GL,abt-total,0,0,0,0,0,0,0,0,0
Design,GL,EFZ,0,0,0,0,0,0,0,0,0
Design,GL,EBA,0,0,0,0,0,0,0,0,0
Design,GL,nReglementiert,0,0,0,0,0,0,0,0,0
Design,ZG,abt-total,5,0,5,2,0,2,3,0,3
Design,ZG,EFZ,5,0,5,2,0,2,3,0,3
Design,ZG,EBA,0,0,0,0,0,0,0,0,0
Design,ZG,nReglementiert,0,0,0,0,0,0,0,0,0
Design,FR,abt-total,16,0,16,5,0,5,11,0,11
Design,FR,EFZ,16,0,16,5,0,5,11,0,11
Design,FR,EBA,0,0,0,0,0,0,0,0,0
Design,FR,nReglementiert,0,0,0,0,0,0,0,0,0
Design,SO,abt-total,5,0,5,1,0,1,4,0,4
Design,SO,EFZ,5,0,5,1,0,1,4,0,4
Design,SO,EBA,0,0,0,0,0,0,0,0,0
Design,SO,nReglementiert,0,0,0,0,0,0,0,0,0
Design,BS,abt-total,15,0,15,5,0,5,10,0,10
Design,BS,EFZ,15,0,15,5,0,5,10,0,10
Design,BS,EBA,0,0,0,0,0,0,0,0,0
Design,BS,nReglementiert,0,0,0,0,0,0,0,0,0
Design,BL,abt-total,8,0,8,1,0,1,7,0,7
Design,BL,EFZ,8,0,8,1,0,1,7,0,7
Design,BL,EBA,0,0,0,0,0,0,0,0,0
Design,Bl,nReglementiert,0,0,0,0,0,0,0,0,0
Design,SH,abt-total,2,0,2,0,0,0,2,0,2
Design,SH,EFZ,2,0,2,0,0,0,2,0,2
Design,SH,EBA,0,0,0,0,0,0,0,0,0
Design,SH,nReglementiert,0,0,0,0,0,0,0,0,0
Design,AR,abt-total,0,0,0,0,0,0,0,0,0
Design,AR,EFZ,0,0,0,0,0,0,0,0,0
Design,AR,EBA,0,0,0,0,0,0,0,0,0
Design,AR,nReglementiert,0,0,0,0,0,0,0,0,0
Design,AI,abt-total,1,0,1,0,0,0,1,0,1
Design,AI,EFZ,1,0,1,0,0,0,1,0,1
Design,AI,EBA,0,0,0,0,0,0,0,0,0
Design,AI,nReglementiert,0,0,0,0,0,0,0,0,0
Design,SG,abt-total,31,0,31,10,0,10,21,0,21
Design,SG,EFZ,31,0,31,10,0,10,21,0,21
Design,SG,EBA,0,0,0,0,0,0,0,0,0
Design,SG,nReglementiert,0,0,0,0,0,0,0,0,0
Design,GR,abt-total,11,0,11,3,0,3,8,0,8
Design,GR,EFZ,11,0,11,3,0,3,8,0,8
Design,GR,EBA,0,0,0,0,0,0,0,0,0
Design,GR,nReglementiert,0,0,0,0,0,0,0,0,0
Design,AG,abt-total,27,0,27,7,0,7,20,0,20
Design,AG,EFZ,27,0,27,7,0,7,20,0,20
Design,AG,EBA,0,0,0,0,0,0,0,0,0
Design,AG,nReglementiert,0,0,0,0,0,0,0,0,0
Design,TG,abt-total,8,0,8,4,0,4,4,0,4
Design,TG,EFZ,8,0,8,4,0,4,4,0,4
Design,TG,EBA,0,0,0,0,0,0,0,0,0
Design,TG,nReglementiert,0,0,0,0,0,0,0,0,0
Design,TI,abt-total,35,21,14,9,5,4,26,16,10
Design,TI,EFZ,35,21,14,9,5,4,26,16,10
Design,TI,EBA,0,0,0,0,0,0,0,0,0
Design,TI,nReglementiert,0,0,0,0,0,0,0,0,0
Design,VD,abt-total,84,32,52,30,6,24,54,26,28
Design,VD,EFZ,84,32,52,30,6,24,54,26,28
Design,VD,EBA,0,0,0,0,0,0,0,0,0
Design,VD,nReglementiert,0,0,0,0,0,0,0,0,0
Design,VS,abt-total,14,0,14,6,0,6,8,0,8
Design,VS,EFZ,14,0,14,6,0,6,8,0,8
Design,VS,EBA,0,0,0,0,0,0,0,0,0
Design,VS,nReglementiert,0,0,0,0,0,0,0,0,0
Design,NE,abt-total,8,0,8,5,0,5,3,0,3
Design,NE,EFZ,8,0,8,5,0,5,3,0,3
Design,NE,EBA,0,0,0,0,0,0,0,0,0
Design,NE,nReglementiert,0,0,0,0,0,0,0,0,0
Design,GE,abt-total,20,0,20,8,0,8,12,0,12
Design,GE,EFZ,20,0,20,8,0,8,12,0,12
Design,GE,EBA,0,0,0,0,0,0,0,0,0
Design,GE,nReglementiert,0,0,0,0,0,0,0,0,0
Design,JU,abt-total,0,0,0,0,0,0,0,0,0
Design,JU,EFZ,0,0,0,0,0,0,0,0,0
Design,JU,EBA,0,0,0,0,0,0,0,0,0
Design,JU,nReglementiert,0,0,0,0,0,0,0,0,0
Kunstgewerbe,,abt-total,544,62,482,75,8,67,469,54,415
Kunstgewerbe,,EFZ,526,62,464,75,8,67,451,54,397
Kunstgewerbe,,EBA,18,0,18,0,0,0,18,0,18
Kunstgewerbe,,nReglementiert,0,0,0,0,0,0,0,0,0
Kunstgewerbe,ZH,abt-total,97,0,97,13,0,13,84,0,84
Kunstgewerbe,ZH,EFZ,92,0,92,13,0,13,79,0,79
Kunstgewerbe,ZH,EBA,5,0,5,0,0,0,5,0,5
Kunstgewerbe,ZH,nReglementiert,0,0,0,0,0,0,0,0,0
Kunstgewerbe,BE,abt-total,90,13,77,7,0,7,83,13,70
Kunstgewerbe,BE,EFZ,89,13,76,7,0,7,82,13,69
Kunstgewerbe,BE,EBA,1,0,1,0,0,0,1,0,1
Kunstgewerbe,BE,nReglementiert,0,0,0,0,0,0,0,0,0
Kunstgewerbe,LU,abt-total,31,0,31,3,0,3,28,0,28
Kunstgewerbe,LU,EFZ,29,0,29,3,0,3,26,0,26
Kunstgewerbe,LU,EBA,2,0,2,0,0,0,2,0,2
Kunstgewerbe,LU,nReglementiert,0,0,0,0,0,0,0,0,0
Kunstgewerbe,UR,abt-total,2,0,2,0,0,0,2,0,2
Kunstgewerbe,UR,EFZ,2,0,2,0,0,0,2,0,2
Kunstgewerbe,UR,EBA,0,0,0,0,0,0,0,0,0
Kunstgewerbe,UR,nReglementiert,0,0,0,0,0,0,0,0,0
Kunstgewerbe,SZ,abt-total,12,0,12,1,0,1,11,0,11
Kunstgewerbe,SZ,EFZ,12,0,12,1,0,1,11,0,11
Kunstgewerbe,SZ,EBA,0,0,0,0,0,0,0,0,0
Kunstgewerbe,SZ,nReglementiert,0,0,0,0,0,0,0,0,0
Kunstgewerbe,OW,abt-total,1,0,1,0,0,0,1,0,1
Kunstgewerbe,OW,EFZ,1,0,1,0,0,0,1,0,1
Kunstgewerbe,OW,EBA,0,0,0,0,0,0,0,0,0
Kunstgewerbe,OW,nReglementiert,0,0,0,0,0,0,0,0,0
Kunstgewerbe,NW,abt-total,2,0,2,0,0,0,2,0,2
Kunstgewerbe,NW,EFZ,1,0,1,0,0,0,1,0,1
Kunstgewerbe,NW,EBA,1,0,1,0,0,0,1,0,1
Kunstgewerbe,NW,nReglementiert,0,0,0,0,0,0,0,0,0
Kunstgewerbe,GL,abt-total,8,0,8,1,0,1,7,0,7
Kunstgewerbe,GL,EFZ,8,0,8,1,0,1,7,0,7
Kunstgewerbe,GL,EBA,0,0,0,0,0,0,0,0,0
Kunstgewerbe,GL,nReglementiert,0,0,0,0,0,0,0,0,0
Kunstgewerbe,ZG,abt-total,1,0,1,0,0,0,1,0,1
Kunstgewerbe,ZG,EFZ,1,0,1,0,0,0,1,0,1
Kunstgewerbe,ZG,EBA,0,0,0,0,0,0,0,0,0
Kunstgewerbe,ZG,nReglementiert,0,0,0,0,0,0,0,0,0
Kunstgewerbe,FR,abt-total,11,0,11,2,0,2,9,0,9
Kunstgewerbe,FR,EFZ,11,0,11,2,0,2,9,0,9
Kunstgewerbe,FR,EBA,0,0,0,0,0,0,0,0,0
Kunstgewerbe,FR,nReglementiert,0,0,0,0,0,0,0,0,0
Kunstgewerbe,SO,abt-total,15,0,15,3,0,3,12,0,12
Kunstgewerbe,SO,EFZ,13,0,13,3,0,3,10,0,10
Kunstgewerbe,SO,EBA,2,0,2,0,0,0,2,0,2
Kunstgewerbe,SO,nReglementiert,0,0,0,0,0,0,0,0,0
Kunstgewerbe,BS,abt-total,9,0,9,3,0,3,6,0,6
Kunstgewerbe,BS,EFZ,9,0,9,3,0,3,6,0,6
Kunstgewerbe,BS,EBA,0,0,0,0,0,0,0,0,0
Kunstgewerbe,BS,nReglementiert,0,0,0,0,0,0,0,0,0
Kunstgewerbe,BL,abt-total,10,0,10,2,0,2,8,0,8
Kunstgewerbe,BL,EFZ,9,0,9,2,0,2,7,0,7
Kunstgewerbe,BL,EBA,1,0,1,0,0,0,1,0,1
Kunstgewerbe,Bl,nReglementiert,0,0,0,0,0,0,0,0,0
Kunstgewerbe,SH,abt-total,6,0,6,1,0,1,5,0,5
Kunstgewerbe,SH,EFZ,5,0,5,1,0,1,4,0,4
Kunstgewerbe,SH,EBA,1,0,1,0,0,0,1,0,1
Kunstgewerbe,SH,nReglementiert,0,0,0,0,0,0,0,0,0
Kunstgewerbe,AR,abt-total,4,0,4,0,0,0,4,0,4
Kunstgewerbe,AR,EFZ,4,0,4,0,0,0,4,0,4
Kunstgewerbe,AR,EBA,0,0,0,0,0,0,0,0,0
Kunstgewerbe,AR,nReglementiert,0,0,0,0,0,0,0,0,0
Kunstgewerbe,AI,abt-total,1,0,1,0,0,0,1,0,1
Kunstgewerbe,AI,EFZ,1,0,1,0,0,0,1,0,1
Kunstgewerbe,AI,EBA,0,0,0,0,0,0,0,0,0
Kunstgewerbe,AI,nReglementiert,0,0,0,0,0,0,0,0,0
Kunstgewerbe,SG,abt-total,42,0,42,6,0,6,36,0,36
Kunstgewerbe,SG,EFZ,40,0,40,6,0,6,34,0,34
Kunstgewerbe,SG,EBA,2,0,2,0,0,0,2,0,2
Kunstgewerbe,SG,nReglementiert,0,0,0,0,0,0,0,0,0
Kunstgewerbe,GR,abt-total,5,0,5,0,0,0,5,0,5
Kunstgewerbe,GR,EFZ,5,0,5,0,0,0,5,0,5
Kunstgewerbe,GR,EBA,0,0,0,0,0,0,0,0,0
Kunstgewerbe,GR,nReglementiert,0,0,0,0,0,0,0,0,0
Kunstgewerbe,AG,abt-total,40,0,40,3,0,3,37,0,37
Kunstgewerbe,AG,EFZ,39,0,39,3,0,3,36,0,36
Kunstgewerbe,AG,EBA,1,0,1,0,0,0,1,0,1
Kunstgewerbe,AG,nReglementiert,0,0,0,0,0,0,0,0,0
Kunstgewerbe,TG,abt-total,14,0,14,1,0,1,13,0,13
Kunstgewerbe,TG,EFZ,13,0,13,1,0,1,12,0,12
Kunstgewerbe,TG,EBA,1,0,1,0,0,0,1,0,1
Kunstgewerbe,TG,nReglementiert,0,0,0,0,0,0,0,0,0
Kunstgewerbe,TI,abt-total,8,0,8,2,0,2,6,0,6
Kunstgewerbe,TI,EFZ,8,0,8,2,0,2,6,0,6
Kunstgewerbe,TI,EBA,0,0,0,0,0,0,0,0,0
Kunstgewerbe,TI,nReglementiert,0,0,0,0,0,0,0,0,0
Kunstgewerbe,VD,abt-total,61,8,53,17,2,15,44,6,38
Kunstgewerbe,VD,EFZ,60,8,52,17,2,15,43,6,37
Kunstgewerbe,VD,EBA,1,0,1,0,0,0,1,0,1
Kunstgewerbe,VD,nReglementiert,0,0,0,0,0,0,0,0,0
Kunstgewerbe,VS,abt-total,11,0,11,0,0,0,11,0,11
Kunstgewerbe,VS,EFZ,11,0,11,0,0,0,11,0,11
Kunstgewerbe,VS,EBA,0,0,0,0,0,0,0,0,0
Kunstgewerbe,VS,nReglementiert,0,0,0,0,0,0,0,0,0
Kunstgewerbe,NE,abt-total,14,8,6,1,0,1,13,8,5
Kunstgewerbe,NE,EFZ,14,8,6,1,0,1,13,8,5
Kunstgewerbe,NE,EBA,0,0,0,0,0,0,0,0,0
Kunstgewerbe,NE,nReglementiert,0,0,0,0,0,0,0,0,0
Kunstgewerbe,GE,abt-total,44,33,11,9,6,3,35,27,8
Kunstgewerbe,GE,EFZ,44,33,11,9,6,3,35,27,8
Kunstgewerbe,GE,EBA,0,0,0,0,0,0,0,0,0
Kunstgewerbe,GE,nReglementiert,0,0,0,0,0,0,0,0,0
Kunstgewerbe,JU,abt-total,5,0,5,0,0,0,5,0,5
Kunstgewerbe,JU,EFZ,5,0,5,0,0,0,5,0,5
Kunstgewerbe,JU,EBA,0,0,0,0,0,0,0,0,0
Kunstgewerbe,JU,nReglementiert,0,0,0,0,0,0,0,0,0
"Bibliothek, Informationswesen, Archiv",,abt-total,98,0,98,25,0,25,73,0,73
"Bibliothek, Informationswesen, Archiv",,EFZ,98,0,98,25,0,25,73,0,73
"Bibliothek, Informationswesen, Archiv",,EBA,0,0,0,0,0,0,0,0,0
"Bibliothek, Informationswesen, Archiv",,nReglementiert,0,0,0,0,0,0,0,0,0
"Bibliothek, Informationswesen, Archiv",ZH,abt-total,9,0,9,3,0,3,6,0,6
"Bibliothek, Informationswesen, Archiv",ZH,EFZ,9,0,9,3,0,3,6,0,6
"Bibliothek, Informationswesen, Archiv",ZH,EBA,0,0,0,0,0,0,0,0,0
"Bibliothek, Informationswesen, Archiv",ZH,nReglementiert,0,0,0,0,0,0,0,0,0
"Bibliothek, Informationswesen, Archiv",BE,abt-total,11,0,11,1,0,1,10,0,10
"Bibliothek, Informationswesen, Archiv",BE,EFZ,11,0,11,1,0,1,10,0,10
"Bibliothek, Informationswesen, Archiv",BE,EBA,0,0,0,0,0,0,0,0,0
"Bibliothek, Informationswesen, Archiv",BE,nReglementiert,0,0,0,0,0,0,0,0,0
"Bibliothek, Informationswesen, Archiv",LU,abt-total,3,0,3,1,0,1,2,0,2
"Bibliothek, Informationswesen, Archiv",LU,EFZ,3,0,3,1,0,1,2,0,2
"Bibliothek, Informationswesen, Archiv",LU,EBA,0,0,0,0,0,0,0,0,0
"Bibliothek, Informationswesen, Archiv",LU,nReglementiert,0,0,0,0,0,0,0,0,0
"Bibliothek, Informationswesen, Archiv",UR,abt-total,0,0,0,0,0,0,0,0,0
"Bibliothek, Informationswesen, Archiv",UR,EFZ,0,0,0,0,0,0,0,0,0
"Bibliothek, Informationswesen, Archiv",UR,EBA,0,0,0,0,0,0,0,0,0
"Bibliothek, Informationswesen, Archiv",UR,nReglementiert,0,0,0,0,0,0,0,0,0
"Bibliothek, Informationswesen, Archiv",SZ,abt-total,0,0,0,0,0,0,0,0,0
"Bibliothek, Informationswesen, Archiv",SZ,EFZ,0,0,0,0,0,0,0,0,0
"Bibliothek, Informationswesen, Archiv",SZ,EBA,0,0,0,0,0,0,0,0,0
"Bibliothek, Informationswesen, Archiv",SZ,nReglementiert,0,0,0,0,0,0,0,0,0
"Bibliothek, Informationswesen, Archiv",OW,abt-total,0,0,0,0,0,0,0,0,0
"Bibliothek, Informationswesen, Archiv",OW,EFZ,0,0,0,0,0,0,0,0,0
"Bibliothek, Informationswesen, Archiv",OW,EBA,0,0,0,0,0,0,0,0,0
"Bibliothek, Informationswesen, Archiv",OW,nReglementiert,0,0,0,0,0,0,0,0,0
"Bibliothek, Informationswesen, Archiv",NW,abt-total,0,0,0,0,0,0,0,0,0
"Bibliothek, Informationswesen, Archiv",NW,EFZ,0,0,0,0,0,0,0,0,0
"Bibliothek, Informationswesen, Archiv",NW,EBA,0,0,0,0,0,0,0,0,0
"Bibliothek, Informationswesen, Archiv",NW,nReglementiert,0,0,0,0,0,0,0,0,0
"Bibliothek, Informationswesen, Archiv",GL,abt-total,0,0,0,0,0,0,0,0,0
"Bibliothek, Informationswesen, Archiv",GL,EFZ,0,0,0,0,0,0,0,0,0
"Bibliothek, Informationswesen, Archiv",GL,EBA,0,0,0,0,0,0,0,0,0
"Bibliothek, Informationswesen, Archiv",GL,nReglementiert,0,0,0,0,0,0,0,0,0
"Bibliothek, Informationswesen, Archiv",ZG,abt-total,0,0,0,0,0,0,0,0,0
"Bibliothek, Informationswesen, Archiv",ZG,EFZ,0,0,0,0,0,0,0,0,0
"Bibliothek, Informationswesen, Archiv",ZG,EBA,0,0,0,0,0,0,0,0,0
"Bibliothek, Informationswesen, Archiv",ZG,nReglementiert,0,0,0,0,0,0,0,0,0
"Bibliothek, Informationswesen, Archiv",FR,abt-total,2,0,2,1,0,1,1,0,1
"Bibliothek, Informationswesen, Archiv",FR,EFZ,2,0,2,1,0,1,1,0,1
"Bibliothek, Informationswesen, Archiv",FR,EBA,0,0,0,0,0,0,0,0,0
"Bibliothek, Informationswesen, Archiv",FR,nReglementiert,0,0,0,0,0,0,0,0,0
"Bibliothek, Informationswesen, Archiv",SO,abt-total,2,0,2,1,0,1,1,0,1
"Bibliothek, Informationswesen, Archiv",SO,EFZ,2,0,2,1,0,1,1,0,1
"Bibliothek, Informationswesen, Archiv",SO,EBA,0,0,0,0,0,0,0,0,0
"Bibliothek, Informationswesen, Archiv",SO,nReglementiert,0,0,0,0,0,0,0,0,0
"Bibliothek, Informationswesen, Archiv",BS,abt-total,5,0,5,0,0,0,5,0,5
"Bibliothek, Informationswesen, Archiv",BS,EFZ,5,0,5,0,0,0,5,0,5
"Bibliothek, Informationswesen, Archiv",BS,EBA,0,0,0,0,0,0,0,0,0
"Bibliothek, Informationswesen, Archiv",BS,nReglementiert,0,0,0,0,0,0,0,0,0
"Bibliothek, Informationswesen, Archiv",BL,abt-total,2,0,2,0,0,0,2,0,2
"Bibliothek, Informationswesen, Archiv",BL,EFZ,2,0,2,0,0,0,2,0,2
"Bibliothek, Informationswesen, Archiv",BL,EBA,0,0,0,0,0,0,0,0,0
"Bibliothek, Informationswesen, Archiv",Bl,nReglementiert,0,0,0,0,0,0,0,0,0
"Bibliothek, Informationswesen, Archiv",SH,abt-total,3,0,3,1,0,1,2,0,2
"Bibliothek, Informationswesen, Archiv",SH,EFZ,3,0,3,1,0,1,2,0,2
"Bibliothek, Informationswesen, Archiv",SH,EBA,0,0,0,0,0,0,0,0,0
"Bibliothek, Informationswesen, Archiv",SH,nReglementiert,0,0,0,0,0,0,0,0,0
"Bibliothek, Informationswesen, Archiv",AR,abt-total,1,0,1,0,0,0,1,0,1
"Bibliothek, Informationswesen, Archiv",AR,EFZ,1,0,1,0,0,0,1,0,1
"Bibliothek, Informationswesen, Archiv",AR,EBA,0,0,0,0,0,0,0,0,0
"Bibliothek, Informationswesen, Archiv",AR,nReglementiert,0,0,0,0,0,0,0,0,0
"Bibliothek, Informationswesen, Archiv",AI,abt-total,0,0,0,0,0,0,0,0,0
"Bibliothek, Informationswesen, Archiv",AI,EFZ,0,0,0,0,0,0,0,0,0
"Bibliothek, Informationswesen, Archiv",AI,EBA,0,0,0,0,0,0,0,0,0
"Bibliothek, Informationswesen, Archiv",AI,nReglementiert,0,0,0,0,0,0,0,0,0
"Bibliothek, Informationswesen, Archiv",SG,abt-total,3,0,3,0,0,0,3,0,3
"Bibliothek, Informationswesen, Archiv",SG,EFZ,3,0,3,0,0,0,3,0,3
"Bibliothek, Informationswesen, Archiv",SG,EBA,0,0,0,0,0,0,0,0,0
"Bibliothek, Informationswesen, Archiv",SG,nReglementiert,0,0,0,0,0,0,0,0,0
"Bibliothek, Informationswesen, Archiv",GR,abt-total,1,0,1,1,0,1,0,0,0
"Bibliothek, Informationswesen, Archiv",GR,EFZ,1,0,1,1,0,1,0,0,0
"Bibliothek, Informationswesen, Archiv",GR,EBA,0,0,0,0,0,0,0,0,0
"Bibliothek, Informationswesen, Archiv",GR,nReglementiert,0,0,0,0,0,0,0,0,0
"Bibliothek, Informationswesen, Archiv",AG,abt-total,2,0,2,1,0,1,1,0,1
"Bibliothek, Informationswesen, Archiv",AG,EFZ,2,0,2,1,0,1,1,0,1
"Bibliothek, Informationswesen, Archiv",AG,EBA,0,0,0,0,0,0,0,0,0
"Bibliothek, Informationswesen, Archiv",AG,nReglementiert,0,0,0,0,0,0,0,0,0
"Bibliothek, Informationswesen, Archiv",TG,abt-total,1,0,1,0,0,0,1,0,1
"Bibliothek, Informationswesen, Archiv",TG,EFZ,1,0,1,0,0,0,1,0,1
"Bibliothek, Informationswesen, Archiv",TG,EBA,0,0,0,0,0,0,0,0,0
"Bibliothek, Informationswesen, Archiv",TG,nReglementiert,0,0,0,0,0,0,0,0,0
"Bibliothek, Informationswesen, Archiv",TI,abt-total,1,0,1,0,0,0,1,0,1
"Bibliothek, Informationswesen, Archiv",TI,EFZ,1,0,1,0,0,0,1,0,1
"Bibliothek, Informationswesen, Archiv",TI,EBA,0,0,0,0,0,0,0,0,0
"Bibliothek, Informationswesen, Archiv",TI,nReglementiert,0,0,0,0,0,0,0,0,0
"Bibliothek, Informationswesen, Archiv",VD,abt-total,30,0,30,7,0,7,23,0,23
"Bibliothek, Informationswesen, Archiv",VD,EFZ,30,0,30,7,0,7,23,0,23
"Bibliothek, Informationswesen, Archiv",VD,EBA,0,0,0,0,0,0,0,0,0
"Bibliothek, Informationswesen, Archiv",VD,nReglementiert,0,0,0,0,0,0,0,0,0
"Bibliothek, Informationswesen, Archiv",VS,abt-total,6,0,6,1,0,1,5,0,5
"Bibliothek, Informationswesen, Archiv",VS,EFZ,6,0,6,1,0,1,5,0,5
"Bibliothek, Informationswesen, Archiv",VS,EBA,0,0,0,0,0,0,0,0,0
"Bibliothek, Informationswesen, Archiv",VS,nReglementiert,0,0,0,0,0,0,0,0,0
"Bibliothek, Informationswesen, Archiv",NE,abt-total,6,0,6,3,0,3,3,0,3
"Bibliothek, Informationswesen, Archiv",NE,EFZ,6,0,6,3,0,3,3,0,3
"Bibliothek, Informationswesen, Archiv",NE,EBA,0,0,0,0,0,0,0,0,0
"Bibliothek, Informationswesen, Archiv",NE,nReglementiert,0,0,0,0,0,0,0,0,0
"Bibliothek, Informationswesen, Archiv",GE,abt-total,7,0,7,3,0,3,4,0,4
"Bibliothek, Informationswesen, Archiv",GE,EFZ,7,0,7,3,0,3,4,0,4
"Bibliothek, Informationswesen, Archiv",GE,EBA,0,0,0,0,0,0,0,0,0
"Bibliothek, Informationswesen, Archiv",GE,nReglementiert,0,0,0,0,0,0,0,0,0
"Bibliothek, Informationswesen, Archiv",JU,abt-total,3,0,3,1,0,1,2,0,2
"Bibliothek, Informationswesen, Archiv",JU,EFZ,3,0,3,1,0,1,2,0,2
"Bibliothek, Informationswesen, Archiv",JU,EBA,0,0,0,0,0,0,0,0,0
"Bibliothek, Informationswesen, Archiv",JU,nReglementiert,0,0,0,0,0,0,0,0,0
Handel,,abt-total,10114,0,10114,3958,0,3958,6156,0,6156
Handel,,EFZ,8389,0,8389,3312,0,3312,5077,0,5077
Handel,,EBA,1725,0,1725,646,0,646,1079,0,1079
Handel,,nReglementiert,0,0,0,0,0,0,0,0,0
Handel,ZH,abt-total,1733,0,1733,730,0,730,1003,0,1003
Handel,ZH,EFZ,1466,0,1466,619,0,619,847,0,847
Handel,ZH,EBA,267,0,267,111,0,111,156,0,156
Handel,ZH,nReglementiert,0,0,0,0,0,0,0,0,0
Handel,BE,abt-total,1285,0,1285,459,0,459,826,0,826
Handel,BE,EFZ,1059,0,1059,374,0,374,685,0,685
Handel,BE,EBA,226,0,226,85,0,85,141,0,141
Handel,BE,nReglementiert,0,0,0,0,0,0,0,0,0
Handel,LU,abt-total,597,0,597,199,0,199,398,0,398
Handel,LU,EFZ,476,0,476,167,0,167,309,0,309
Handel,LU,EBA,121,0,121,32,0,32,89,0,89
Handel,LU,nReglementiert,0,0,0,0,0,0,0,0,0
Handel,UR,abt-total,34,0,34,5,0,5,29,0,29
Handel,UR,EFZ,31,0,31,5,0,5,26,0,26
Handel,UR,EBA,3,0,3,0,0,0,3,0,3
Handel,UR,nReglementiert,0,0,0,0,0,0,0,0,0
Handel,SZ,abt-total,157,0,157,50,0,50,107,0,107
Handel,SZ,EFZ,126,0,126,41,0,41,85,0,85
Handel,SZ,EBA,31,0,31,9,0,9,22,0,22
Handel,SZ,nReglementiert,0,0,0,0,0,0,0,0,0
Handel,OW,abt-total,35,0,35,9,0,9,26,0,26
Handel,OW,EFZ,27,0,27,6,0,6,21,0,21
Handel,OW,EBA,8,0,8,3,0,3,5,0,5
Handel,OW,nReglementiert,0,0,0,0,0,0,0,0,0
Handel,NW,abt-total,44,0,44,10,0,10,34,0,34
Handel,NW,EFZ,41,0,41,9,0,9,32,0,32
Handel,NW,EBA,3,0,3,1,0,1,2,0,2
Handel,NW,nReglementiert,0,0,0,0,0,0,0,0,0
Handel,GL,abt-total,58,0,58,13,0,13,45,0,45
Handel,GL,EFZ,51,0,51,11,0,11,40,0,40
Handel,GL,EBA,7,0,7,2,0,2,5,0,5
Handel,GL,nReglementiert,0,0,0,0,0,0,0,0,0
Handel,ZG,abt-total,170,0,170,58,0,58,112,0,112
Handel,ZG,EFZ,136,0,136,43,0,43,93,0,93
Handel,ZG,EBA,34,0,34,15,0,15,19,0,19
Handel,ZG,nReglementiert,0,0,0,0,0,0,0,0,0
Handel,FR,abt-total,318,0,318,111,0,111,207,0,207
Handel,FR,EFZ,290,0,290,105,0,105,185,0,185
Handel,FR,EBA,28,0,28,6,0,6,22,0,22
Handel,FR,nReglementiert,0,0,0,0,0,0,0,0,0
Handel,SO,abt-total,348,0,348,151,0,151,197,0,197
Handel,SO,EFZ,249,0,249,106,0,106,143,0,143
Handel,SO,EBA,99,0,99,45,0,45,54,0,54
Handel,SO,nReglementiert,0,0,0,0,0,0,0,0,0
Handel,BS,abt-total,307,0,307,125,0,125,182,0,182
Handel,BS,EFZ,240,0,240,101,0,101,139,0,139
Handel,BS,EBA,67,0,67,24,0,24,43,0,43
Handel,BS,nReglementiert,0,0,0,0,0,0,0,0,0
Handel,BL,abt-total,279,0,279,142,0,142,137,0,137
Handel,BL,EFZ,209,0,209,109,0,109,100,0,100
Handel,BL,EBA,70,0,70,33,0,33,37,0,37
Handel,Bl,nReglementiert,0,0,0,0,0,0,0,0,0
Handel,SH,abt-total,109,0,109,48,0,48,61,0,61
Handel,SH,EFZ,98,0,98,43,0,43,55,0,55
Handel,SH,EBA,11,0,11,5,0,5,6,0,6
Handel,SH,nReglementiert,0,0,0,0,0,0,0,0,0
Handel,AR,abt-total,32,0,32,13,0,13,19,0,19
Handel,AR,EFZ,22,0,22,9,0,9,13,0,13
Handel,AR,EBA,10,0,10,4,0,4,6,0,6
Handel,AR,nReglementiert,0,0,0,0,0,0,0,0,0
Handel,AI,abt-total,25,0,25,1,0,1,24,0,24
Handel,AI,EFZ,21,0,21,1,0,1,20,0,20
Handel,AI,EBA,4,0,4,0,0,0,4,0,4
Handel,AI,nReglementiert,0,0,0,0,0,0,0,0,0
Handel,SG,abt-total,816,0,816,274,0,274,542,0,542
Handel,SG,EFZ,666,0,666,236,0,236,430,0,430
Handel,SG,EBA,150,0,150,38,0,38,112,0,112
Handel,SG,nReglementiert,0,0,0,0,0,0,0,0,0
Handel,GR,abt-total,241,0,241,83,0,83,158,0,158
Handel,GR,EFZ,201,0,201,73,0,73,128,0,128
Handel,GR,EBA,40,0,40,10,0,10,30,0,30
Handel,GR,nReglementiert,0,0,0,0,0,0,0,0,0
Handel,AG,abt-total,844,0,844,327,0,327,517,0,517
Handel,AG,EFZ,688,0,688,275,0,275,413,0,413
Handel,AG,EBA,156,0,156,52,0,52,104,0,104
Handel,AG,nReglementiert,0,0,0,0,0,0,0,0,0
Handel,TG,abt-total,337,0,337,127,0,127,210,0,210
Handel,TG,EFZ,264,0,264,97,0,97,167,0,167
Handel,TG,EBA,73,0,73,30,0,30,43,0,43
Handel,TG,nReglementiert,0,0,0,0,0,0,0,0,0
Handel,TI,abt-total,302,0,302,147,0,147,155,0,155
Handel,TI,EFZ,258,0,258,127,0,127,131,0,131
Handel,TI,EBA,44,0,44,20,0,20,24,0,24
Handel,TI,nReglementiert,0,0,0,0,0,0,0,0,0
Handel,VD,abt-total,887,0,887,377,0,377,510,0,510
Handel,VD,EFZ,759,0,759,319,0,319,440,0,440
Handel,VD,EBA,128,0,128,58,0,58,70,0,70
Handel,VD,nReglementiert,0,0,0,0,0,0,0,0,0
Handel,VS,abt-total,425,0,425,158,0,158,267,0,267
Handel,VS,EFZ,372,0,372,144,0,144,228,0,228
Handel,VS,EBA,53,0,53,14,0,14,39,0,39
Handel,VS,nReglementiert,0,0,0,0,0,0,0,0,0
Handel,NE,abt-total,185,0,185,71,0,71,114,0,114
Handel,NE,EFZ,172,0,172,65,0,65,107,0,107
Handel,NE,EBA,13,0,13,6,0,6,7,0,7
Handel,NE,nReglementiert,0,0,0,0,0,0,0,0,0
Handel,GE,abt-total,445,0,445,230,0,230,215,0,215
Handel,GE,EFZ,374,0,374,192,0,192,182,0,182
Handel,GE,EBA,71,0,71,38,0,38,33,0,33
Handel,GE,nReglementiert,0,0,0,0,0,0,0,0,0
Handel,JU,abt-total,101,0,101,40,0,40,61,0,61
Handel,JU,EFZ,93,0,93,35,0,35,58,0,58
Handel,JU,EBA,8,0,8,5,0,5,3,0,3
Handel,JU,nReglementiert,0,0,0,0,0,0,0,0,0
Sekretariats- und Büroarbeit,,abt-total,674,0,674,230,0,230,444,0,444
Sekretariats- und Büroarbeit,,EFZ,0,0,0,0,0,0,0,0,0
Sekretariats- und Büroarbeit,,EBA,458,0,458,156,0,156,302,0,302
Sekretariats- und Büroarbeit,,nReglementiert,216,0,216,74,0,74,142,0,142
Sekretariats- und Büroarbeit,ZH,abt-total,62,0,62,23,0,23,39,0,39
Sekretariats- und Büroarbeit,ZH,EFZ,0,0,0,0,0,0,0,0,0
Sekretariats- und Büroarbeit,ZH,EBA,62,0,62,23,0,23,39,0,39
Sekretariats- und Büroarbeit,ZH,nReglementiert,0,0,0,0,0,0,0,0,0
Sekretariats- und Büroarbeit,BE,abt-total,85,0,85,23,0,23,62,0,62
Sekretariats- und Büroarbeit,BE,EFZ,0,0,0,0,0,0,0,0,0
Sekretariats- und Büroarbeit,BE,EBA,57,0,57,23,0,23,34,0,34
Sekretariats- und Büroarbeit,BE,nReglementiert,28,0,28,0,0,0,28,0,28
Sekretariats- und Büroarbeit,LU,abt-total,13,0,13,2,0,2,11,0,11
Sekretariats- und Büroarbeit,LU,EFZ,0,0,0,0,0,0,0,0,0
Sekretariats- und Büroarbeit,LU,EBA,13,0,13,2,0,2,11,0,11
Sekretariats- und Büroarbeit,LU,nReglementiert,0,0,0,0,0,0,0,0,0
Sekretariats- und Büroarbeit,UR,abt-total,2,0,2,0,0,0,2,0,2
Sekretariats- und Büroarbeit,UR,EFZ,0,0,0,0,0,0,0,0,0
Sekretariats- und Büroarbeit,UR,EBA,2,0,2,0,0,0,2,0,2
Sekretariats- und Büroarbeit,UR,nReglementiert,0,0,0,0,0,0,0,0,0
Sekretariats- und Büroarbeit,SZ,abt-total,1,0,1,0,0,0,1,0,1
Sekretariats- und Büroarbeit,SZ,EFZ,0,0,0,0,0,0,0,0,0
Sekretariats- und Büroarbeit,SZ,EBA,1,0,1,0,0,0,1,0,1
Sekretariats- und Büroarbeit,SZ,nReglementiert,0,0,0,0,0,0,0,0,0
Sekretariats- und Büroarbeit,OW,abt-total,0,0,0,0,0,0,0,0,0
Sekretariats- und Büroarbeit,OW,EFZ,0,0,0,0,0,0,0,0,0
Sekretariats- und Büroarbeit,OW,EBA,0,0,0,0,0,0,0,0,0
Sekretariats- und Büroarbeit,OW,nReglementiert,0,0,0,0,0,0,0,0,0
Sekretariats- und Büroarbeit,NW,abt-total,0,0,0,0,0,0,0,0,0
Sekretariats- und Büroarbeit,NW,EFZ,0,0,0,0,0,0,0,0,0
Sekretariats- und Büroarbeit,NW,EBA,0,0,0,0,0,0,0,0,0
Sekretariats- und Büroarbeit,NW,nReglementiert,0,0,0,0,0,0,0,0,0
Sekretariats- und Büroarbeit,GL,abt-total,0,0,0,0,0,0,0,0,0
Sekretariats- und Büroarbeit,GL,EFZ,0,0,0,0,0,0,0,0,0
Sekretariats- und Büroarbeit,GL,EBA,0,0,0,0,0,0,0,0,0
Sekretariats- und Büroarbeit,GL,nReglementiert,0,0,0,0,0,0,0,0,0
Sekretariats- und Büroarbeit,ZG,abt-total,15,0,15,1,0,1,14,0,14
Sekretariats- und Büroarbeit,ZG,EFZ,0,0,0,0,0,0,0,0,0
Sekretariats- und Büroarbeit,ZG,EBA,15,0,15,1,0,1,14,0,14
Sekretariats- und Büroarbeit,ZG,nReglementiert,0,0,0,0,0,0,0,0,0
Sekretariats- und Büroarbeit,FR,abt-total,20,0,20,2,0,2,18,0,18
Sekretariats- und Büroarbeit,FR,EFZ,0,0,0,0,0,0,0,0,0
Sekretariats- und Büroarbeit,FR,EBA,7,0,7,1,0,1,6,0,6
Sekretariats- und Büroarbeit,FR,nReglementiert,13,0,13,1,0,1,12,0,12
Sekretariats- und Büroarbeit,SO,abt-total,8,0,8,0,0,0,8,0,8
Sekretariats- und Büroarbeit,SO,EFZ,0,0,0,0,0,0,0,0,0
Sekretariats- und Büroarbeit,SO,EBA,8,0,8,0,0,0,8,0,8
Sekretariats- und Büroarbeit,SO,nReglementiert,0,0,0,0,0,0,0,0,0
Sekretariats- und Büroarbeit,BS,abt-total,100,0,100,35,0,35,65,0,65
Sekretariats- und Büroarbeit,BS,EFZ,0,0,0,0,0,0,0,0,0
Sekretariats- und Büroarbeit,BS,EBA,100,0,100,35,0,35,65,0,65
Sekretariats- und Büroarbeit,BS,nReglementiert,0,0,0,0,0,0,0,0,0
Sekretariats- und Büroarbeit,BL,abt-total,39,0,39,11,0,11,28,0,28
Sekretariats- und Büroarbeit,BL,EFZ,0,0,0,0,0,0,0,0,0
Sekretariats- und Büroarbeit,BL,EBA,39,0,39,11,0,11,28,0,28
Sekretariats- und Büroarbeit,Bl,nReglementiert,0,0,0,0,0,0,0,0,0
Sekretariats- und Büroarbeit,SH,abt-total,5,0,5,0,0,0,5,0,5
Sekretariats- und Büroarbeit,SH,EFZ,0,0,0,0,0,0,0,0,0
Sekretariats- und Büroarbeit,SH,EBA,5,0,5,0,0,0,5,0,5
Sekretariats- und Büroarbeit,SH,nReglementiert,0,0,0,0,0,0,0,0,0
Sekretariats- und Büroarbeit,AR,abt-total,1,0,1,0,0,0,1,0,1
Sekretariats- und Büroarbeit,AR,EFZ,0,0,0,0,0,0,0,0,0
Sekretariats- und Büroarbeit,AR,EBA,1,0,1,0,0,0,1,0,1
Sekretariats- und Büroarbeit,AR,nReglementiert,0,0,0,0,0,0,0,0,0
Sekretariats- und Büroarbeit,AI,abt-total,0,0,0,0,0,0,0,0,0
Sekretariats- und Büroarbeit,AI,EFZ,0,0,0,0,0,0,0,0,0
Sekretariats- und Büroarbeit,AI,EBA,0,0,0,0,0,0,0,0,0
Sekretariats- und Büroarbeit,AI,nReglementiert,0,0,0,0,0,0,0,0,0
Sekretariats- und Büroarbeit,SG,abt-total,13,0,13,4,0,4,9,0,9
Sekretariats- und Büroarbeit,SG,EFZ,0,0,0,0,0,0,0,0,0
Sekretariats- und Büroarbeit,SG,EBA,13,0,13,4,0,4,9,0,9
Sekretariats- und Büroarbeit,SG,nReglementiert,0,0,0,0,0,0,0,0,0
Sekretariats- und Büroarbeit,GR,abt-total,12,0,12,7,0,7,5,0,5
Sekretariats- und Büroarbeit,GR,EFZ,0,0,0,0,0,0,0,0,0
Sekretariats- und Büroarbeit,GR,EBA,12,0,12,7,0,7,5,0,5
Sekretariats- und Büroarbeit,GR,nReglementiert,0,0,0,0,0,0,0,0,0
Sekretariats- und Büroarbeit,AG,abt-total,18,0,18,4,0,4,14,0,14
Sekretariats- und Büroarbeit,AG,EFZ,0,0,0,0,0,0,0,0,0
Sekretariats- und Büroarbeit,AG,EBA,18,0,18,4,0,4,14,0,14
Sekretariats- und Büroarbeit,AG,nReglementiert,0,0,0,0,0,0,0,0,0
Sekretariats- und Büroarbeit,TG,abt-total,12,0,12,7,0,7,5,0,5
Sekretariats- und Büroarbeit,TG,EFZ,0,0,0,0,0,0,0,0,0
Sekretariats- und Büroarbeit,TG,EBA,12,0,12,7,0,7,5,0,5
Sekretariats- und Büroarbeit,TG,nReglementiert,0,0,0,0,0,0,0,0,0
Sekretariats- und Büroarbeit,TI,abt-total,20,0,20,7,0,7,13,0,13
Sekretariats- und Büroarbeit,TI,EFZ,0,0,0,0,0,0,0,0,0
Sekretariats- und Büroarbeit,TI,EBA,9,0,9,4,0,4,5,0,5
Sekretariats- und Büroarbeit,TI,nReglementiert,11,0,11,3,0,3,8,0,8
Sekretariats- und Büroarbeit,VD,abt-total,58,0,58,23,0,23,35,0,35
Sekretariats- und Büroarbeit,VD,EFZ,0,0,0,0,0,0,0,0,0
Sekretariats- und Büroarbeit,VD,EBA,55,0,55,23,0,23,32,0,32
Sekretariats- und Büroarbeit,VD,nReglementiert,3,0,3,0,0,0,3,0,3
Sekretariats- und Büroarbeit,VS,abt-total,4,0,4,2,0,2,2,0,2
Sekretariats- und Büroarbeit,VS,EFZ,0,0,0,0,0,0,0,0,0
Sekretariats- und Büroarbeit,VS,EBA,4,0,4,2,0,2,2,0,2
Sekretariats- und Büroarbeit,VS,nReglementiert,0,0,0,0,0,0,0,0,0
Sekretariats- und Büroarbeit,NE,abt-total,28,0,28,14,0,14,14,0,14
Sekretariats- und Büroarbeit,NE,EFZ,0,0,0,0,0,0,0,0,0
Sekretariats- und Büroarbeit,NE,EBA,2,0,2,2,0,2,0,0,0
Sekretariats- und Büroarbeit,NE,nReglementiert,26,0,26,12,0,12,14,0,14
Sekretariats- und Büroarbeit,GE,abt-total,156,0,156,65,0,65,91,0,91
Sekretariats- und Büroarbeit,GE,EFZ,0,0,0,0,0,0,0,0,0
Sekretariats- und Büroarbeit,GE,EBA,21,0,21,7,0,7,14,0,14
Sekretariats- und Büroarbeit,GE,nReglementiert,135,0,135,58,0,58,77,0,77
Sekretariats- und Büroarbeit,JU,abt-total,2,0,2,0,0,0,2,0,2
Sekretariats- und Büroarbeit,JU,EFZ,0,0,0,0,0,0,0,0,0
Sekretariats- und Büroarbeit,JU,EBA,2,0,2,0,0,0,2,0,2
Sekretariats- und Büroarbeit,JU,nReglementiert,0,0,0,0,0,0,0,0,0
Wirtschaft und Verwaltung,,abt-total,12233,1008,11225,4461,594,3867,7772,414,7358
Wirtschaft und Verwaltung,,EFZ,11973,1008,10965,4420,594,3826,7553,414,7139
Wirtschaft und Verwaltung,,EBA,0,0,0,0,0,0,0,0,0
Wirtschaft und Verwaltung,,nReglementiert,260,0,260,41,0,41,219,0,219
Wirtschaft und Verwaltung,ZH,abt-total,2259,0,2259,807,0,807,1452,0,1452
Wirtschaft und Verwaltung,ZH,EFZ,2157,0,2157,782,0,782,1375,0,1375
Wirtschaft und Verwaltung,ZH,EBA,0,0,0,0,0,0,0,0,0
Wirtschaft und Verwaltung,ZH,nReglementiert,102,0,102,25,0,25,77,0,77
Wirtschaft und Verwaltung,BE,abt-total,1481,19,1462,522,9,513,959,10,949
Wirtschaft und Verwaltung,BE,EFZ,1481,19,1462,522,9,513,959,10,949
Wirtschaft und Verwaltung,BE,EBA,0,0,0,0,0,0,0,0,0
Wirtschaft und Verwaltung,BE,nReglementiert,0,0,0,0,0,0,0,0,0
Wirtschaft und Verwaltung,LU,abt-total,487,0,487,153,0,153,334,0,334
Wirtschaft und Verwaltung,LU,EFZ,487,0,487,153,0,153,334,0,334
Wirtschaft und Verwaltung,LU,EBA,0,0,0,0,0,0,0,0,0
Wirtschaft und Verwaltung,LU,nReglementiert,0,0,0,0,0,0,0,0,0
Wirtschaft und Verwaltung,UR,abt-total,54,0,54,10,0,10,44,0,44
Wirtschaft und Verwaltung,UR,EFZ,54,0,54,10,0,10,44,0,44
Wirtschaft und Verwaltung,UR,EBA,0,0,0,0,0,0,0,0,0
Wirtschaft und Verwaltung,UR,nReglementiert,0,0,0,0,0,0,0,0,0
Wirtschaft und Verwaltung,SZ,abt-total,147,0,147,40,0,40,107,0,107
Wirtschaft und Verwaltung,SZ,EFZ,147,0,147,40,0,40,107,0,107
Wirtschaft und Verwaltung,SZ,EBA,0,0,0,0,0,0,0,0,0
Wirtschaft und Verwaltung,SZ,nReglementiert,0,0,0,0,0,0,0,0,0
Wirtschaft und Verwaltung,OW,abt-total,43,0,43,13,0,13,30,0,30
Wirtschaft und Verwaltung,OW,EFZ,43,0,43,13,0,13,30,0,30
Wirtschaft und Verwaltung,OW,EBA,0,0,0,0,0,0,0,0,0
Wirtschaft und Verwaltung,OW,nReglementiert,0,0,0,0,0,0,0,0,0
Wirtschaft und Verwaltung,NW,abt-total,51,0,51,12,0,12,39,0,39
Wirtschaft und Verwaltung,NW,EFZ,51,0,51,12,0,12,39,0,39
Wirtschaft und Verwaltung,NW,EBA,0,0,0,0,0,0,0,0,0
Wirtschaft und Verwaltung,NW,nReglementiert,0,0,0,0,0,0,0,0,0
Wirtschaft und Verwaltung,GL,abt-total,70,0,70,20,0,20,50,0,50
Wirtschaft und Verwaltung,GL,EFZ,70,0,70,20,0,20,50,0,50
Wirtschaft und Verwaltung,GL,EBA,0,0,0,0,0,0,0,0,0
Wirtschaft und Verwaltung,GL,nReglementiert,0,0,0,0,0,0,0,0,0
Wirtschaft und Verwaltung,ZG,abt-total,203,0,203,67,0,67,136,0,136
Wirtschaft und Verwaltung,ZG,EFZ,203,0,203,67,0,67,136,0,136
Wirtschaft und Verwaltung,ZG,EBA,0,0,0,0,0,0,0,0,0
Wirtschaft und Verwaltung,ZG,nReglementiert,0,0,0,0,0,0,0,0,0
Wirtschaft und Verwaltung,FR,abt-total,379,0,379,105,0,105,274,0,274
Wirtschaft und Verwaltung,FR,EFZ,379,0,379,105,0,105,274,0,274
Wirtschaft und Verwaltung,FR,EBA,0,0,0,0,0,0,0,0,0
Wirtschaft und Verwaltung,FR,nReglementiert,0,0,0,0,0,0,0,0,0
Wirtschaft und Verwaltung,SO,abt-total,358,0,358,108,0,108,250,0,250
Wirtschaft und Verwaltung,SO,EFZ,358,0,358,108,0,108,250,0,250
Wirtschaft und Verwaltung,SO,EBA,0,0,0,0,0,0,0,0,0
Wirtschaft und Verwaltung,SO,nReglementiert,0,0,0,0,0,0,0,0,0
Wirtschaft und Verwaltung,BS,abt-total,409,0,409,164,0,164,245,0,245
Wirtschaft und Verwaltung,BS,EFZ,361,0,361,164,0,164,197,0,197
Wirtschaft und Verwaltung,BS,EBA,0,0,0,0,0,0,0,0,0
Wirtschaft und Verwaltung,BS,nReglementiert,48,0,48,0,0,0,48,0,48
Wirtschaft und Verwaltung,BL,abt-total,251,0,251,116,0,116,135,0,135
Wirtschaft und Verwaltung,BL,EFZ,251,0,251,116,0,116,135,0,135
Wirtschaft und Verwaltung,BL,EBA,0,0,0,0,0,0,0,0,0
Wirtschaft und Verwaltung,Bl,nReglementiert,0,0,0,0,0,0,0,0,0
Wirtschaft und Verwaltung,SH,abt-total,123,0,123,31,0,31,92,0,92
Wirtschaft und Verwaltung,SH,EFZ,123,0,123,31,0,31,92,0,92
Wirtschaft und Verwaltung,SH,EBA,0,0,0,0,0,0,0,0,0
Wirtschaft und Verwaltung,SH,nReglementiert,0,0,0,0,0,0,0,0,0
Wirtschaft und Verwaltung,AR,abt-total,56,0,56,23,0,23,33,0,33
Wirtschaft und Verwaltung,AR,EFZ,56,0,56,23,0,23,33,0,33
Wirtschaft und Verwaltung,AR,EBA,0,0,0,0,0,0,0,0,0
Wirtschaft und Verwaltung,AR,nReglementiert,0,0,0,0,0,0,0,0,0
Wirtschaft und Verwaltung,AI,abt-total,15,0,15,6,0,6,9,0,9
Wirtschaft und Verwaltung,AI,EFZ,15,0,15,6,0,6,9,0,9
Wirtschaft und Verwaltung,AI,EBA,0,0,0,0,0,0,0,0,0
Wirtschaft und Verwaltung,AI,nReglementiert,0,0,0,0,0,0,0,0,0
Wirtschaft und Verwaltung,SG,abt-total,822,2,820,285,0,285,537,2,535
Wirtschaft und Verwaltung,SG,EFZ,822,2,820,285,0,285,537,2,535
Wirtschaft und Verwaltung,SG,EBA,0,0,0,0,0,0,0,0,0
Wirtschaft und Verwaltung,SG,nReglementiert,0,0,0,0,0,0,0,0,0
Wirtschaft und Verwaltung,GR,abt-total,280,0,280,97,0,97,183,0,183
Wirtschaft und Verwaltung,GR,EFZ,280,0,280,97,0,97,183,0,183
Wirtschaft und Verwaltung,GR,EBA,0,0,0,0,0,0,0,0,0
Wirtschaft und Verwaltung,GR,nReglementiert,0,0,0,0,0,0,0,0,0
Wirtschaft und Verwaltung,AG,abt-total,897,0,897,297,0,297,600,0,600
Wirtschaft und Verwaltung,AG,EFZ,897,0,897,297,0,297,600,0,600
Wirtschaft und Verwaltung,AG,EBA,0,0,0,0,0,0,0,0,0
Wirtschaft und Verwaltung,AG,nReglementiert,0,0,0,0,0,0,0,0,0
Wirtschaft und Verwaltung,TG,abt-total,309,0,309,100,0,100,209,0,209
Wirtschaft und Verwaltung,TG,EFZ,309,0,309,100,0,100,209,0,209
Wirtschaft und Verwaltung,TG,EBA,0,0,0,0,0,0,0,0,0
Wirtschaft und Verwaltung,TG,nReglementiert,0,0,0,0,0,0,0,0,0
Wirtschaft und Verwaltung,TI,abt-total,726,394,332,335,203,132,391,191,200
Wirtschaft und Verwaltung,TI,EFZ,726,394,332,335,203,132,391,191,200
Wirtschaft und Verwaltung,TI,EBA,0,0,0,0,0,0,0,0,0
Wirtschaft und Verwaltung,TI,nReglementiert,0,0,0,0,0,0,0,0,0
Wirtschaft und Verwaltung,VD,abt-total,1059,0,1059,365,0,365,694,0,694
Wirtschaft und Verwaltung,VD,EFZ,1041,0,1041,365,0,365,676,0,676
Wirtschaft und Verwaltung,VD,EBA,0,0,0,0,0,0,0,0,0
Wirtschaft und Verwaltung,VD,nReglementiert,18,0,18,0,0,0,18,0,18
Wirtschaft und Verwaltung,VS,abt-total,358,0,358,107,0,107,251,0,251
Wirtschaft und Verwaltung,VS,EFZ,337,0,337,107,0,107,230,0,230
Wirtschaft und Verwaltung,VS,EBA,0,0,0,0,0,0,0,0,0
Wirtschaft und Verwaltung,VS,nReglementiert,21,0,21,0,0,0,21,0,21
Wirtschaft und Verwaltung,NE,abt-total,218,0,218,61,0,61,157,0,157
Wirtschaft und Verwaltung,NE,EFZ,195,0,195,60,0,60,135,0,135
Wirtschaft und Verwaltung,NE,EBA,0,0,0,0,0,0,0,0,0
Wirtschaft und Verwaltung,NE,nReglementiert,23,0,23,1,0,1,22,0,22
Wirtschaft und Verwaltung,GE,abt-total,1075,592,483,592,382,210,483,210,273
Wirtschaft und Verwaltung,GE,EFZ,1027,592,435,577,382,195,450,210,240
Wirtschaft und Verwaltung,GE,EBA,0,0,0,0,0,0,0,0,0
Wirtschaft und Verwaltung,GE,nReglementiert,48,0,48,15,0,15,33,0,33
Wirtschaft und Verwaltung,JU,abt-total,103,1,102,25,0,25,78,1,77
Wirtschaft und Verwaltung,JU,EFZ,103,1,102,25,0,25,78,1,77
Wirtschaft und Verwaltung,JU,EBA,0,0,0,0,0,0,0,0,0
Wirtschaft und Verwaltung,JU,nReglementiert,0,0,0,0,0,0,0,0,0
Informatik,,abt-total,1784,520,1264,1637,473,1164,147,47,100
Informatik,,EFZ,1689,438,1251,1549,398,1151,140,40,100
Informatik,,EBA,25,12,13,22,9,13,3,3,0
Informatik,,nReglementiert,70,70,0,66,66,0,4,4,0
Informatik,ZH,abt-total,413,43,370,388,40,348,25,3,22
Informatik,ZH,EFZ,366,4,362,344,4,340,22,0,22
Informatik,ZH,EBA,8,0,8,8,0,8,0,0,0
Informatik,ZH,nReglementiert,39,39,0,36,36,0,3,3,0
Informatik,BE,abt-total,263,42,221,230,36,194,33,6,27
Informatik,BE,EFZ,251,30,221,221,27,194,30,3,27
Informatik,BE,EBA,12,12,0,9,9,0,3,3,0
Informatik,BE,nReglementiert,0,0,0,0,0,0,0,0,0
Informatik,LU,abt-total,78,19,59,74,18,56,4,1,3
Informatik,LU,EFZ,59,0,59,56,0,56,3,0,3
Informatik,LU,EBA,0,0,0,0,0,0,0,0,0
Informatik,LU,nReglementiert,19,19,0,18,18,0,1,1,0
Informatik,UR,abt-total,0,0,0,0,0,0,0,0,0
Informatik,UR,EFZ,0,0,0,0,0,0,0,0,0
Informatik,UR,EBA,0,0,0,0,0,0,0,0,0
Informatik,UR,nReglementiert,0,0,0,0,0,0,0,0,0
Informatik,SZ,abt-total,9,0,9,8,0,8,1,0,1
Informatik,SZ,EFZ,9,0,9,8,0,8,1,0,1
Informatik,SZ,EBA,0,0,0,0,0,0,0,0,0
Informatik,SZ,nReglementiert,0,0,0,0,0,0,0,0,0
Informatik,OW,abt-total,4,0,4,3,0,3,1,0,1
Informatik,OW,EFZ,4,0,4,3,0,3,1,0,1
Informatik,OW,EBA,0,0,0,0,0,0,0,0,0
Informatik,OW,nReglementiert,0,0,0,0,0,0,0,0,0
Informatik,NW,abt-total,4,0,4,4,0,4,0,0,0
Informatik,NW,EFZ,4,0,4,4,0,4,0,0,0
Informatik,NW,EBA,0,0,0,0,0,0,0,0,0
Informatik,NW,nReglementiert,0,0,0,0,0,0,0,0,0
Informatik,GL,abt-total,3,0,3,3,0,3,0,0,0
Informatik,GL,EFZ,3,0,3,3,0,3,0,0,0
Informatik,GL,EBA,0,0,0,0,0,0,0,0,0
Informatik,GL,nReglementiert,0,0,0,0,0,0,0,0,0
Informatik,ZG,abt-total,62,0,62,57,0,57,5,0,5
Informatik,ZG,EFZ,61,0,61,56,0,56,5,0,5
Informatik,ZG,EBA,1,0,1,1,0,1,0,0,0
Informatik,ZG,nReglementiert,0,0,0,0,0,0,0,0,0
Informatik,FR,abt-total,59,38,21,55,35,20,4,3,1
Informatik,FR,EFZ,59,38,21,55,35,20,4,3,1
Informatik,FR,EBA,0,0,0,0,0,0,0,0,0
Informatik,FR,nReglementiert,0,0,0,0,0,0,0,0,0
Informatik,SO,abt-total,45,0,45,43,0,43,2,0,2
Informatik,SO,EFZ,45,0,45,43,0,43,2,0,2
Informatik,SO,EBA,0,0,0,0,0,0,0,0,0
Informatik,SO,nReglementiert,0,0,0,0,0,0,0,0,0
Informatik,BS,abt-total,33,0,33,28,0,28,5,0,5
Informatik,BS,EFZ,33,0,33,28,0,28,5,0,5
Informatik,BS,EBA,0,0,0,0,0,0,0,0,0
Informatik,BS,nReglementiert,0,0,0,0,0,0,0,0,0
Informatik,BL,abt-total,38,0,38,33,0,33,5,0,5
Informatik,BL,EFZ,35,0,35,30,0,30,5,0,5
Informatik,BL,EBA,3,0,3,3,0,3,0,0,0
Informatik,Bl,nReglementiert,0,0,0,0,0,0,0,0,0
Informatik,SH,abt-total,17,0,17,17,0,17,0,0,0
Informatik,SH,EFZ,17,0,17,17,0,17,0,0,0
Informatik,SH,EBA,0,0,0,0,0,0,0,0,0
Informatik,SH,nReglementiert,0,0,0,0,0,0,0,0,0
Informatik,AR,abt-total,5,0,5,4,0,4,1,0,1
Informatik,AR,EFZ,5,0,5,4,0,4,1,0,1
Informatik,AR,EBA,0,0,0,0,0,0,0,0,0
Informatik,AR,nReglementiert,0,0,0,0,0,0,0,0,0
Informatik,AI,abt-total,2,0,2,2,0,2,0,0,0
Informatik,AI,EFZ,2,0,2,2,0,2,0,0,0
Informatik,AI,EBA,0,0,0,0,0,0,0,0,0
Informatik,AI,nReglementiert,0,0,0,0,0,0,0,0,0
Informatik,SG,abt-total,73,0,73,69,0,69,4,0,4
Informatik,SG,EFZ,73,0,73,69,0,69,4,0,4
Informatik,SG,EBA,0,0,0,0,0,0,0,0,0
Informatik,SG,nReglementiert,0,0,0,0,0,0,0,0,0
Informatik,GR,abt-total,26,0,26,22,0,22,4,0,4
Informatik,GR,EFZ,26,0,26,22,0,22,4,0,4
Informatik,GR,EBA,0,0,0,0,0,0,0,0,0
Informatik,GR,nReglementiert,0,0,0,0,0,0,0,0,0
Informatik,AG,abt-total,93,12,81,87,12,75,6,0,6
Informatik,AG,EFZ,81,0,81,75,0,75,6,0,6
Informatik,AG,EBA,0,0,0,0,0,0,0,0,0
Informatik,AG,nReglementiert,12,12,0,12,12,0,0,0,0
Informatik,TG,abt-total,29,0,29,28,0,28,1,0,1
Informatik,TG,EFZ,28,0,28,27,0,27,1,0,1
Informatik,TG,EBA,1,0,1,1,0,1,0,0,0
Informatik,TG,nReglementiert,0,0,0,0,0,0,0,0,0
Informatik,TI,abt-total,65,22,43,58,17,41,7,5,2
Informatik,TI,EFZ,65,22,43,58,17,41,7,5,2
Informatik,TI,EBA,0,0,0,0,0,0,0,0,0
Informatik,TI,nReglementiert,0,0,0,0,0,0,0,0,0
Informatik,VD,abt-total,165,99,66,159,97,62,6,2,4
Informatik,VD,EFZ,165,99,66,159,97,62,6,2,4
Informatik,VD,EBA,0,0,0,0,0,0,0,0,0
Informatik,VD,nReglementiert,0,0,0,0,0,0,0,0,0
Informatik,VS,abt-total,53,30,23,49,28,21,4,2,2
Informatik,VS,EFZ,53,30,23,49,28,21,4,2,2
Informatik,VS,EBA,0,0,0,0,0,0,0,0,0
Informatik,VS,nReglementiert,0,0,0,0,0,0,0,0,0
Informatik,NE,abt-total,111,101,10,97,87,10,14,14,0
Informatik,NE,EFZ,111,101,10,97,87,10,14,14,0
Informatik,NE,EBA,0,0,0,0,0,0,0,0,0
Informatik,NE,nReglementiert,0,0,0,0,0,0,0,0,0
Informatik,GE,abt-total,121,103,18,107,93,14,14,10,4
Informatik,GE,EFZ,121,103,18,107,93,14,14,10,4
Informatik,GE,EBA,0,0,0,0,0,0,0,0,0
Informatik,GE,nReglementiert,0,0,0,0,0,0,0,0,0
Informatik,JU,abt-total,13,11,2,12,10,2,1,1,0
Informatik,JU,EFZ,13,11,2,12,10,2,1,1,0
Informatik,JU,EBA,0,0,0,0,0,0,0,0,0
Informatik,JU,nReglementiert,0,0,0,0,0,0,0,0,0
Maschinenbau und Metallverarbeitung,,abt-total,4730,550,4180,4359,485,3874,371,65,306
Maschinenbau und Metallverarbeitung,,EFZ,4326,504,3822,4023,441,3582,303,63,240
Maschinenbau und Metallverarbeitung,,EBA,403,46,357,335,44,291,68,2,66
Maschinenbau und Metallverarbeitung,,nReglementiert,1,0,1,1,0,1,0,0,0
Maschinenbau und Metallverarbeitung,ZH,abt-total,589,22,567,562,22,540,27,0,27
Maschinenbau und Metallverarbeitung,ZH,EFZ,555,19,536,528,19,509,27,0,27
Maschinenbau und Metallverarbeitung,ZH,EBA,34,3,31,34,3,31,0,0,0
Maschinenbau und Metallverarbeitung,ZH,nReglementiert,0,0,0,0,0,0,0,0,0
Maschinenbau und Metallverarbeitung,BE,abt-total,684,136,548,648,128,520,36,8,28
Maschinenbau und Metallverarbeitung,BE,EFZ,606,94,512,577,88,489,29,6,23
Maschinenbau und Metallverarbeitung,BE,EBA,78,42,36,71,40,31,7,2,5
Maschinenbau und Metallverarbeitung,BE,nReglementiert,0,0,0,0,0,0,0,0,0
Maschinenbau und Metallverarbeitung,LU,abt-total,241,0,241,234,0,234,7,0,7
Maschinenbau und Metallverarbeitung,LU,EFZ,222,0,222,215,0,215,7,0,7
Maschinenbau und Metallverarbeitung,LU,EBA,19,0,19,19,0,19,0,0,0
Maschinenbau und Metallverarbeitung,LU,nReglementiert,0,0,0,0,0,0,0,0,0
Maschinenbau und Metallverarbeitung,UR,abt-total,45,0,45,44,0,44,1,0,1
Maschinenbau und Metallverarbeitung,UR,EFZ,44,0,44,43,0,43,1,0,1
Maschinenbau und Metallverarbeitung,UR,EBA,1,0,1,1,0,1,0,0,0
Maschinenbau und Metallverarbeitung,UR,nReglementiert,0,0,0,0,0,0,0,0,0
Maschinenbau und Metallverarbeitung,SZ,abt-total,66,0,66,64,0,64,2,0,2
Maschinenbau und Metallverarbeitung,SZ,EFZ,63,0,63,61,0,61,2,0,2
Maschinenbau und Metallverarbeitung,SZ,EBA,3,0,3,3,0,3,0,0,0
Maschinenbau und Metallverarbeitung,SZ,nReglementiert,0,0,0,0,0,0,0,0,0
Maschinenbau und Metallverarbeitung,OW,abt-total,30,0,30,29,0,29,1,0,1
Maschinenbau und Metallverarbeitung,OW,EFZ,29,0,29,28,0,28,1,0,1
Maschinenbau und Metallverarbeitung,OW,EBA,1,0,1,1,0,1,0,0,0
Maschinenbau und Metallverarbeitung,OW,nReglementiert,0,0,0,0,0,0,0,0,0
Maschinenbau und Metallverarbeitung,NW,abt-total,37,0,37,35,0,35,2,0,2
Maschinenbau und Metallverarbeitung,NW,EFZ,36,0,36,34,0,34,2,0,2
Maschinenbau und Metallverarbeitung,NW,EBA,1,0,1,1,0,1,0,0,0
Maschinenbau und Metallverarbeitung,NW,nReglementiert,0,0,0,0,0,0,0,0,0
Maschinenbau und Metallverarbeitung,GL,abt-total,41,0,41,40,0,40,1,0,1
Maschinenbau und Metallverarbeitung,GL,EFZ,39,0,39,38,0,38,1,0,1
Maschinenbau und Metallverarbeitung,GL,EBA,2,0,2,2,0,2,0,0,0
Maschinenbau und Metallverarbeitung,GL,nReglementiert,0,0,0,0,0,0,0,0,0
Maschinenbau und Metallverarbeitung,ZG,abt-total,55,0,55,52,0,52,3,0,3
Maschinenbau und Metallverarbeitung,ZG,EFZ,54,0,54,51,0,51,3,0,3
Maschinenbau und Metallverarbeitung,ZG,EBA,1,0,1,1,0,1,0,0,0
Maschinenbau und Metallverarbeitung,ZG,nReglementiert,0,0,0,0,0,0,0,0,0
Maschinenbau und Metallverarbeitung,FR,abt-total,136,12,124,131,12,119,5,0,5
Maschinenbau und Metallverarbeitung,FR,EFZ,136,12,124,131,12,119,5,0,5
Maschinenbau und Metallverarbeitung,FR,EBA,0,0,0,0,0,0,0,0,0
Maschinenbau und Metallverarbeitung,FR,nReglementiert,0,0,0,0,0,0,0,0,0
Maschinenbau und Metallverarbeitung,SO,abt-total,215,13,202,188,9,179,27,4,23
Maschinenbau und Metallverarbeitung,SO,EFZ,200,13,187,177,9,168,23,4,19
Maschinenbau und Metallverarbeitung,SO,EBA,15,0,15,11,0,11,4,0,4
Maschinenbau und Metallverarbeitung,SO,nReglementiert,0,0,0,0,0,0,0,0,0
Maschinenbau und Metallverarbeitung,BS,abt-total,74,25,49,71,24,47,3,1,2
Maschinenbau und Metallverarbeitung,BS,EFZ,68,24,44,65,23,42,3,1,2
Maschinenbau und Metallverarbeitung,BS,EBA,6,1,5,6,1,5,0,0,0
Maschinenbau und Metallverarbeitung,BS,nReglementiert,0,0,0,0,0,0,0,0,0
Maschinenbau und Metallverarbeitung,BL,abt-total,164,0,164,158,0,158,6,0,6
Maschinenbau und Metallverarbeitung,BL,EFZ,146,0,146,140,0,140,6,0,6
Maschinenbau und Metallverarbeitung,BL,EBA,18,0,18,18,0,18,0,0,0
Maschinenbau und Metallverarbeitung,Bl,nReglementiert,0,0,0,0,0,0,0,0,0
Maschinenbau und Metallverarbeitung,SH,abt-total,67,0,67,62,0,62,5,0,5
Maschinenbau und Metallverarbeitung,SH,EFZ,62,0,62,57,0,57,5,0,5
Maschinenbau und Metallverarbeitung,SH,EBA,5,0,5,5,0,5,0,0,0
Maschinenbau und Metallverarbeitung,SH,nReglementiert,0,0,0,0,0,0,0,0,0
Maschinenbau und Metallverarbeitung,AR,abt-total,21,0,21,21,0,21,0,0,0
Maschinenbau und Metallverarbeitung,AR,EFZ,21,0,21,21,0,21,0,0,0
Maschinenbau und Metallverarbeitung,AR,EBA,0,0,0,0,0,0,0,0,0
Maschinenbau und Metallverarbeitung,AR,nReglementiert,0,0,0,0,0,0,0,0,0
Maschinenbau und Metallverarbeitung,AI,abt-total,12,0,12,12,0,12,0,0,0
Maschinenbau und Metallverarbeitung,AI,EFZ,12,0,12,12,0,12,0,0,0
Maschinenbau und Metallverarbeitung,AI,EBA,0,0,0,0,0,0,0,0,0
Maschinenbau und Metallverarbeitung,AI,nReglementiert,0,0,0,0,0,0,0,0,0
Maschinenbau und Metallverarbeitung,SG,abt-total,479,0,479,450,0,450,29,0,29
Maschinenbau und Metallverarbeitung,SG,EFZ,438,0,438,413,0,413,25,0,25
Maschinenbau und Metallverarbeitung,SG,EBA,41,0,41,37,0,37,4,0,4
Maschinenbau und Metallverarbeitung,SG,nReglementiert,0,0,0,0,0,0,0,0,0
Maschinenbau und Metallverarbeitung,GR,abt-total,67,0,67,64,0,64,3,0,3
Maschinenbau und Metallverarbeitung,GR,EFZ,66,0,66,63,0,63,3,0,3
Maschinenbau und Metallverarbeitung,GR,EBA,1,0,1,1,0,1,0,0,0
Maschinenbau und Metallverarbeitung,GR,nReglementiert,0,0,0,0,0,0,0,0,0
Maschinenbau und Metallverarbeitung,AG,abt-total,354,0,354,336,0,336,18,0,18
Maschinenbau und Metallverarbeitung,AG,EFZ,335,0,335,317,0,317,18,0,18
Maschinenbau und Metallverarbeitung,AG,EBA,19,0,19,19,0,19,0,0,0
Maschinenbau und Metallverarbeitung,AG,nReglementiert,0,0,0,0,0,0,0,0,0
Maschinenbau und Metallverarbeitung,TG,abt-total,168,0,168,163,0,163,5,0,5
Maschinenbau und Metallverarbeitung,TG,EFZ,161,0,161,156,0,156,5,0,5
Maschinenbau und Metallverarbeitung,TG,EBA,7,0,7,7,0,7,0,0,0
Maschinenbau und Metallverarbeitung,TG,nReglementiert,0,0,0,0,0,0,0,0,0
Maschinenbau und Metallverarbeitung,TI,abt-total,110,26,84,108,26,82,2,0,2
Maschinenbau und Metallverarbeitung,TI,EFZ,108,26,82,107,26,81,1,0,1
Maschinenbau und Metallverarbeitung,TI,EBA,2,0,2,1,0,1,1,0,1
Maschinenbau und Metallverarbeitung,TI,nReglementiert,0,0,0,0,0,0,0,0,0
Maschinenbau und Metallverarbeitung,VD,abt-total,326,102,224,286,84,202,40,18,22
Maschinenbau und Metallverarbeitung,VD,EFZ,289,102,187,256,84,172,33,18,15
Maschinenbau und Metallverarbeitung,VD,EBA,37,0,37,30,0,30,7,0,7
Maschinenbau und Metallverarbeitung,VD,nReglementiert,0,0,0,0,0,0,0,0,0
Maschinenbau und Metallverarbeitung,VS,abt-total,141,0,141,138,0,138,3,0,3
Maschinenbau und Metallverarbeitung,VS,EFZ,132,0,132,129,0,129,3,0,3
Maschinenbau und Metallverarbeitung,VS,EBA,8,0,8,8,0,8,0,0,0
Maschinenbau und Metallverarbeitung,VS,nReglementiert,1,0,1,1,0,1,0,0,0
Maschinenbau und Metallverarbeitung,NE,abt-total,357,99,258,244,84,160,113,15,98
Maschinenbau und Metallverarbeitung,NE,EFZ,273,99,174,202,84,118,71,15,56
Maschinenbau und Metallverarbeitung,NE,EBA,84,0,84,42,0,42,42,0,42
Maschinenbau und Metallverarbeitung,NE,nReglementiert,0,0,0,0,0,0,0,0,0
Maschinenbau und Metallverarbeitung,GE,abt-total,143,83,60,129,77,52,14,6,8
Maschinenbau und Metallverarbeitung,GE,EFZ,138,83,55,124,77,47,14,6,8
Maschinenbau und Metallverarbeitung,GE,EBA,5,0,5,5,0,5,0,0,0
Maschinenbau und Metallverarbeitung,GE,nReglementiert,0,0,0,0,0,0,0,0,0
Maschinenbau und Metallverarbeitung,JU,abt-total,108,32,76,90,19,71,18,13,5
Maschinenbau und Metallverarbeitung,JU,EFZ,93,32,61,78,19,59,15,13,2
Maschinenbau und Metallverarbeitung,JU,EBA,15,0,15,12,0,12,3,0,3
Maschinenbau und Metallverarbeitung,JU,nReglementiert,0,0,0,0,0,0,0,0,0
Elektrizität und Energie,,abt-total,3902,4,3898,3817,4,3813,85,0,85
Elektrizität und Energie,,EFZ,3681,0,3681,3598,0,3598,83,0,83
Elektrizität und Energie,,EBA,221,4,217,219,4,215,2,0,2
Elektrizität und Energie,,nReglementiert,0,0,0,0,0,0,0,0,0
Elektrizität und Energie,ZH,abt-total,615,0,615,603,0,603,12,0,12
Elektrizität und Energie,ZH,EFZ,580,0,580,568,0,568,12,0,12
Elektrizität und Energie,ZH,EBA,35,0,35,35,0,35,0,0,0
Elektrizität und Energie,ZH,nReglementiert,0,0,0,0,0,0,0,0,0
Elektrizität und Energie,BE,abt-total,466,4,462,451,4,447,15,0,15
Elektrizität und Energie,BE,EFZ,449,0,449,435,0,435,14,0,14
Elektrizität und Energie,BE,EBA,17,4,13,16,4,12,1,0,1
Elektrizität und Energie,BE,nReglementiert,0,0,0,0,0,0,0,0,0
Elektrizität und Energie,LU,abt-total,248,0,248,240,0,240,8,0,8
Elektrizität und Energie,LU,EFZ,234,0,234,226,0,226,8,0,8
Elektrizität und Energie,LU,EBA,14,0,14,14,0,14,0,0,0
Elektrizität und Energie,LU,nReglementiert,0,0,0,0,0,0,0,0,0
Elektrizität und Energie,UR,abt-total,33,0,33,32,0,32,1,0,1
Elektrizität und Energie,UR,EFZ,32,0,32,31,0,31,1,0,1
Elektrizität und Energie,UR,EBA,1,0,1,1,0,1,0,0,0
Elektrizität und Energie,UR,nReglementiert,0,0,0,0,0,0,0,0,0
Elektrizität und Energie,SZ,abt-total,66,0,66,64,0,64,2,0,2
Elektrizität und Energie,SZ,EFZ,61,0,61,59,0,59,2,0,2
Elektrizität und Energie,SZ,EBA,5,0,5,5,0,5,0,0,0
Elektrizität und Energie,SZ,nReglementiert,0,0,0,0,0,0,0,0,0
Elektrizität und Energie,OW,abt-total,25,0,25,24,0,24,1,0,1
Elektrizität und Energie,OW,EFZ,25,0,25,24,0,24,1,0,1
Elektrizität und Energie,OW,EBA,0,0,0,0,0,0,0,0,0
Elektrizität und Energie,OW,nReglementiert,0,0,0,0,0,0,0,0,0
Elektrizität und Energie,NW,abt-total,23,0,23,22,0,22,1,0,1
Elektrizität und Energie,NW,EFZ,22,0,22,21,0,21,1,0,1
Elektrizität und Energie,NW,EBA,1,0,1,1,0,1,0,0,0
Elektrizität und Energie,NW,nReglementiert,0,0,0,0,0,0,0,0,0
Elektrizität und Energie,GL,abt-total,33,0,33,31,0,31,2,0,2
Elektrizität und Energie,GL,EFZ,33,0,33,31,0,31,2,0,2
Elektrizität und Energie,GL,EBA,0,0,0,0,0,0,0,0,0
Elektrizität und Energie,GL,nReglementiert,0,0,0,0,0,0,0,0,0
Elektrizität und Energie,ZG,abt-total,78,0,78,77,0,77,1,0,1
Elektrizität und Energie,ZG,EFZ,76,0,76,75,0,75,1,0,1
Elektrizität und Energie,ZG,EBA,2,0,2,2,0,2,0,0,0
Elektrizität und Energie,ZG,nReglementiert,0,0,0,0,0,0,0,0,0
Elektrizität und Energie,FR,abt-total,151,0,151,147,0,147,4,0,4
Elektrizität und Energie,FR,EFZ,133,0,133,129,0,129,4,0,4
Elektrizität und Energie,FR,EBA,18,0,18,18,0,18,0,0,0
Elektrizität und Energie,FR,nReglementiert,0,0,0,0,0,0,0,0,0
Elektrizität und Energie,SO,abt-total,108,0,108,102,0,102,6,0,6
Elektrizität und Energie,SO,EFZ,100,0,100,95,0,95,5,0,5
Elektrizität und Energie,SO,EBA,8,0,8,7,0,7,1,0,1
Elektrizität und Energie,SO,nReglementiert,0,0,0,0,0,0,0,0,0
Elektrizität und Energie,BS,abt-total,144,0,144,139,0,139,5,0,5
Elektrizität und Energie,BS,EFZ,125,0,125,120,0,120,5,0,5
Elektrizität und Energie,BS,EBA,19,0,19,19,0,19,0,0,0
Elektrizität und Energie,BS,nReglementiert,0,0,0,0,0,0,0,0,0
Elektrizität und Energie,BL,abt-total,83,0,83,81,0,81,2,0,2
Elektrizität und Energie,BL,EFZ,69,0,69,67,0,67,2,0,2
Elektrizität und Energie,BL,EBA,14,0,14,14,0,14,0,0,0
Elektrizität und Energie,Bl,nReglementiert,0,0,0,0,0,0,0,0,0
Elektrizität und Energie,SH,abt-total,39,0,39,37,0,37,2,0,2
Elektrizität und Energie,SH,EFZ,39,0,39,37,0,37,2,0,2
Elektrizität und Energie,SH,EBA,0,0,0,0,0,0,0,0,0
Elektrizität und Energie,SH,nReglementiert,0,0,0,0,0,0,0,0,0
Elektrizität und Energie,AR,abt-total,15,0,15,15,0,15,0,0,0
Elektrizität und Energie,AR,EFZ,15,0,15,15,0,15,0,0,0
Elektrizität und Energie,AR,EBA,0,0,0,0,0,0,0,0,0
Elektrizität und Energie,AR,nReglementiert,0,0,0,0,0,0,0,0,0
Elektrizität und Energie,AI,abt-total,8,0,8,8,0,8,0,0,0
Elektrizität und Energie,AI,EFZ,8,0,8,8,0,8,0,0,0
Elektrizität und Energie,AI,EBA,0,0,0,0,0,0,0,0,0
Elektrizität und Energie,AI,nReglementiert,0,0,0,0,0,0,0,0,0
Elektrizität und Energie,SG,abt-total,272,0,272,270,0,270,2,0,2
Elektrizität und Energie,SG,EFZ,258,0,258,256,0,256,2,0,2
Elektrizität und Energie,SG,EBA,14,0,14,14,0,14,0,0,0
Elektrizität und Energie,SG,nReglementiert,0,0,0,0,0,0,0,0,0
Elektrizität und Energie,GR,abt-total,150,0,150,146,0,146,4,0,4
Elektrizität und Energie,GR,EFZ,138,0,138,134,0,134,4,0,4
Elektrizität und Energie,GR,EBA,12,0,12,12,0,12,0,0,0
Elektrizität und Energie,GR,nReglementiert,0,0,0,0,0,0,0,0,0
Elektrizität und Energie,AG,abt-total,291,0,291,287,0,287,4,0,4
Elektrizität und Energie,AG,EFZ,291,0,291,287,0,287,4,0,4
Elektrizität und Energie,AG,EBA,0,0,0,0,0,0,0,0,0
Elektrizität und Energie,AG,nReglementiert,0,0,0,0,0,0,0,0,0
Elektrizität und Energie,TG,abt-total,126,0,126,125,0,125,1,0,1
Elektrizität und Energie,TG,EFZ,119,0,119,118,0,118,1,0,1
Elektrizität und Energie,TG,EBA,7,0,7,7,0,7,0,0,0
Elektrizität und Energie,TG,nReglementiert,0,0,0,0,0,0,0,0,0
Elektrizität und Energie,TI,abt-total,184,0,184,184,0,184,0,0,0
Elektrizität und Energie,TI,EFZ,180,0,180,180,0,180,0,0,0
Elektrizität und Energie,TI,EBA,4,0,4,4,0,4,0,0,0
Elektrizität und Energie,TI,nReglementiert,0,0,0,0,0,0,0,0,0
Elektrizität und Energie,VD,abt-total,373,0,373,367,0,367,6,0,6
Elektrizität und Energie,VD,EFZ,341,0,341,335,0,335,6,0,6
Elektrizität und Energie,VD,EBA,32,0,32,32,0,32,0,0,0
Elektrizität und Energie,VD,nReglementiert,0,0,0,0,0,0,0,0,0
Elektrizität und Energie,VS,abt-total,218,0,218,214,0,214,4,0,4
Elektrizität und Energie,VS,EFZ,206,0,206,202,0,202,4,0,4
Elektrizität und Energie,VS,EBA,12,0,12,12,0,12,0,0,0
Elektrizität und Energie,VS,nReglementiert,0,0,0,0,0,0,0,0,0
Elektrizität und Energie,NE,abt-total,68,0,68,67,0,67,1,0,1
Elektrizität und Energie,NE,EFZ,66,0,66,65,0,65,1,0,1
Elektrizität und Energie,NE,EBA,2,0,2,2,0,2,0,0,0
Elektrizität und Energie,NE,nReglementiert,0,0,0,0,0,0,0,0,0
Elektrizität und Energie,GE,abt-total,48,0,48,48,0,48,0,0,0
Elektrizität und Energie,GE,EFZ,45,0,45,45,0,45,0,0,0
Elektrizität und Energie,GE,EBA,3,0,3,3,0,3,0,0,0
Elektrizität und Energie,GE,nReglementiert,0,0,0,0,0,0,0,0,0
Elektrizität und Energie,JU,abt-total,37,0,37,36,0,36,1,0,1
Elektrizität und Energie,JU,EFZ,36,0,36,35,0,35,1,0,1
Elektrizität und Energie,JU,EBA,1,0,1,1,0,1,0,0,0
Elektrizität und Energie,JU,nReglementiert,0,0,0,0,0,0,0,0,0
Elektronik und Automation,,abt-total,1863,521,1342,1795,502,1293,68,19,49
Elektronik und Automation,,EFZ,1863,521,1342,1795,502,1293,68,19,49
Elektronik und Automation,,EBA,0,0,0,0,0,0,0,0,0
Elektronik und Automation,,nReglementiert,0,0,0,0,0,0,0,0,0
Elektronik und Automation,ZH,abt-total,228,37,191,222,37,185,6,0,6
Elektronik und Automation,ZH,EFZ,228,37,191,222,37,185,6,0,6
Elektronik und Automation,ZH,EBA,0,0,0,0,0,0,0,0,0
Elektronik und Automation,ZH,nReglementiert,0,0,0,0,0,0,0,0,0
Elektronik und Automation,BE,abt-total,220,65,155,212,64,148,8,1,7
Elektronik und Automation,BE,EFZ,220,65,155,212,64,148,8,1,7
Elektronik und Automation,BE,EBA,0,0,0,0,0,0,0,0,0
Elektronik und Automation,BE,nReglementiert,0,0,0,0,0,0,0,0,0
Elektronik und Automation,LU,abt-total,70,0,70,69,0,69,1,0,1
Elektronik und Automation,LU,EFZ,70,0,70,69,0,69,1,0,1
Elektronik und Automation,LU,EBA,0,0,0,0,0,0,0,0,0
Elektronik und Automation,LU,nReglementiert,0,0,0,0,0,0,0,0,0
Elektronik und Automation,UR,abt-total,6,0,6,6,0,6,0,0,0
Elektronik und Automation,UR,EFZ,6,0,6,6,0,6,0,0,0
Elektronik und Automation,UR,EBA,0,0,0,0,0,0,0,0,0
Elektronik und Automation,UR,nReglementiert,0,0,0,0,0,0,0,0,0
Elektronik und Automation,SZ,abt-total,14,0,14,14,0,14,0,0,0
Elektronik und Automation,SZ,EFZ,14,0,14,14,0,14,0,0,0
Elektronik und Automation,SZ,EBA,0,0,0,0,0,0,0,0,0
Elektronik und Automation,SZ,nReglementiert,0,0,0,0,0,0,0,0,0
Elektronik und Automation,OW,abt-total,7,0,7,7,0,7,0,0,0
Elektronik und Automation,OW,EFZ,7,0,7,7,0,7,0,0,0
Elektronik und Automation,OW,EBA,0,0,0,0,0,0,0,0,0
Elektronik und Automation,OW,nReglementiert,0,0,0,0,0,0,0,0,0
Elektronik und Automation,NW,abt-total,6,0,6,5,0,5,1,0,1
Elektronik und Automation,NW,EFZ,6,0,6,5,0,5,1,0,1
Elektronik und Automation,NW,EBA,0,0,0,0,0,0,0,0,0
Elektronik und Automation,NW,nReglementiert,0,0,0,0,0,0,0,0,0
Elektronik und Automation,GL,abt-total,13,0,13,13,0,13,0,0,0
Elektronik und Automation,GL,EFZ,13,0,13,13,0,13,0,0,0
Elektronik und Automation,GL,EBA,0,0,0,0,0,0,0,0,0
Elektronik und Automation,GL,nReglementiert,0,0,0,0,0,0,0,0,0
Elektronik und Automation,ZG,abt-total,43,0,43,41,0,41,2,0,2
Elektronik und Automation,ZG,EFZ,43,0,43,41,0,41,2,0,2
Elektronik und Automation,ZG,EBA,0,0,0,0,0,0,0,0,0
Elektronik und Automation,ZG,nReglementiert,0,0,0,0,0,0,0,0,0
Elektronik und Automation,FR,abt-total,91,40,51,86,37,49,5,3,2
Elektronik und Automation,FR,EFZ,91,40,51,86,37,49,5,3,2
Elektronik und Automation,FR,EBA,0,0,0,0,0,0,0,0,0
Elektronik und Automation,FR,nReglementiert,0,0,0,0,0,0,0,0,0
Elektronik und Automation,SO,abt-total,42,0,42,39,0,39,3,0,3
Elektronik und Automation,SO,EFZ,42,0,42,39,0,39,3,0,3
Elektronik und Automation,SO,EBA,0,0,0,0,0,0,0,0,0
Elektronik und Automation,SO,nReglementiert,0,0,0,0,0,0,0,0,0
Elektronik und Automation,BS,abt-total,26,0,26,26,0,26,0,0,0
Elektronik und Automation,BS,EFZ,26,0,26,26,0,26,0,0,0
Elektronik und Automation,BS,EBA,0,0,0,0,0,0,0,0,0
Elektronik und Automation,BS,nReglementiert,0,0,0,0,0,0,0,0,0
Elektronik und Automation,BL,abt-total,29,0,29,27,0,27,2,0,2
Elektronik und Automation,BL,EFZ,29,0,29,27,0,27,2,0,2
Elektronik und Automation,BL,EBA,0,0,0,0,0,0,0,0,0
Elektronik und Automation,Bl,nReglementiert,0,0,0,0,0,0,0,0,0
Elektronik und Automation,SH,abt-total,23,0,23,23,0,23,0,0,0
Elektronik und Automation,SH,EFZ,23,0,23,23,0,23,0,0,0
Elektronik und Automation,SH,EBA,0,0,0,0,0,0,0,0,0
Elektronik und Automation,SH,nReglementiert,0,0,0,0,0,0,0,0,0
Elektronik und Automation,AR,abt-total,3,0,3,3,0,3,0,0,0
Elektronik und Automation,AR,EFZ,3,0,3,3,0,3,0,0,0
Elektronik und Automation,AR,EBA,0,0,0,0,0,0,0,0,0
Elektronik und Automation,AR,nReglementiert,0,0,0,0,0,0,0,0,0
Elektronik und Automation,AI,abt-total,2,0,2,2,0,2,0,0,0
Elektronik und Automation,AI,EFZ,2,0,2,2,0,2,0,0,0
Elektronik und Automation,AI,EBA,0,0,0,0,0,0,0,0,0
Elektronik und Automation,AI,nReglementiert,0,0,0,0,0,0,0,0,0
Elektronik und Automation,SG,abt-total,96,0,96,89,0,89,7,0,7
Elektronik und Automation,SG,EFZ,96,0,96,89,0,89,7,0,7
Elektronik und Automation,SG,EBA,0,0,0,0,0,0,0,0,0
Elektronik und Automation,SG,nReglementiert,0,0,0,0,0,0,0,0,0
Elektronik und Automation,GR,abt-total,45,0,45,44,0,44,1,0,1
Elektronik und Automation,GR,EFZ,45,0,45,44,0,44,1,0,1
Elektronik und Automation,GR,EBA,0,0,0,0,0,0,0,0,0
Elektronik und Automation,GR,nReglementiert,0,0,0,0,0,0,0,0,0
Elektronik und Automation,AG,abt-total,145,0,145,139,0,139,6,0,6
Elektronik und Automation,AG,EFZ,145,0,145,139,0,139,6,0,6
Elektronik und Automation,AG,EBA,0,0,0,0,0,0,0,0,0
Elektronik und Automation,AG,nReglementiert,0,0,0,0,0,0,0,0,0
Elektronik und Automation,TG,abt-total,44,0,44,42,0,42,2,0,2
Elektronik und Automation,TG,EFZ,44,0,44,42,0,42,2,0,2
Elektronik und Automation,TG,EBA,0,0,0,0,0,0,0,0,0
Elektronik und Automation,TG,nReglementiert,0,0,0,0,0,0,0,0,0
Elektronik und Automation,TI,abt-total,98,60,38,98,60,38,0,0,0
Elektronik und Automation,TI,EFZ,98,60,38,98,60,38,0,0,0
Elektronik und Automation,TI,EBA,0,0,0,0,0,0,0,0,0
Elektronik und Automation,TI,nReglementiert,0,0,0,0,0,0,0,0,0
Elektronik und Automation,VD,abt-total,226,127,99,215,121,94,11,6,5
Elektronik und Automation,VD,EFZ,226,127,99,215,121,94,11,6,5
Elektronik und Automation,VD,EBA,0,0,0,0,0,0,0,0,0
Elektronik und Automation,VD,nReglementiert,0,0,0,0,0,0,0,0,0
Elektronik und Automation,VS,abt-total,82,47,35,76,42,34,6,5,1
Elektronik und Automation,VS,EFZ,82,47,35,76,42,34,6,5,1
Elektronik und Automation,VS,EBA,0,0,0,0,0,0,0,0,0
Elektronik und Automation,VS,nReglementiert,0,0,0,0,0,0,0,0,0
Elektronik und Automation,NE,abt-total,95,80,15,91,78,13,4,2,2
Elektronik und Automation,NE,EFZ,95,80,15,91,78,13,4,2,2
Elektronik und Automation,NE,EBA,0,0,0,0,0,0,0,0,0
Elektronik und Automation,NE,nReglementiert,0,0,0,0,0,0,0,0,0
Elektronik und Automation,GE,abt-total,184,50,134,181,48,133,3,2,1
Elektronik und Automation,GE,EFZ,184,50,134,181,48,133,3,2,1
Elektronik und Automation,GE,EBA,0,0,0,0,0,0,0,0,0
Elektronik und Automation,GE,nReglementiert,0,0,0,0,0,0,0,0,0
Elektronik und Automation,JU,abt-total,25,15,10,25,15,10,0,0,0
Elektronik und Automation,JU,EFZ,25,15,10,25,15,10,0,0,0
Elektronik und Automation,JU,EBA,0,0,0,0,0,0,0,0,0
Elektronik und Automation,JU,nReglementiert,0,0,0,0,0,0,0,0,0
Chemie und Verfahrenstechnik,,abt-total,661,61,600,396,33,363,265,28,237
Chemie und Verfahrenstechnik,,EFZ,661,61,600,396,33,363,265,28,237
Chemie und Verfahrenstechnik,,EBA,0,0,0,0,0,0,0,0,0
Chemie und Verfahrenstechnik,,nReglementiert,0,0,0,0,0,0,0,0,0
Chemie und Verfahrenstechnik,ZH,abt-total,58,0,58,34,0,34,24,0,24
Chemie und Verfahrenstechnik,ZH,EFZ,58,0,58,34,0,34,24,0,24
Chemie und Verfahrenstechnik,ZH,EBA,0,0,0,0,0,0,0,0,0
Chemie und Verfahrenstechnik,ZH,nReglementiert,0,0,0,0,0,0,0,0,0
Chemie und Verfahrenstechnik,BE,abt-total,30,0,30,22,0,22,8,0,8
Chemie und Verfahrenstechnik,BE,EFZ,30,0,30,22,0,22,8,0,8
Chemie und Verfahrenstechnik,BE,EBA,0,0,0,0,0,0,0,0,0
Chemie und Verfahrenstechnik,BE,nReglementiert,0,0,0,0,0,0,0,0,0
Chemie und Verfahrenstechnik,LU,abt-total,9,0,9,6,0,6,3,0,3
Chemie und Verfahrenstechnik,LU,EFZ,9,0,9,6,0,6,3,0,3
Chemie und Verfahrenstechnik,LU,EBA,0,0,0,0,0,0,0,0,0
Chemie und Verfahrenstechnik,LU,nReglementiert,0,0,0,0,0,0,0,0,0
Chemie und Verfahrenstechnik,UR,abt-total,1,0,1,0,0,0,1,0,1
Chemie und Verfahrenstechnik,UR,EFZ,1,0,1,0,0,0,1,0,1
Chemie und Verfahrenstechnik,UR,EBA,0,0,0,0,0,0,0,0,0
Chemie und Verfahrenstechnik,UR,nReglementiert,0,0,0,0,0,0,0,0,0
Chemie und Verfahrenstechnik,SZ,abt-total,1,0,1,0,0,0,1,0,1
Chemie und Verfahrenstechnik,SZ,EFZ,1,0,1,0,0,0,1,0,1
Chemie und Verfahrenstechnik,SZ,EBA,0,0,0,0,0,0,0,0,0
Chemie und Verfahrenstechnik,SZ,nReglementiert,0,0,0,0,0,0,0,0,0
Chemie und Verfahrenstechnik,OW,abt-total,0,0,0,0,0,0,0,0,0
Chemie und Verfahrenstechnik,OW,EFZ,0,0,0,0,0,0,0,0,0
Chemie und Verfahrenstechnik,OW,EBA,0,0,0,0,0,0,0,0,0
Chemie und Verfahrenstechnik,OW,nReglementiert,0,0,0,0,0,0,0,0,0
Chemie und Verfahrenstechnik,NW,abt-total,0,0,0,0,0,0,0,0,0
Chemie und Verfahrenstechnik,NW,EFZ,0,0,0,0,0,0,0,0,0
Chemie und Verfahrenstechnik,NW,EBA,0,0,0,0,0,0,0,0,0
Chemie und Verfahrenstechnik,NW,nReglementiert,0,0,0,0,0,0,0,0,0
Chemie und Verfahrenstechnik,GL,abt-total,0,0,0,0,0,0,0,0,0
Chemie und Verfahrenstechnik,GL,EFZ,0,0,0,0,0,0,0,0,0
Chemie und Verfahrenstechnik,GL,EBA,0,0,0,0,0,0,0,0,0
Chemie und Verfahrenstechnik,GL,nReglementiert,0,0,0,0,0,0,0,0,0
Chemie und Verfahrenstechnik,ZG,abt-total,5,0,5,3,0,3,2,0,2
Chemie und Verfahrenstechnik,ZG,EFZ,5,0,5,3,0,3,2,0,2
Chemie und Verfahrenstechnik,ZG,EBA,0,0,0,0,0,0,0,0,0
Chemie und Verfahrenstechnik,ZG,nReglementiert,0,0,0,0,0,0,0,0,0
Chemie und Verfahrenstechnik,FR,abt-total,26,0,26,8,0,8,18,0,18
Chemie und Verfahrenstechnik,FR,EFZ,26,0,26,8,0,8,18,0,18
Chemie und Verfahrenstechnik,FR,EBA,0,0,0,0,0,0,0,0,0
Chemie und Verfahrenstechnik,FR,nReglementiert,0,0,0,0,0,0,0,0,0
Chemie und Verfahrenstechnik,SO,abt-total,4,0,4,2,0,2,2,0,2
Chemie und Verfahrenstechnik,SO,EFZ,4,0,4,2,0,2,2,0,2
Chemie und Verfahrenstechnik,SO,EBA,0,0,0,0,0,0,0,0,0
Chemie und Verfahrenstechnik,SO,nReglementiert,0,0,0,0,0,0,0,0,0
Chemie und Verfahrenstechnik,BS,abt-total,77,0,77,52,0,52,25,0,25
Chemie und Verfahrenstechnik,BS,EFZ,77,0,77,52,0,52,25,0,25
Chemie und Verfahrenstechnik,BS,EBA,0,0,0,0,0,0,0,0,0
Chemie und Verfahrenstechnik,BS,nReglementiert,0,0,0,0,0,0,0,0,0
Chemie und Verfahrenstechnik,BL,abt-total,100,0,100,64,0,64,36,0,36
Chemie und Verfahrenstechnik,BL,EFZ,100,0,100,64,0,64,36,0,36
Chemie und Verfahrenstechnik,BL,EBA,0,0,0,0,0,0,0,0,0
Chemie und Verfahrenstechnik,Bl,nReglementiert,0,0,0,0,0,0,0,0,0
Chemie und Verfahrenstechnik,SH,abt-total,14,0,14,6,0,6,8,0,8
Chemie und Verfahrenstechnik,SH,EFZ,14,0,14,6,0,6,8,0,8
Chemie und Verfahrenstechnik,SH,EBA,0,0,0,0,0,0,0,0,0
Chemie und Verfahrenstechnik,SH,nReglementiert,0,0,0,0,0,0,0,0,0
Chemie und Verfahrenstechnik,AR,abt-total,5,0,5,3,0,3,2,0,2
Chemie und Verfahrenstechnik,AR,EFZ,5,0,5,3,0,3,2,0,2
Chemie und Verfahrenstechnik,AR,EBA,0,0,0,0,0,0,0,0,0
Chemie und Verfahrenstechnik,AR,nReglementiert,0,0,0,0,0,0,0,0,0
Chemie und Verfahrenstechnik,AI,abt-total,0,0,0,0,0,0,0,0,0
Chemie und Verfahrenstechnik,AI,EFZ,0,0,0,0,0,0,0,0,0
Chemie und Verfahrenstechnik,AI,EBA,0,0,0,0,0,0,0,0,0
Chemie und Verfahrenstechnik,AI,nReglementiert,0,0,0,0,0,0,0,0,0
Chemie und Verfahrenstechnik,SG,abt-total,23,0,23,13,0,13,10,0,10
Chemie und Verfahrenstechnik,SG,EFZ,23,0,23,13,0,13,10,0,10
Chemie und Verfahrenstechnik,SG,EBA,0,0,0,0,0,0,0,0,0
Chemie und Verfahrenstechnik,SG,nReglementiert,0,0,0,0,0,0,0,0,0
Chemie und Verfahrenstechnik,GR,abt-total,13,0,13,9,0,9,4,0,4
Chemie und Verfahrenstechnik,GR,EFZ,13,0,13,9,0,9,4,0,4
Chemie und Verfahrenstechnik,GR,EBA,0,0,0,0,0,0,0,0,0
Chemie und Verfahrenstechnik,GR,nReglementiert,0,0,0,0,0,0,0,0,0
Chemie und Verfahrenstechnik,AG,abt-total,53,0,53,34,0,34,19,0,19
Chemie und Verfahrenstechnik,AG,EFZ,53,0,53,34,0,34,19,0,19
Chemie und Verfahrenstechnik,AG,EBA,0,0,0,0,0,0,0,0,0
Chemie und Verfahrenstechnik,AG,nReglementiert,0,0,0,0,0,0,0,0,0
Chemie und Verfahrenstechnik,TG,abt-total,7,0,7,6,0,6,1,0,1
Chemie und Verfahrenstechnik,TG,EFZ,7,0,7,6,0,6,1,0,1
Chemie und Verfahrenstechnik,TG,EBA,0,0,0,0,0,0,0,0,0
Chemie und Verfahrenstechnik,TG,nReglementiert,0,0,0,0,0,0,0,0,0
Chemie und Verfahrenstechnik,TI,abt-total,29,0,29,16,0,16,13,0,13
Chemie und Verfahrenstechnik,TI,EFZ,29,0,29,16,0,16,13,0,13
Chemie und Verfahrenstechnik,TI,EBA,0,0,0,0,0,0,0,0,0
Chemie und Verfahrenstechnik,TI,nReglementiert,0,0,0,0,0,0,0,0,0
Chemie und Verfahrenstechnik,VD,abt-total,67,24,43,38,13,25,29,11,18
Chemie und Verfahrenstechnik,VD,EFZ,67,24,43,38,13,25,29,11,18
Chemie und Verfahrenstechnik,VD,EBA,0,0,0,0,0,0,0,0,0
Chemie und Verfahrenstechnik,VD,nReglementiert,0,0,0,0,0,0,0,0,0
Chemie und Verfahrenstechnik,VS,abt-total,82,35,47,56,19,37,26,16,10
Chemie und Verfahrenstechnik,VS,EFZ,82,35,47,56,19,37,26,16,10
Chemie und Verfahrenstechnik,VS,EBA,0,0,0,0,0,0,0,0,0
Chemie und Verfahrenstechnik,VS,nReglementiert,0,0,0,0,0,0,0,0,0
Chemie und Verfahrenstechnik,NE,abt-total,16,0,16,7,0,7,9,0,9
Chemie und Verfahrenstechnik,NE,EFZ,16,0,16,7,0,7,9,0,9
Chemie und Verfahrenstechnik,NE,EBA,0,0,0,0,0,0,0,0,0
Chemie und Verfahrenstechnik,NE,nReglementiert,0,0,0,0,0,0,0,0,0
Chemie und Verfahrenstechnik,GE,abt-total,35,0,35,16,0,16,19,0,19
Chemie und Verfahrenstechnik,GE,EFZ,35,0,35,16,0,16,19,0,19
Chemie und Verfahrenstechnik,GE,EBA,0,0,0,0,0,0,0,0,0
Chemie und Verfahrenstechnik,GE,nReglementiert,0,0,0,0,0,0,0,0,0
Chemie und Verfahrenstechnik,JU,abt-total,6,2,4,1,1,0,5,1,4
Chemie und Verfahrenstechnik,JU,EFZ,6,2,4,1,1,0,5,1,4
Chemie und Verfahrenstechnik,JU,EBA,0,0,0,0,0,0,0,0,0
Chemie und Verfahrenstechnik,JU,nReglementiert,0,0,0,0,0,0,0,0,0
"Kraftfahrzeuge, Schiffe und Flugzeuge",,abt-total,4476,37,4439,4296,36,4260,180,1,179
"Kraftfahrzeuge, Schiffe und Flugzeuge",,EFZ,3941,37,3904,3776,36,3740,165,1,164
"Kraftfahrzeuge, Schiffe und Flugzeuge",,EBA,535,0,535,520,0,520,15,0,15
"Kraftfahrzeuge, Schiffe und Flugzeuge",,nReglementiert,0,0,0,0,0,0,0,0,0
"Kraftfahrzeuge, Schiffe und Flugzeuge",ZH,abt-total,647,0,647,629,0,629,18,0,18
"Kraftfahrzeuge, Schiffe und Flugzeuge",ZH,EFZ,562,0,562,544,0,544,18,0,18
"Kraftfahrzeuge, Schiffe und Flugzeuge",ZH,EBA,85,0,85,85,0,85,0,0,0
"Kraftfahrzeuge, Schiffe und Flugzeuge",ZH,nReglementiert,0,0,0,0,0,0,0,0,0
"Kraftfahrzeuge, Schiffe und Flugzeuge",BE,abt-total,554,0,554,515,0,515,39,0,39
"Kraftfahrzeuge, Schiffe und Flugzeuge",BE,EFZ,518,0,518,482,0,482,36,0,36
"Kraftfahrzeuge, Schiffe und Flugzeuge",BE,EBA,36,0,36,33,0,33,3,0,3
"Kraftfahrzeuge, Schiffe und Flugzeuge",BE,nReglementiert,0,0,0,0,0,0,0,0,0
"Kraftfahrzeuge, Schiffe und Flugzeuge",LU,abt-total,276,0,276,264,0,264,12,0,12
"Kraftfahrzeuge, Schiffe und Flugzeuge",LU,EFZ,244,0,244,234,0,234,10,0,10
"Kraftfahrzeuge, Schiffe und Flugzeuge",LU,EBA,32,0,32,30,0,30,2,0,2
"Kraftfahrzeuge, Schiffe und Flugzeuge",LU,nReglementiert,0,0,0,0,0,0,0,0,0
"Kraftfahrzeuge, Schiffe und Flugzeuge",UR,abt-total,28,0,28,25,0,25,3,0,3
"Kraftfahrzeuge, Schiffe und Flugzeuge",UR,EFZ,27,0,27,24,0,24,3,0,3
"Kraftfahrzeuge, Schiffe und Flugzeuge",UR,EBA,1,0,1,1,0,1,0,0,0
"Kraftfahrzeuge, Schiffe und Flugzeuge",UR,nReglementiert,0,0,0,0,0,0,0,0,0
"Kraftfahrzeuge, Schiffe und Flugzeuge",SZ,abt-total,78,0,78,75,0,75,3,0,3
"Kraftfahrzeuge, Schiffe und Flugzeuge",SZ,EFZ,67,0,67,64,0,64,3,0,3
"Kraftfahrzeuge, Schiffe und Flugzeuge",SZ,EBA,11,0,11,11,0,11,0,0,0
"Kraftfahrzeuge, Schiffe und Flugzeuge",SZ,nReglementiert,0,0,0,0,0,0,0,0,0
"Kraftfahrzeuge, Schiffe und Flugzeuge",OW,abt-total,21,0,21,21,0,21,0,0,0
"Kraftfahrzeuge, Schiffe und Flugzeuge",OW,EFZ,18,0,18,18,0,18,0,0,0
"Kraftfahrzeuge, Schiffe und Flugzeuge",OW,EBA,3,0,3,3,0,3,0,0,0
"Kraftfahrzeuge, Schiffe und Flugzeuge",OW,nReglementiert,0,0,0,0,0,0,0,0,0
"Kraftfahrzeuge, Schiffe und Flugzeuge",NW,abt-total,24,0,24,23,0,23,1,0,1
"Kraftfahrzeuge, Schiffe und Flugzeuge",NW,EFZ,21,0,21,20,0,20,1,0,1
"Kraftfahrzeuge, Schiffe und Flugzeuge",NW,EBA,3,0,3,3,0,3,0,0,0
"Kraftfahrzeuge, Schiffe und Flugzeuge",NW,nReglementiert,0,0,0,0,0,0,0,0,0
"Kraftfahrzeuge, Schiffe und Flugzeuge",GL,abt-total,25,0,25,24,0,24,1,0,1
"Kraftfahrzeuge, Schiffe und Flugzeuge",GL,EFZ,23,0,23,22,0,22,1,0,1
"Kraftfahrzeuge, Schiffe und Flugzeuge",GL,EBA,2,0,2,2,0,2,0,0,0
"Kraftfahrzeuge, Schiffe und Flugzeuge",GL,nReglementiert,0,0,0,0,0,0,0,0,0
"Kraftfahrzeuge, Schiffe und Flugzeuge",ZG,abt-total,51,0,51,47,0,47,4,0,4
"Kraftfahrzeuge, Schiffe und Flugzeuge",ZG,EFZ,49,0,49,45,0,45,4,0,4
"Kraftfahrzeuge, Schiffe und Flugzeuge",ZG,EBA,2,0,2,2,0,2,0,0,0
"Kraftfahrzeuge, Schiffe und Flugzeuge",ZG,nReglementiert,0,0,0,0,0,0,0,0,0
"Kraftfahrzeuge, Schiffe und Flugzeuge",FR,abt-total,202,0,202,194,0,194,8,0,8
"Kraftfahrzeuge, Schiffe und Flugzeuge",FR,EFZ,184,0,184,176,0,176,8,0,8
"Kraftfahrzeuge, Schiffe und Flugzeuge",FR,EBA,18,0,18,18,0,18,0,0,0
"Kraftfahrzeuge, Schiffe und Flugzeuge",FR,nReglementiert,0,0,0,0,0,0,0,0,0
"Kraftfahrzeuge, Schiffe und Flugzeuge",SO,abt-total,151,0,151,145,0,145,6,0,6
"Kraftfahrzeuge, Schiffe und Flugzeuge",SO,EFZ,113,0,113,107,0,107,6,0,6
"Kraftfahrzeuge, Schiffe und Flugzeuge",SO,EBA,38,0,38,38,0,38,0,0,0
"Kraftfahrzeuge, Schiffe und Flugzeuge",SO,nReglementiert,0,0,0,0,0,0,0,0,0
"Kraftfahrzeuge, Schiffe und Flugzeuge",BS,abt-total,64,0,64,59,0,59,5,0,5
"Kraftfahrzeuge, Schiffe und Flugzeuge",BS,EFZ,62,0,62,57,0,57,5,0,5
"Kraftfahrzeuge, Schiffe und Flugzeuge",BS,EBA,2,0,2,2,0,2,0,0,0
"Kraftfahrzeuge, Schiffe und Flugzeuge",BS,nReglementiert,0,0,0,0,0,0,0,0,0
"Kraftfahrzeuge, Schiffe und Flugzeuge",BL,abt-total,110,0,110,107,0,107,3,0,3
"Kraftfahrzeuge, Schiffe und Flugzeuge",BL,EFZ,93,0,93,90,0,90,3,0,3
"Kraftfahrzeuge, Schiffe und Flugzeuge",BL,EBA,17,0,17,17,0,17,0,0,0
"Kraftfahrzeuge, Schiffe und Flugzeuge",Bl,nReglementiert,0,0,0,0,0,0,0,0,0
"Kraftfahrzeuge, Schiffe und Flugzeuge",SH,abt-total,39,0,39,38,0,38,1,0,1
"Kraftfahrzeuge, Schiffe und Flugzeuge",SH,EFZ,29,0,29,28,0,28,1,0,1
"Kraftfahrzeuge, Schiffe und Flugzeuge",SH,EBA,10,0,10,10,0,10,0,0,0
"Kraftfahrzeuge, Schiffe und Flugzeuge",SH,nReglementiert,0,0,0,0,0,0,0,0,0
"Kraftfahrzeuge, Schiffe und Flugzeuge",AR,abt-total,23,0,23,23,0,23,0,0,0
"Kraftfahrzeuge, Schiffe und Flugzeuge",AR,EFZ,21,0,21,21,0,21,0,0,0
"Kraftfahrzeuge, Schiffe und Flugzeuge",AR,EBA,2,0,2,2,0,2,0,0,0
"Kraftfahrzeuge, Schiffe und Flugzeuge",AR,nReglementiert,0,0,0,0,0,0,0,0,0
"Kraftfahrzeuge, Schiffe und Flugzeuge",AI,abt-total,8,0,8,8,0,8,0,0,0
"Kraftfahrzeuge, Schiffe und Flugzeuge",AI,EFZ,8,0,8,8,0,8,0,0,0
"Kraftfahrzeuge, Schiffe und Flugzeuge",AI,EBA,0,0,0,0,0,0,0,0,0
"Kraftfahrzeuge, Schiffe und Flugzeuge",AI,nReglementiert,0,0,0,0,0,0,0,0,0
"Kraftfahrzeuge, Schiffe und Flugzeuge",SG,abt-total,347,0,347,332,0,332,15,0,15
"Kraftfahrzeuge, Schiffe und Flugzeuge",SG,EFZ,302,0,302,289,0,289,13,0,13
"Kraftfahrzeuge, Schiffe und Flugzeuge",SG,EBA,45,0,45,43,0,43,2,0,2
"Kraftfahrzeuge, Schiffe und Flugzeuge",SG,nReglementiert,0,0,0,0,0,0,0,0,0
"Kraftfahrzeuge, Schiffe und Flugzeuge",GR,abt-total,122,0,122,117,0,117,5,0,5
"Kraftfahrzeuge, Schiffe und Flugzeuge",GR,EFZ,112,0,112,108,0,108,4,0,4
"Kraftfahrzeuge, Schiffe und Flugzeuge",GR,EBA,10,0,10,9,0,9,1,0,1
"Kraftfahrzeuge, Schiffe und Flugzeuge",GR,nReglementiert,0,0,0,0,0,0,0,0,0
"Kraftfahrzeuge, Schiffe und Flugzeuge",AG,abt-total,382,0,382,366,0,366,16,0,16
"Kraftfahrzeuge, Schiffe und Flugzeuge",AG,EFZ,313,0,313,299,0,299,14,0,14
"Kraftfahrzeuge, Schiffe und Flugzeuge",AG,EBA,69,0,69,67,0,67,2,0,2
"Kraftfahrzeuge, Schiffe und Flugzeuge",AG,nReglementiert,0,0,0,0,0,0,0,0,0
"Kraftfahrzeuge, Schiffe und Flugzeuge",TG,abt-total,172,0,172,158,0,158,14,0,14
"Kraftfahrzeuge, Schiffe und Flugzeuge",TG,EFZ,147,0,147,136,0,136,11,0,11
"Kraftfahrzeuge, Schiffe und Flugzeuge",TG,EBA,25,0,25,22,0,22,3,0,3
"Kraftfahrzeuge, Schiffe und Flugzeuge",TG,nReglementiert,0,0,0,0,0,0,0,0,0
"Kraftfahrzeuge, Schiffe und Flugzeuge",TI,abt-total,223,0,223,219,0,219,4,0,4
"Kraftfahrzeuge, Schiffe und Flugzeuge",TI,EFZ,186,0,186,183,0,183,3,0,3
"Kraftfahrzeuge, Schiffe und Flugzeuge",TI,EBA,37,0,37,36,0,36,1,0,1
"Kraftfahrzeuge, Schiffe und Flugzeuge",TI,nReglementiert,0,0,0,0,0,0,0,0,0
"Kraftfahrzeuge, Schiffe und Flugzeuge",VD,abt-total,377,19,358,371,19,352,6,0,6
"Kraftfahrzeuge, Schiffe und Flugzeuge",VD,EFZ,342,19,323,337,19,318,5,0,5
"Kraftfahrzeuge, Schiffe und Flugzeuge",VD,EBA,35,0,35,34,0,34,1,0,1
"Kraftfahrzeuge, Schiffe und Flugzeuge",VD,nReglementiert,0,0,0,0,0,0,0,0,0
"Kraftfahrzeuge, Schiffe und Flugzeuge",VS,abt-total,207,0,207,199,0,199,8,0,8
"Kraftfahrzeuge, Schiffe und Flugzeuge",VS,EFZ,182,0,182,174,0,174,8,0,8
"Kraftfahrzeuge, Schiffe und Flugzeuge",VS,EBA,25,0,25,25,0,25,0,0,0
"Kraftfahrzeuge, Schiffe und Flugzeuge",VS,nReglementiert,0,0,0,0,0,0,0,0,0
"Kraftfahrzeuge, Schiffe und Flugzeuge",NE,abt-total,96,0,96,92,0,92,4,0,4
"Kraftfahrzeuge, Schiffe und Flugzeuge",NE,EFZ,93,0,93,89,0,89,4,0,4
"Kraftfahrzeuge, Schiffe und Flugzeuge",NE,EBA,3,0,3,3,0,3,0,0,0
"Kraftfahrzeuge, Schiffe und Flugzeuge",NE,nReglementiert,0,0,0,0,0,0,0,0,0
"Kraftfahrzeuge, Schiffe und Flugzeuge",GE,abt-total,197,18,179,194,17,177,3,1,2
"Kraftfahrzeuge, Schiffe und Flugzeuge",GE,EFZ,178,18,160,175,17,158,3,1,2
"Kraftfahrzeuge, Schiffe und Flugzeuge",GE,EBA,19,0,19,19,0,19,0,0,0
"Kraftfahrzeuge, Schiffe und Flugzeuge",GE,nReglementiert,0,0,0,0,0,0,0,0,0
"Kraftfahrzeuge, Schiffe und Flugzeuge",JU,abt-total,52,0,52,51,0,51,1,0,1
"Kraftfahrzeuge, Schiffe und Flugzeuge",JU,EFZ,47,0,47,46,0,46,1,0,1
"Kraftfahrzeuge, Schiffe und Flugzeuge",JU,EBA,5,0,5,5,0,5,0,0,0
"Kraftfahrzeuge, Schiffe und Flugzeuge",JU,nReglementiert,0,0,0,0,0,0,0,0,0
Ernährungsgewerbe,,abt-total,1631,0,1631,964,0,964,667,0,667
Ernährungsgewerbe,,EFZ,1522,0,1522,883,0,883,639,0,639
Ernährungsgewerbe,,EBA,109,0,109,81,0,81,28,0,28
Ernährungsgewerbe,,nReglementiert,0,0,0,0,0,0,0,0,0
Ernährungsgewerbe,ZH,abt-total,173,0,173,104,0,104,69,0,69
Ernährungsgewerbe,ZH,EFZ,162,0,162,94,0,94,68,0,68
Ernährungsgewerbe,ZH,EBA,11,0,11,10,0,10,1,0,1
Ernährungsgewerbe,ZH,nReglementiert,0,0,0,0,0,0,0,0,0
Ernährungsgewerbe,BE,abt-total,227,0,227,111,0,111,116,0,116
Ernährungsgewerbe,BE,EFZ,209,0,209,102,0,102,107,0,107
Ernährungsgewerbe,BE,EBA,18,0,18,9,0,9,9,0,9
Ernährungsgewerbe,BE,nReglementiert,0,0,0,0,0,0,0,0,0
Ernährungsgewerbe,LU,abt-total,122,0,122,55,0,55,67,0,67
Ernährungsgewerbe,LU,EFZ,107,0,107,45,0,45,62,0,62
Ernährungsgewerbe,LU,EBA,15,0,15,10,0,10,5,0,5
Ernährungsgewerbe,LU,nReglementiert,0,0,0,0,0,0,0,0,0
Ernährungsgewerbe,UR,abt-total,7,0,7,4,0,4,3,0,3
Ernährungsgewerbe,UR,EFZ,7,0,7,4,0,4,3,0,3
Ernährungsgewerbe,UR,EBA,0,0,0,0,0,0,0,0,0
Ernährungsgewerbe,UR,nReglementiert,0,0,0,0,0,0,0,0,0
Ernährungsgewerbe,SZ,abt-total,51,0,51,25,0,25,26,0,26
Ernährungsgewerbe,SZ,EFZ,49,0,49,23,0,23,26,0,26
Ernährungsgewerbe,SZ,EBA,2,0,2,2,0,2,0,0,0
Ernährungsgewerbe,SZ,nReglementiert,0,0,0,0,0,0,0,0,0
Ernährungsgewerbe,OW,abt-total,6,0,6,4,0,4,2,0,2
Ernährungsgewerbe,OW,EFZ,6,0,6,4,0,4,2,0,2
Ernährungsgewerbe,OW,EBA,0,0,0,0,0,0,0,0,0
Ernährungsgewerbe,OW,nReglementiert,0,0,0,0,0,0,0,0,0
Ernährungsgewerbe,NW,abt-total,10,0,10,5,0,5,5,0,5
Ernährungsgewerbe,NW,EFZ,9,0,9,4,0,4,5,0,5
Ernährungsgewerbe,NW,EBA,1,0,1,1,0,1,0,0,0
Ernährungsgewerbe,NW,nReglementiert,0,0,0,0,0,0,0,0,0
Ernährungsgewerbe,GL,abt-total,17,0,17,9,0,9,8,0,8
Ernährungsgewerbe,GL,EFZ,15,0,15,8,0,8,7,0,7
Ernährungsgewerbe,GL,EBA,2,0,2,1,0,1,1,0,1
Ernährungsgewerbe,GL,nReglementiert,0,0,0,0,0,0,0,0,0
Ernährungsgewerbe,ZG,abt-total,19,0,19,8,0,8,11,0,11
Ernährungsgewerbe,ZG,EFZ,18,0,18,7,0,7,11,0,11
Ernährungsgewerbe,ZG,EBA,1,0,1,1,0,1,0,0,0
Ernährungsgewerbe,ZG,nReglementiert,0,0,0,0,0,0,0,0,0
Ernährungsgewerbe,FR,abt-total,118,0,118,82,0,82,36,0,36
Ernährungsgewerbe,FR,EFZ,109,0,109,75,0,75,34,0,34
Ernährungsgewerbe,FR,EBA,9,0,9,7,0,7,2,0,2
Ernährungsgewerbe,FR,nReglementiert,0,0,0,0,0,0,0,0,0
Ernährungsgewerbe,SO,abt-total,38,0,38,15,0,15,23,0,23
Ernährungsgewerbe,SO,EFZ,35,0,35,12,0,12,23,0,23
Ernährungsgewerbe,SO,EBA,3,0,3,3,0,3,0,0,0
Ernährungsgewerbe,SO,nReglementiert,0,0,0,0,0,0,0,0,0
Ernährungsgewerbe,BS,abt-total,27,0,27,19,0,19,8,0,8
Ernährungsgewerbe,BS,EFZ,22,0,22,14,0,14,8,0,8
Ernährungsgewerbe,BS,EBA,5,0,5,5,0,5,0,0,0
Ernährungsgewerbe,BS,nReglementiert,0,0,0,0,0,0,0,0,0
Ernährungsgewerbe,BL,abt-total,36,0,36,19,0,19,17,0,17
Ernährungsgewerbe,BL,EFZ,36,0,36,19,0,19,17,0,17
Ernährungsgewerbe,BL,EBA,0,0,0,0,0,0,0,0,0
Ernährungsgewerbe,Bl,nReglementiert,0,0,0,0,0,0,0,0,0
Ernährungsgewerbe,SH,abt-total,20,0,20,12,0,12,8,0,8
Ernährungsgewerbe,SH,EFZ,20,0,20,12,0,12,8,0,8
Ernährungsgewerbe,SH,EBA,0,0,0,0,0,0,0,0,0
Ernährungsgewerbe,SH,nReglementiert,0,0,0,0,0,0,0,0,0
Ernährungsgewerbe,AR,abt-total,17,0,17,13,0,13,4,0,4
Ernährungsgewerbe,AR,EFZ,15,0,15,11,0,11,4,0,4
Ernährungsgewerbe,AR,EBA,2,0,2,2,0,2,0,0,0
Ernährungsgewerbe,AR,nReglementiert,0,0,0,0,0,0,0,0,0
Ernährungsgewerbe,AI,abt-total,13,0,13,4,0,4,9,0,9
Ernährungsgewerbe,AI,EFZ,13,0,13,4,0,4,9,0,9
Ernährungsgewerbe,AI,EBA,0,0,0,0,0,0,0,0,0
Ernährungsgewerbe,AI,nReglementiert,0,0,0,0,0,0,0,0,0
Ernährungsgewerbe,SG,abt-total,160,0,160,87,0,87,73,0,73
Ernährungsgewerbe,SG,EFZ,151,0,151,80,0,80,71,0,71
Ernährungsgewerbe,SG,EBA,9,0,9,7,0,7,2,0,2
Ernährungsgewerbe,SG,nReglementiert,0,0,0,0,0,0,0,0,0
Ernährungsgewerbe,GR,abt-total,41,0,41,22,0,22,19,0,19
Ernährungsgewerbe,GR,EFZ,39,0,39,20,0,20,19,0,19
Ernährungsgewerbe,GR,EBA,2,0,2,2,0,2,0,0,0
Ernährungsgewerbe,GR,nReglementiert,0,0,0,0,0,0,0,0,0
Ernährungsgewerbe,AG,abt-total,126,0,126,75,0,75,51,0,51
Ernährungsgewerbe,AG,EFZ,113,0,113,67,0,67,46,0,46
Ernährungsgewerbe,AG,EBA,13,0,13,8,0,8,5,0,5
Ernährungsgewerbe,AG,nReglementiert,0,0,0,0,0,0,0,0,0
Ernährungsgewerbe,TG,abt-total,64,0,64,41,0,41,23,0,23
Ernährungsgewerbe,TG,EFZ,60,0,60,39,0,39,21,0,21
Ernährungsgewerbe,TG,EBA,4,0,4,2,0,2,2,0,2
Ernährungsgewerbe,TG,nReglementiert,0,0,0,0,0,0,0,0,0
Ernährungsgewerbe,TI,abt-total,46,0,46,37,0,37,9,0,9
Ernährungsgewerbe,TI,EFZ,46,0,46,37,0,37,9,0,9
Ernährungsgewerbe,TI,EBA,0,0,0,0,0,0,0,0,0
Ernährungsgewerbe,TI,nReglementiert,0,0,0,0,0,0,0,0,0
Ernährungsgewerbe,VD,abt-total,142,0,142,102,0,102,40,0,40
Ernährungsgewerbe,VD,EFZ,136,0,136,97,0,97,39,0,39
Ernährungsgewerbe,VD,EBA,6,0,6,5,0,5,1,0,1
Ernährungsgewerbe,VD,nReglementiert,0,0,0,0,0,0,0,0,0
Ernährungsgewerbe,VS,abt-total,60,0,60,46,0,46,14,0,14
Ernährungsgewerbe,VS,EFZ,58,0,58,44,0,44,14,0,14
Ernährungsgewerbe,VS,EBA,2,0,2,2,0,2,0,0,0
Ernährungsgewerbe,VS,nReglementiert,0,0,0,0,0,0,0,0,0
Ernährungsgewerbe,NE,abt-total,38,0,38,26,0,26,12,0,12
Ernährungsgewerbe,NE,EFZ,36,0,36,24,0,24,12,0,12
Ernährungsgewerbe,NE,EBA,2,0,2,2,0,2,0,0,0
Ernährungsgewerbe,NE,nReglementiert,0,0,0,0,0,0,0,0,0
Ernährungsgewerbe,GE,abt-total,33,0,33,24,0,24,9,0,9
Ernährungsgewerbe,GE,EFZ,31,0,31,22,0,22,9,0,9
Ernährungsgewerbe,GE,EBA,2,0,2,2,0,2,0,0,0
Ernährungsgewerbe,GE,nReglementiert,0,0,0,0,0,0,0,0,0
Ernährungsgewerbe,JU,abt-total,20,0,20,15,0,15,5,0,5
Ernährungsgewerbe,JU,EFZ,20,0,20,15,0,15,5,0,5
Ernährungsgewerbe,JU,EBA,0,0,0,0,0,0,0,0,0
Ernährungsgewerbe,JU,nReglementiert,0,0,0,0,0,0,0,0,0
"Textil, Bekleidung, Schuhe, Leder",,abt-total,488,324,164,49,15,34,439,309,130
"Textil, Bekleidung, Schuhe, Leder",,EFZ,488,324,164,49,15,34,439,309,130
"Textil, Bekleidung, Schuhe, Leder",,EBA,0,0,0,0,0,0,0,0,0
"Textil, Bekleidung, Schuhe, Leder",,nReglementiert,0,0,0,0,0,0,0,0,0
"Textil, Bekleidung, Schuhe, Leder",ZH,abt-total,59,49,10,3,0,3,56,49,7
"Textil, Bekleidung, Schuhe, Leder",ZH,EFZ,59,49,10,3,0,3,56,49,7
"Textil, Bekleidung, Schuhe, Leder",ZH,EBA,0,0,0,0,0,0,0,0,0
"Textil, Bekleidung, Schuhe, Leder",ZH,nReglementiert,0,0,0,0,0,0,0,0,0
"Textil, Bekleidung, Schuhe, Leder",BE,abt-total,51,40,11,3,0,3,48,40,8
"Textil, Bekleidung, Schuhe, Leder",BE,EFZ,51,40,11,3,0,3,48,40,8
"Textil, Bekleidung, Schuhe, Leder",BE,EBA,0,0,0,0,0,0,0,0,0
"Textil, Bekleidung, Schuhe, Leder",BE,nReglementiert,0,0,0,0,0,0,0,0,0
"Textil, Bekleidung, Schuhe, Leder",LU,abt-total,5,0,5,0,0,0,5,0,5
"Textil, Bekleidung, Schuhe, Leder",LU,EFZ,5,0,5,0,0,0,5,0,5
"Textil, Bekleidung, Schuhe, Leder",LU,EBA,0,0,0,0,0,0,0,0,0
"Textil, Bekleidung, Schuhe, Leder",LU,nReglementiert,0,0,0,0,0,0,0,0,0
"Textil, Bekleidung, Schuhe, Leder",UR,abt-total,4,0,4,0,0,0,4,0,4
"Textil, Bekleidung, Schuhe, Leder",UR,EFZ,4,0,4,0,0,0,4,0,4
"Textil, Bekleidung, Schuhe, Leder",UR,EBA,0,0,0,0,0,0,0,0,0
"Textil, Bekleidung, Schuhe, Leder",UR,nReglementiert,0,0,0,0,0,0,0,0,0
"Textil, Bekleidung, Schuhe, Leder",SZ,abt-total,8,0,8,2,0,2,6,0,6
"Textil, Bekleidung, Schuhe, Leder",SZ,EFZ,8,0,8,2,0,2,6,0,6
"Textil, Bekleidung, Schuhe, Leder",SZ,EBA,0,0,0,0,0,0,0,0,0
"Textil, Bekleidung, Schuhe, Leder",SZ,nReglementiert,0,0,0,0,0,0,0,0,0
"Textil, Bekleidung, Schuhe, Leder",OW,abt-total,1,0,1,1,0,1,0,0,0
"Textil, Bekleidung, Schuhe, Leder",OW,EFZ,1,0,1,1,0,1,0,0,0
"Textil, Bekleidung, Schuhe, Leder",OW,EBA,0,0,0,0,0,0,0,0,0
"Textil, Bekleidung, Schuhe, Leder",OW,nReglementiert,0,0,0,0,0,0,0,0,0
"Textil, Bekleidung, Schuhe, Leder",NW,abt-total,4,0,4,0,0,0,4,0,4
"Textil, Bekleidung, Schuhe, Leder",NW,EFZ,4,0,4,0,0,0,4,0,4
"Textil, Bekleidung, Schuhe, Leder",NW,EBA,0,0,0,0,0,0,0,0,0
"Textil, Bekleidung, Schuhe, Leder",NW,nReglementiert,0,0,0,0,0,0,0,0,0
"Textil, Bekleidung, Schuhe, Leder",GL,abt-total,1,0,1,1,0,1,0,0,0
"Textil, Bekleidung, Schuhe, Leder",GL,EFZ,1,0,1,1,0,1,0,0,0
"Textil, Bekleidung, Schuhe, Leder",GL,EBA,0,0,0,0,0,0,0,0,0
"Textil, Bekleidung, Schuhe, Leder",GL,nReglementiert,0,0,0,0,0,0,0,0,0
"Textil, Bekleidung, Schuhe, Leder",ZG,abt-total,1,0,1,0,0,0,1,0,1
"Textil, Bekleidung, Schuhe, Leder",ZG,EFZ,1,0,1,0,0,0,1,0,1
"Textil, Bekleidung, Schuhe, Leder",ZG,EBA,0,0,0,0,0,0,0,0,0
"Textil, Bekleidung, Schuhe, Leder",ZG,nReglementiert,0,0,0,0,0,0,0,0,0
"Textil, Bekleidung, Schuhe, Leder",FR,abt-total,15,11,4,1,0,1,14,11,3
"Textil, Bekleidung, Schuhe, Leder",FR,EFZ,15,11,4,1,0,1,14,11,3
"Textil, Bekleidung, Schuhe, Leder",FR,EBA,0,0,0,0,0,0,0,0,0
"Textil, Bekleidung, Schuhe, Leder",FR,nReglementiert,0,0,0,0,0,0,0,0,0
"Textil, Bekleidung, Schuhe, Leder",SO,abt-total,18,0,18,1,0,1,17,0,17
"Textil, Bekleidung, Schuhe, Leder",SO,EFZ,18,0,18,1,0,1,17,0,17
"Textil, Bekleidung, Schuhe, Leder",SO,EBA,0,0,0,0,0,0,0,0,0
"Textil, Bekleidung, Schuhe, Leder",SO,nReglementiert,0,0,0,0,0,0,0,0,0
"Textil, Bekleidung, Schuhe, Leder",BS,abt-total,18,10,8,1,0,1,17,10,7
"Textil, Bekleidung, Schuhe, Leder",BS,EFZ,18,10,8,1,0,1,17,10,7
"Textil, Bekleidung, Schuhe, Leder",BS,EBA,0,0,0,0,0,0,0,0,0
"Textil, Bekleidung, Schuhe, Leder",BS,nReglementiert,0,0,0,0,0,0,0,0,0
"Textil, Bekleidung, Schuhe, Leder",BL,abt-total,4,0,4,2,0,2,2,0,2
"Textil, Bekleidung, Schuhe, Leder",BL,EFZ,4,0,4,2,0,2,2,0,2
"Textil, Bekleidung, Schuhe, Leder",BL,EBA,0,0,0,0,0,0,0,0,0
"Textil, Bekleidung, Schuhe, Leder",Bl,nReglementiert,0,0,0,0,0,0,0,0,0
"Textil, Bekleidung, Schuhe, Leder",SH,abt-total,1,0,1,1,0,1,0,0,0
"Textil, Bekleidung, Schuhe, Leder",SH,EFZ,1,0,1,1,0,1,0,0,0
"Textil, Bekleidung, Schuhe, Leder",SH,EBA,0,0,0,0,0,0,0,0,0
"Textil, Bekleidung, Schuhe, Leder",SH,nReglementiert,0,0,0,0,0,0,0,0,0
"Textil, Bekleidung, Schuhe, Leder",AR,abt-total,10,0,10,6,0,6,4,0,4
"Textil, Bekleidung, Schuhe, Leder",AR,EFZ,10,0,10,6,0,6,4,0,4
"Textil, Bekleidung, Schuhe, Leder",AR,EBA,0,0,0,0,0,0,0,0,0
"Textil, Bekleidung, Schuhe, Leder",AR,nReglementiert,0,0,0,0,0,0,0,0,0
"Textil, Bekleidung, Schuhe, Leder",AI,abt-total,0,0,0,0,0,0,0,0,0
"Textil, Bekleidung, Schuhe, Leder",AI,EFZ,0,0,0,0,0,0,0,0,0
"Textil, Bekleidung, Schuhe, Leder",AI,EBA,0,0,0,0,0,0,0,0,0
"Textil, Bekleidung, Schuhe, Leder",AI,nReglementiert,0,0,0,0,0,0,0,0,0
"Textil, Bekleidung, Schuhe, Leder",SG,abt-total,18,6,12,4,0,4,14,6,8
"Textil, Bekleidung, Schuhe, Leder",SG,EFZ,18,6,12,4,0,4,14,6,8
"Textil, Bekleidung, Schuhe, Leder",SG,EBA,0,0,0,0,0,0,0,0,0
"Textil, Bekleidung, Schuhe, Leder",SG,nReglementiert,0,0,0,0,0,0,0,0,0
"Textil, Bekleidung, Schuhe, Leder",GR,abt-total,4,0,4,0,0,0,4,0,4
"Textil, Bekleidung, Schuhe, Leder",GR,EFZ,4,0,4,0,0,0,4,0,4
"Textil, Bekleidung, Schuhe, Leder",GR,EBA,0,0,0,0,0,0,0,0,0
"Textil, Bekleidung, Schuhe, Leder",GR,nReglementiert,0,0,0,0,0,0,0,0,0
"Textil, Bekleidung, Schuhe, Leder",AG,abt-total,27,0,27,1,0,1,26,0,26
"Textil, Bekleidung, Schuhe, Leder",AG,EFZ,27,0,27,1,0,1,26,0,26
"Textil, Bekleidung, Schuhe, Leder",AG,EBA,0,0,0,0,0,0,0,0,0
"Textil, Bekleidung, Schuhe, Leder",AG,nReglementiert,0,0,0,0,0,0,0,0,0
"Textil, Bekleidung, Schuhe, Leder",TG,abt-total,10,0,10,1,0,1,9,0,9
"Textil, Bekleidung, Schuhe, Leder",TG,EFZ,10,0,10,1,0,1,9,0,9
"Textil, Bekleidung, Schuhe, Leder",TG,EBA,0,0,0,0,0,0,0,0,0
"Textil, Bekleidung, Schuhe, Leder",TG,nReglementiert,0,0,0,0,0,0,0,0,0
"Textil, Bekleidung, Schuhe, Leder",TI,abt-total,117,111,6,11,10,1,106,101,5
"Textil, Bekleidung, Schuhe, Leder",TI,EFZ,117,111,6,11,10,1,106,101,5
"Textil, Bekleidung, Schuhe, Leder",TI,EBA,0,0,0,0,0,0,0,0,0
"Textil, Bekleidung, Schuhe, Leder",TI,nReglementiert,0,0,0,0,0,0,0,0,0
"Textil, Bekleidung, Schuhe, Leder",VD,abt-total,60,48,12,7,3,4,53,45,8
"Textil, Bekleidung, Schuhe, Leder",VD,EFZ,60,48,12,7,3,4,53,45,8
"Textil, Bekleidung, Schuhe, Leder",VD,EBA,0,0,0,0,0,0,0,0,0
"Textil, Bekleidung, Schuhe, Leder",VD,nReglementiert,0,0,0,0,0,0,0,0,0
"Textil, Bekleidung, Schuhe, Leder",VS,abt-total,16,15,1,0,0,0,16,15,1
"Textil, Bekleidung, Schuhe, Leder",VS,EFZ,16,15,1,0,0,0,16,15,1
"Textil, Bekleidung, Schuhe, Leder",VS,EBA,0,0,0,0,0,0,0,0,0
"Textil, Bekleidung, Schuhe, Leder",VS,nReglementiert,0,0,0,0,0,0,0,0,0
"Textil, Bekleidung, Schuhe, Leder",NE,abt-total,20,20,0,1,1,0,19,19,0
"Textil, Bekleidung, Schuhe, Leder",NE,EFZ,20,20,0,1,1,0,19,19,0
"Textil, Bekleidung, Schuhe, Leder",NE,EBA,0,0,0,0,0,0,0,0,0
"Textil, Bekleidung, Schuhe, Leder",NE,nReglementiert,0,0,0,0,0,0,0,0,0
"Textil, Bekleidung, Schuhe, Leder",GE,abt-total,16,14,2,2,1,1,14,13,1
"Textil, Bekleidung, Schuhe, Leder",GE,EFZ,16,14,2,2,1,1,14,13,1
"Textil, Bekleidung, Schuhe, Leder",GE,EBA,0,0,0,0,0,0,0,0,0
"Textil, Bekleidung, Schuhe, Leder",GE,nReglementiert,0,0,0,0,0,0,0,0,0
"Textil, Bekleidung, Schuhe, Leder",JU,abt-total,0,0,0,0,0,0,0,0,0
"Textil, Bekleidung, Schuhe, Leder",JU,EFZ,0,0,0,0,0,0,0,0,0
"Textil, Bekleidung, Schuhe, Leder",JU,EBA,0,0,0,0,0,0,0,0,0
"Textil, Bekleidung, Schuhe, Leder",JU,nReglementiert,0,0,0,0,0,0,0,0,0
"Werkstoffe (Holz, Papier, Kunststoff, Glas)",,abt-total,2016,131,1885,1798,102,1696,218,29,189
"Werkstoffe (Holz, Papier, Kunststoff, Glas)",,EFZ,1726,117,1609,1533,91,1442,193,26,167
"Werkstoffe (Holz, Papier, Kunststoff, Glas)",,EBA,290,14,276,265,11,254,25,3,22
"Werkstoffe (Holz, Papier, Kunststoff, Glas)",,nReglementiert,0,0,0,0,0,0,0,0,0
"Werkstoffe (Holz, Papier, Kunststoff, Glas)",ZH,abt-total,222,15,207,198,13,185,24,2,22
"Werkstoffe (Holz, Papier, Kunststoff, Glas)",ZH,EFZ,167,12,155,145,10,135,22,2,20
"Werkstoffe (Holz, Papier, Kunststoff, Glas)",ZH,EBA,55,3,52,53,3,50,2,0,2
"Werkstoffe (Holz, Papier, Kunststoff, Glas)",ZH,nReglementiert,0,0,0,0,0,0,0,0,0
"Werkstoffe (Holz, Papier, Kunststoff, Glas)",BE,abt-total,298,34,264,258,29,229,40,5,35
"Werkstoffe (Holz, Papier, Kunststoff, Glas)",BE,EFZ,260,23,237,226,21,205,34,2,32
"Werkstoffe (Holz, Papier, Kunststoff, Glas)",BE,EBA,38,11,27,32,8,24,6,3,3
"Werkstoffe (Holz, Papier, Kunststoff, Glas)",BE,nReglementiert,0,0,0,0,0,0,0,0,0
"Werkstoffe (Holz, Papier, Kunststoff, Glas)",LU,abt-total,132,0,132,119,0,119,13,0,13
"Werkstoffe (Holz, Papier, Kunststoff, Glas)",LU,EFZ,104,0,104,94,0,94,10,0,10
"Werkstoffe (Holz, Papier, Kunststoff, Glas)",LU,EBA,28,0,28,25,0,25,3,0,3
"Werkstoffe (Holz, Papier, Kunststoff, Glas)",LU,nReglementiert,0,0,0,0,0,0,0,0,0
"Werkstoffe (Holz, Papier, Kunststoff, Glas)",UR,abt-total,14,0,14,11,0,11,3,0,3
"Werkstoffe (Holz, Papier, Kunststoff, Glas)",UR,EFZ,14,0,14,11,0,11,3,0,3
"Werkstoffe (Holz, Papier, Kunststoff, Glas)",UR,EBA,0,0,0,0,0,0,0,0,0
"Werkstoffe (Holz, Papier, Kunststoff, Glas)",UR,nReglementiert,0,0,0,0,0,0,0,0,0
"Werkstoffe (Holz, Papier, Kunststoff, Glas)",SZ,abt-total,53,0,53,52,0,52,1,0,1
"Werkstoffe (Holz, Papier, Kunststoff, Glas)",SZ,EFZ,46,0,46,45,0,45,1,0,1
"Werkstoffe (Holz, Papier, Kunststoff, Glas)",SZ,EBA,7,0,7,7,0,7,0,0,0
"Werkstoffe (Holz, Papier, Kunststoff, Glas)",SZ,nReglementiert,0,0,0,0,0,0,0,0,0
"Werkstoffe (Holz, Papier, Kunststoff, Glas)",OW,abt-total,22,0,22,14,0,14,8,0,8
"Werkstoffe (Holz, Papier, Kunststoff, Glas)",OW,EFZ,17,0,17,10,0,10,7,0,7
"Werkstoffe (Holz, Papier, Kunststoff, Glas)",OW,EBA,5,0,5,4,0,4,1,0,1
"Werkstoffe (Holz, Papier, Kunststoff, Glas)",OW,nReglementiert,0,0,0,0,0,0,0,0,0
"Werkstoffe (Holz, Papier, Kunststoff, Glas)",NW,abt-total,12,0,12,11,0,11,1,0,1
"Werkstoffe (Holz, Papier, Kunststoff, Glas)",NW,EFZ,11,0,11,10,0,10,1,0,1
"Werkstoffe (Holz, Papier, Kunststoff, Glas)",NW,EBA,1,0,1,1,0,1,0,0,0
"Werkstoffe (Holz, Papier, Kunststoff, Glas)",NW,nReglementiert,0,0,0,0,0,0,0,0,0
"Werkstoffe (Holz, Papier, Kunststoff, Glas)",GL,abt-total,7,0,7,6,0,6,1,0,1
"Werkstoffe (Holz, Papier, Kunststoff, Glas)",GL,EFZ,7,0,7,6,0,6,1,0,1
"Werkstoffe (Holz, Papier, Kunststoff, Glas)",GL,EBA,0,0,0,0,0,0,0,0,0
"Werkstoffe (Holz, Papier, Kunststoff, Glas)",GL,nReglementiert,0,0,0,0,0,0,0,0,0
"Werkstoffe (Holz, Papier, Kunststoff, Glas)",ZG,abt-total,28,0,28,26,0,26,2,0,2
"Werkstoffe (Holz, Papier, Kunststoff, Glas)",ZG,EFZ,25,0,25,23,0,23,2,0,2
"Werkstoffe (Holz, Papier, Kunststoff, Glas)",ZG,EBA,3,0,3,3,0,3,0,0,0
"Werkstoffe (Holz, Papier, Kunststoff, Glas)",ZG,nReglementiert,0,0,0,0,0,0,0,0,0
"Werkstoffe (Holz, Papier, Kunststoff, Glas)",FR,abt-total,87,0,87,79,0,79,8,0,8
"Werkstoffe (Holz, Papier, Kunststoff, Glas)",FR,EFZ,76,0,76,68,0,68,8,0,8
"Werkstoffe (Holz, Papier, Kunststoff, Glas)",FR,EBA,11,0,11,11,0,11,0,0,0
"Werkstoffe (Holz, Papier, Kunststoff, Glas)",FR,nReglementiert,0,0,0,0,0,0,0,0,0
"Werkstoffe (Holz, Papier, Kunststoff, Glas)",SO,abt-total,54,0,54,45,0,45,9,0,9
"Werkstoffe (Holz, Papier, Kunststoff, Glas)",SO,EFZ,40,0,40,32,0,32,8,0,8
"Werkstoffe (Holz, Papier, Kunststoff, Glas)",SO,EBA,14,0,14,13,0,13,1,0,1
"Werkstoffe (Holz, Papier, Kunststoff, Glas)",SO,nReglementiert,0,0,0,0,0,0,0,0,0
"Werkstoffe (Holz, Papier, Kunststoff, Glas)",BS,abt-total,25,5,20,21,4,17,4,1,3
"Werkstoffe (Holz, Papier, Kunststoff, Glas)",BS,EFZ,20,5,15,17,4,13,3,1,2
"Werkstoffe (Holz, Papier, Kunststoff, Glas)",BS,EBA,5,0,5,4,0,4,1,0,1
"Werkstoffe (Holz, Papier, Kunststoff, Glas)",BS,nReglementiert,0,0,0,0,0,0,0,0,0
"Werkstoffe (Holz, Papier, Kunststoff, Glas)",BL,abt-total,40,0,40,33,0,33,7,0,7
"Werkstoffe (Holz, Papier, Kunststoff, Glas)",BL,EFZ,35,0,35,28,0,28,7,0,7
"Werkstoffe (Holz, Papier, Kunststoff, Glas)",BL,EBA,5,0,5,5,0,5,0,0,0
"Werkstoffe (Holz, Papier, Kunststoff, Glas)",Bl,nReglementiert,0,0,0,0,0,0,0,0,0
"Werkstoffe (Holz, Papier, Kunststoff, Glas)",SH,abt-total,26,0,26,23,0,23,3,0,3
"Werkstoffe (Holz, Papier, Kunststoff, Glas)",SH,EFZ,19,0,19,17,0,17,2,0,2
"Werkstoffe (Holz, Papier, Kunststoff, Glas)",SH,EBA,7,0,7,6,0,6,1,0,1
"Werkstoffe (Holz, Papier, Kunststoff, Glas)",SH,nReglementiert,0,0,0,0,0,0,0,0,0
"Werkstoffe (Holz, Papier, Kunststoff, Glas)",AR,abt-total,27,0,27,25,0,25,2,0,2
"Werkstoffe (Holz, Papier, Kunststoff, Glas)",AR,EFZ,23,0,23,21,0,21,2,0,2
"Werkstoffe (Holz, Papier, Kunststoff, Glas)",AR,EBA,4,0,4,4,0,4,0,0,0
"Werkstoffe (Holz, Papier, Kunststoff, Glas)",AR,nReglementiert,0,0,0,0,0,0,0,0,0
"Werkstoffe (Holz, Papier, Kunststoff, Glas)",AI,abt-total,6,0,6,5,0,5,1,0,1
"Werkstoffe (Holz, Papier, Kunststoff, Glas)",AI,EFZ,6,0,6,5,0,5,1,0,1
"Werkstoffe (Holz, Papier, Kunststoff, Glas)",AI,EBA,0,0,0,0,0,0,0,0,0
"Werkstoffe (Holz, Papier, Kunststoff, Glas)",AI,nReglementiert,0,0,0,0,0,0,0,0,0
"Werkstoffe (Holz, Papier, Kunststoff, Glas)",SG,abt-total,175,0,175,160,0,160,15,0,15
"Werkstoffe (Holz, Papier, Kunststoff, Glas)",SG,EFZ,141,0,141,131,0,131,10,0,10
"Werkstoffe (Holz, Papier, Kunststoff, Glas)",SG,EBA,34,0,34,29,0,29,5,0,5
"Werkstoffe (Holz, Papier, Kunststoff, Glas)",SG,nReglementiert,0,0,0,0,0,0,0,0,0
"Werkstoffe (Holz, Papier, Kunststoff, Glas)",GR,abt-total,73,0,73,65,0,65,8,0,8
"Werkstoffe (Holz, Papier, Kunststoff, Glas)",GR,EFZ,64,0,64,56,0,56,8,0,8
"Werkstoffe (Holz, Papier, Kunststoff, Glas)",GR,EBA,9,0,9,9,0,9,0,0,0
"Werkstoffe (Holz, Papier, Kunststoff, Glas)",GR,nReglementiert,0,0,0,0,0,0,0,0,0
"Werkstoffe (Holz, Papier, Kunststoff, Glas)",AG,abt-total,133,0,133,115,0,115,18,0,18
"Werkstoffe (Holz, Papier, Kunststoff, Glas)",AG,EFZ,116,0,116,101,0,101,15,0,15
"Werkstoffe (Holz, Papier, Kunststoff, Glas)",AG,EBA,17,0,17,14,0,14,3,0,3
"Werkstoffe (Holz, Papier, Kunststoff, Glas)",AG,nReglementiert,0,0,0,0,0,0,0,0,0
"Werkstoffe (Holz, Papier, Kunststoff, Glas)",TG,abt-total,95,0,95,79,0,79,16,0,16
"Werkstoffe (Holz, Papier, Kunststoff, Glas)",TG,EFZ,77,0,77,63,0,63,14,0,14
"Werkstoffe (Holz, Papier, Kunststoff, Glas)",TG,EBA,18,0,18,16,0,16,2,0,2
"Werkstoffe (Holz, Papier, Kunststoff, Glas)",TG,nReglementiert,0,0,0,0,0,0,0,0,0
"Werkstoffe (Holz, Papier, Kunststoff, Glas)",TI,abt-total,47,0,47,46,0,46,1,0,1
"Werkstoffe (Holz, Papier, Kunststoff, Glas)",TI,EFZ,44,0,44,43,0,43,1,0,1
"Werkstoffe (Holz, Papier, Kunststoff, Glas)",TI,EBA,3,0,3,3,0,3,0,0,0
"Werkstoffe (Holz, Papier, Kunststoff, Glas)",TI,nReglementiert,0,0,0,0,0,0,0,0,0
"Werkstoffe (Holz, Papier, Kunststoff, Glas)",VD,abt-total,167,32,135,148,20,128,19,12,7
"Werkstoffe (Holz, Papier, Kunststoff, Glas)",VD,EFZ,156,32,124,137,20,117,19,12,7
"Werkstoffe (Holz, Papier, Kunststoff, Glas)",VD,EBA,11,0,11,11,0,11,0,0,0
"Werkstoffe (Holz, Papier, Kunststoff, Glas)",VD,nReglementiert,0,0,0,0,0,0,0,0,0
"Werkstoffe (Holz, Papier, Kunststoff, Glas)",VS,abt-total,126,0,126,122,0,122,4,0,4
"Werkstoffe (Holz, Papier, Kunststoff, Glas)",VS,EFZ,118,0,118,114,0,114,4,0,4
"Werkstoffe (Holz, Papier, Kunststoff, Glas)",VS,EBA,8,0,8,8,0,8,0,0,0
"Werkstoffe (Holz, Papier, Kunststoff, Glas)",VS,nReglementiert,0,0,0,0,0,0,0,0,0
"Werkstoffe (Holz, Papier, Kunststoff, Glas)",NE,abt-total,51,0,51,51,0,51,0,0,0
"Werkstoffe (Holz, Papier, Kunststoff, Glas)",NE,EFZ,50,0,50,50,0,50,0,0,0
"Werkstoffe (Holz, Papier, Kunststoff, Glas)",NE,EBA,1,0,1,1,0,1,0,0,0
"Werkstoffe (Holz, Papier, Kunststoff, Glas)",NE,nReglementiert,0,0,0,0,0,0,0,0,0
"Werkstoffe (Holz, Papier, Kunststoff, Glas)",GE,abt-total,71,45,26,61,36,25,10,9,1
"Werkstoffe (Holz, Papier, Kunststoff, Glas)",GE,EFZ,66,45,21,56,36,20,10,9,1
"Werkstoffe (Holz, Papier, Kunststoff, Glas)",GE,EBA,5,0,5,5,0,5,0,0,0
"Werkstoffe (Holz, Papier, Kunststoff, Glas)",GE,nReglementiert,0,0,0,0,0,0,0,0,0
"Werkstoffe (Holz, Papier, Kunststoff, Glas)",JU,abt-total,25,0,25,25,0,25,0,0,0
"Werkstoffe (Holz, Papier, Kunststoff, Glas)",JU,EFZ,24,0,24,24,0,24,0,0,0
"Werkstoffe (Holz, Papier, Kunststoff, Glas)",JU,EBA,1,0,1,1,0,1,0,0,0
"Werkstoffe (Holz, Papier, Kunststoff, Glas)",JU,nReglementiert,0,0,0,0,0,0,0,0,0
Architektur und Städteplanung,,abt-total,1856,113,1743,1290,67,1223,566,46,520
Architektur und Städteplanung,,EFZ,1856,113,1743,1290,67,1223,566,46,520
Architektur und Städteplanung,,EBA,0,0,0,0,0,0,0,0,0
Architektur und Städteplanung,,nReglementiert,0,0,0,0,0,0,0,0,0
Architektur und Städteplanung,ZH,abt-total,262,1,261,175,0,175,87,1,86
Architektur und Städteplanung,ZH,EFZ,262,1,261,175,0,175,87,1,86
Architektur und Städteplanung,ZH,EBA,0,0,0,0,0,0,0,0,0
Architektur und Städteplanung,ZH,nReglementiert,0,0,0,0,0,0,0,0,0
Architektur und Städteplanung,BE,abt-total,235,1,234,163,1,162,72,0,72
Architektur und Städteplanung,BE,EFZ,235,1,234,163,1,162,72,0,72
Architektur und Städteplanung,BE,EBA,0,0,0,0,0,0,0,0,0
Architektur und Städteplanung,BE,nReglementiert,0,0,0,0,0,0,0,0,0
Architektur und Städteplanung,LU,abt-total,86,0,86,58,0,58,28,0,28
Architektur und Städteplanung,LU,EFZ,86,0,86,58,0,58,28,0,28
Architektur und Städteplanung,LU,EBA,0,0,0,0,0,0,0,0,0
Architektur und Städteplanung,LU,nReglementiert,0,0,0,0,0,0,0,0,0
Architektur und Städteplanung,UR,abt-total,14,0,14,6,0,6,8,0,8
Architektur und Städteplanung,UR,EFZ,14,0,14,6,0,6,8,0,8
Architektur und Städteplanung,UR,EBA,0,0,0,0,0,0,0,0,0
Architektur und Städteplanung,UR,nReglementiert,0,0,0,0,0,0,0,0,0
Architektur und Städteplanung,SZ,abt-total,36,0,36,23,0,23,13,0,13
Architektur und Städteplanung,SZ,EFZ,36,0,36,23,0,23,13,0,13
Architektur und Städteplanung,SZ,EBA,0,0,0,0,0,0,0,0,0
Architektur und Städteplanung,SZ,nReglementiert,0,0,0,0,0,0,0,0,0
Architektur und Städteplanung,OW,abt-total,7,0,7,4,0,4,3,0,3
Architektur und Städteplanung,OW,EFZ,7,0,7,4,0,4,3,0,3
Architektur und Städteplanung,OW,EBA,0,0,0,0,0,0,0,0,0
Architektur und Städteplanung,OW,nReglementiert,0,0,0,0,0,0,0,0,0
Architektur und Städteplanung,NW,abt-total,11,0,11,9,0,9,2,0,2
Architektur und Städteplanung,NW,EFZ,11,0,11,9,0,9,2,0,2
Architektur und Städteplanung,NW,EBA,0,0,0,0,0,0,0,0,0
Architektur und Städteplanung,NW,nReglementiert,0,0,0,0,0,0,0,0,0
Architektur und Städteplanung,GL,abt-total,18,0,18,8,0,8,10,0,10
Architektur und Städteplanung,GL,EFZ,18,0,18,8,0,8,10,0,10
Architektur und Städteplanung,GL,EBA,0,0,0,0,0,0,0,0,0
Architektur und Städteplanung,GL,nReglementiert,0,0,0,0,0,0,0,0,0
Architektur und Städteplanung,ZG,abt-total,36,0,36,23,0,23,13,0,13
Architektur und Städteplanung,ZG,EFZ,36,0,36,23,0,23,13,0,13
Architektur und Städteplanung,ZG,EBA,0,0,0,0,0,0,0,0,0
Architektur und Städteplanung,ZG,nReglementiert,0,0,0,0,0,0,0,0,0
Architektur und Städteplanung,FR,abt-total,73,0,73,55,0,55,18,0,18
Architektur und Städteplanung,FR,EFZ,73,0,73,55,0,55,18,0,18
Architektur und Städteplanung,FR,EBA,0,0,0,0,0,0,0,0,0
Architektur und Städteplanung,FR,nReglementiert,0,0,0,0,0,0,0,0,0
Architektur und Städteplanung,SO,abt-total,48,0,48,30,0,30,18,0,18
Architektur und Städteplanung,SO,EFZ,48,0,48,30,0,30,18,0,18
Architektur und Städteplanung,SO,EBA,0,0,0,0,0,0,0,0,0
Architektur und Städteplanung,SO,nReglementiert,0,0,0,0,0,0,0,0,0
Architektur und Städteplanung,BS,abt-total,39,0,39,28,0,28,11,0,11
Architektur und Städteplanung,BS,EFZ,39,0,39,28,0,28,11,0,11
Architektur und Städteplanung,BS,EBA,0,0,0,0,0,0,0,0,0
Architektur und Städteplanung,BS,nReglementiert,0,0,0,0,0,0,0,0,0
Architektur und Städteplanung,BL,abt-total,31,0,31,23,0,23,8,0,8
Architektur und Städteplanung,BL,EFZ,31,0,31,23,0,23,8,0,8
Architektur und Städteplanung,BL,EBA,0,0,0,0,0,0,0,0,0
Architektur und Städteplanung,Bl,nReglementiert,0,0,0,0,0,0,0,0,0
Architektur und Städteplanung,SH,abt-total,16,0,16,8,0,8,8,0,8
Architektur und Städteplanung,SH,EFZ,16,0,16,8,0,8,8,0,8
Architektur und Städteplanung,SH,EBA,0,0,0,0,0,0,0,0,0
Architektur und Städteplanung,SH,nReglementiert,0,0,0,0,0,0,0,0,0
Architektur und Städteplanung,AR,abt-total,10,0,10,7,0,7,3,0,3
Architektur und Städteplanung,AR,EFZ,10,0,10,7,0,7,3,0,3
Architektur und Städteplanung,AR,EBA,0,0,0,0,0,0,0,0,0
Architektur und Städteplanung,AR,nReglementiert,0,0,0,0,0,0,0,0,0
Architektur und Städteplanung,AI,abt-total,1,0,1,1,0,1,0,0,0
Architektur und Städteplanung,AI,EFZ,1,0,1,1,0,1,0,0,0
Architektur und Städteplanung,AI,EBA,0,0,0,0,0,0,0,0,0
Architektur und Städteplanung,AI,nReglementiert,0,0,0,0,0,0,0,0,0
Architektur und Städteplanung,SG,abt-total,136,0,136,94,0,94,42,0,42
Architektur und Städteplanung,SG,EFZ,136,0,136,94,0,94,42,0,42
Architektur und Städteplanung,SG,EBA,0,0,0,0,0,0,0,0,0
Architektur und Städteplanung,SG,nReglementiert,0,0,0,0,0,0,0,0,0
Architektur und Städteplanung,GR,abt-total,59,0,59,43,0,43,16,0,16
Architektur und Städteplanung,GR,EFZ,59,0,59,43,0,43,16,0,16
Architektur und Städteplanung,GR,EBA,0,0,0,0,0,0,0,0,0
Architektur und Städteplanung,GR,nReglementiert,0,0,0,0,0,0,0,0,0
Architektur und Städteplanung,AG,abt-total,126,0,126,88,0,88,38,0,38
Architektur und Städteplanung,AG,EFZ,126,0,126,88,0,88,38,0,38
Architektur und Städteplanung,AG,EBA,0,0,0,0,0,0,0,0,0
Architektur und Städteplanung,AG,nReglementiert,0,0,0,0,0,0,0,0,0
Architektur und Städteplanung,TG,abt-total,58,0,58,42,0,42,16,0,16
Architektur und Städteplanung,TG,EFZ,58,0,58,42,0,42,16,0,16
Architektur und Städteplanung,TG,EBA,0,0,0,0,0,0,0,0,0
Architektur und Städteplanung,TG,nReglementiert,0,0,0,0,0,0,0,0,0
Architektur und Städteplanung,TI,abt-total,108,35,73,80,22,58,28,13,15
Architektur und Städteplanung,TI,EFZ,108,35,73,80,22,58,28,13,15
Architektur und Städteplanung,TI,EBA,0,0,0,0,0,0,0,0,0
Architektur und Städteplanung,TI,nReglementiert,0,0,0,0,0,0,0,0,0
Architektur und Städteplanung,VD,abt-total,176,0,176,129,0,129,47,0,47
Architektur und Städteplanung,VD,EFZ,176,0,176,129,0,129,47,0,47
Architektur und Städteplanung,VD,EBA,0,0,0,0,0,0,0,0,0
Architektur und Städteplanung,VD,nReglementiert,0,0,0,0,0,0,0,0,0
Architektur und Städteplanung,VS,abt-total,99,0,99,72,0,72,27,0,27
Architektur und Städteplanung,VS,EFZ,99,0,99,72,0,72,27,0,27
Architektur und Städteplanung,VS,EBA,0,0,0,0,0,0,0,0,0
Architektur und Städteplanung,VS,nReglementiert,0,0,0,0,0,0,0,0,0
Architektur und Städteplanung,NE,abt-total,32,0,32,20,0,20,12,0,12
Architektur und Städteplanung,NE,EFZ,32,0,32,20,0,20,12,0,12
Architektur und Städteplanung,NE,EBA,0,0,0,0,0,0,0,0,0
Architektur und Städteplanung,NE,nReglementiert,0,0,0,0,0,0,0,0,0
Architektur und Städteplanung,GE,abt-total,124,76,48,88,44,44,36,32,4
Architektur und Städteplanung,GE,EFZ,124,76,48,88,44,44,36,32,4
Architektur und Städteplanung,GE,EBA,0,0,0,0,0,0,0,0,0
Architektur und Städteplanung,GE,nReglementiert,0,0,0,0,0,0,0,0,0
Architektur und Städteplanung,JU,abt-total,15,0,15,13,0,13,2,0,2
Architektur und Städteplanung,JU,EFZ,15,0,15,13,0,13,2,0,2
Architektur und Städteplanung,JU,EBA,0,0,0,0,0,0,0,0,0
Architektur und Städteplanung,JU,nReglementiert,0,0,0,0,0,0,0,0,0
"Baugewerbe, Hoch- und Tiefbau",,abt-total,6633,19,6614,6145,17,6128,488,2,486
"Baugewerbe, Hoch- und Tiefbau",,EFZ,6557,19,6538,6070,17,6053,487,2,485
"Baugewerbe, Hoch- und Tiefbau",,EBA,76,0,76,75,0,75,1,0,1
"Baugewerbe, Hoch- und Tiefbau",,nReglementiert,0,0,0,0,0,0,0,0,0
"Baugewerbe, Hoch- und Tiefbau",ZH,abt-total,892,4,888,804,4,800,88,0,88
"Baugewerbe, Hoch- und Tiefbau",ZH,EFZ,873,4,869,785,4,781,88,0,88
"Baugewerbe, Hoch- und Tiefbau",ZH,EBA,19,0,19,19,0,19,0,0,0
"Baugewerbe, Hoch- und Tiefbau",ZH,nReglementiert,0,0,0,0,0,0,0,0,0
"Baugewerbe, Hoch- und Tiefbau",BE,abt-total,993,11,982,900,9,891,93,2,91
"Baugewerbe, Hoch- und Tiefbau",BE,EFZ,976,11,965,883,9,874,93,2,91
"Baugewerbe, Hoch- und Tiefbau",BE,EBA,17,0,17,17,0,17,0,0,0
"Baugewerbe, Hoch- und Tiefbau",BE,nReglementiert,0,0,0,0,0,0,0,0,0
"Baugewerbe, Hoch- und Tiefbau",LU,abt-total,409,0,409,375,0,375,34,0,34
"Baugewerbe, Hoch- und Tiefbau",LU,EFZ,403,0,403,369,0,369,34,0,34
"Baugewerbe, Hoch- und Tiefbau",LU,EBA,6,0,6,6,0,6,0,0,0
"Baugewerbe, Hoch- und Tiefbau",LU,nReglementiert,0,0,0,0,0,0,0,0,0
"Baugewerbe, Hoch- und Tiefbau",UR,abt-total,56,0,56,47,0,47,9,0,9
"Baugewerbe, Hoch- und Tiefbau",UR,EFZ,56,0,56,47,0,47,9,0,9
"Baugewerbe, Hoch- und Tiefbau",UR,EBA,0,0,0,0,0,0,0,0,0
"Baugewerbe, Hoch- und Tiefbau",UR,nReglementiert,0,0,0,0,0,0,0,0,0
"Baugewerbe, Hoch- und Tiefbau",SZ,abt-total,124,0,124,119,0,119,5,0,5
"Baugewerbe, Hoch- und Tiefbau",SZ,EFZ,122,0,122,117,0,117,5,0,5
"Baugewerbe, Hoch- und Tiefbau",SZ,EBA,2,0,2,2,0,2,0,0,0
"Baugewerbe, Hoch- und Tiefbau",SZ,nReglementiert,0,0,0,0,0,0,0,0,0
"Baugewerbe, Hoch- und Tiefbau",OW,abt-total,53,0,53,50,0,50,3,0,3
"Baugewerbe, Hoch- und Tiefbau",OW,EFZ,53,0,53,50,0,50,3,0,3
"Baugewerbe, Hoch- und Tiefbau",OW,EBA,0,0,0,0,0,0,0,0,0
"Baugewerbe, Hoch- und Tiefbau",OW,nReglementiert,0,0,0,0,0,0,0,0,0
"Baugewerbe, Hoch- und Tiefbau",NW,abt-total,48,0,48,45,0,45,3,0,3
"Baugewerbe, Hoch- und Tiefbau",NW,EFZ,48,0,48,45,0,45,3,0,3
"Baugewerbe, Hoch- und Tiefbau",NW,EBA,0,0,0,0,0,0,0,0,0
"Baugewerbe, Hoch- und Tiefbau",NW,nReglementiert,0,0,0,0,0,0,0,0,0
"Baugewerbe, Hoch- und Tiefbau",GL,abt-total,64,0,64,58,0,58,6,0,6
"Baugewerbe, Hoch- und Tiefbau",GL,EFZ,63,0,63,57,0,57,6,0,6
"Baugewerbe, Hoch- und Tiefbau",GL,EBA,1,0,1,1,0,1,0,0,0
"Baugewerbe, Hoch- und Tiefbau",GL,nReglementiert,0,0,0,0,0,0,0,0,0
"Baugewerbe, Hoch- und Tiefbau",ZG,abt-total,94,0,94,87,0,87,7,0,7
"Baugewerbe, Hoch- und Tiefbau",ZG,EFZ,88,0,88,81,0,81,7,0,7
"Baugewerbe, Hoch- und Tiefbau",ZG,EBA,6,0,6,6,0,6,0,0,0
"Baugewerbe, Hoch- und Tiefbau",ZG,nReglementiert,0,0,0,0,0,0,0,0,0
"Baugewerbe, Hoch- und Tiefbau",FR,abt-total,235,0,235,227,0,227,8,0,8
"Baugewerbe, Hoch- und Tiefbau",FR,EFZ,235,0,235,227,0,227,8,0,8
"Baugewerbe, Hoch- und Tiefbau",FR,EBA,0,0,0,0,0,0,0,0,0
"Baugewerbe, Hoch- und Tiefbau",FR,nReglementiert,0,0,0,0,0,0,0,0,0
"Baugewerbe, Hoch- und Tiefbau",SO,abt-total,192,0,192,179,0,179,13,0,13
"Baugewerbe, Hoch- und Tiefbau",SO,EFZ,190,0,190,177,0,177,13,0,13
"Baugewerbe, Hoch- und Tiefbau",SO,EBA,2,0,2,2,0,2,0,0,0
"Baugewerbe, Hoch- und Tiefbau",SO,nReglementiert,0,0,0,0,0,0,0,0,0
"Baugewerbe, Hoch- und Tiefbau",BS,abt-total,90,0,90,85,0,85,5,0,5
"Baugewerbe, Hoch- und Tiefbau",BS,EFZ,90,0,90,85,0,85,5,0,5
"Baugewerbe, Hoch- und Tiefbau",BS,EBA,0,0,0,0,0,0,0,0,0
"Baugewerbe, Hoch- und Tiefbau",BS,nReglementiert,0,0,0,0,0,0,0,0,0
"Baugewerbe, Hoch- und Tiefbau",BL,abt-total,208,0,208,192,0,192,16,0,16
"Baugewerbe, Hoch- und Tiefbau",BL,EFZ,205,0,205,189,0,189,16,0,16
"Baugewerbe, Hoch- und Tiefbau",BL,EBA,3,0,3,3,0,3,0,0,0
"Baugewerbe, Hoch- und Tiefbau",Bl,nReglementiert,0,0,0,0,0,0,0,0,0
"Baugewerbe, Hoch- und Tiefbau",SH,abt-total,83,0,83,72,0,72,11,0,11
"Baugewerbe, Hoch- und Tiefbau",SH,EFZ,83,0,83,72,0,72,11,0,11
"Baugewerbe, Hoch- und Tiefbau",SH,EBA,0,0,0,0,0,0,0,0,0
"Baugewerbe, Hoch- und Tiefbau",SH,nReglementiert,0,0,0,0,0,0,0,0,0
"Baugewerbe, Hoch- und Tiefbau",AR,abt-total,54,0,54,51,0,51,3,0,3
"Baugewerbe, Hoch- und Tiefbau",AR,EFZ,54,0,54,51,0,51,3,0,3
"Baugewerbe, Hoch- und Tiefbau",AR,EBA,0,0,0,0,0,0,0,0,0
"Baugewerbe, Hoch- und Tiefbau",AR,nReglementiert,0,0,0,0,0,0,0,0,0
"Baugewerbe, Hoch- und Tiefbau",AI,abt-total,27,0,27,27,0,27,0,0,0
"Baugewerbe, Hoch- und Tiefbau",AI,EFZ,27,0,27,27,0,27,0,0,0
"Baugewerbe, Hoch- und Tiefbau",AI,EBA,0,0,0,0,0,0,0,0,0
"Baugewerbe, Hoch- und Tiefbau",AI,nReglementiert,0,0,0,0,0,0,0,0,0
"Baugewerbe, Hoch- und Tiefbau",SG,abt-total,582,0,582,534,0,534,48,0,48
"Baugewerbe, Hoch- und Tiefbau",SG,EFZ,577,0,577,530,0,530,47,0,47
"Baugewerbe, Hoch- und Tiefbau",SG,EBA,5,0,5,4,0,4,1,0,1
"Baugewerbe, Hoch- und Tiefbau",SG,nReglementiert,0,0,0,0,0,0,0,0,0
"Baugewerbe, Hoch- und Tiefbau",GR,abt-total,210,0,210,200,0,200,10,0,10
"Baugewerbe, Hoch- und Tiefbau",GR,EFZ,208,0,208,198,0,198,10,0,10
"Baugewerbe, Hoch- und Tiefbau",GR,EBA,2,0,2,2,0,2,0,0,0
"Baugewerbe, Hoch- und Tiefbau",GR,nReglementiert,0,0,0,0,0,0,0,0,0
"Baugewerbe, Hoch- und Tiefbau",AG,abt-total,471,0,471,429,0,429,42,0,42
"Baugewerbe, Hoch- und Tiefbau",AG,EFZ,466,0,466,424,0,424,42,0,42
"Baugewerbe, Hoch- und Tiefbau",AG,EBA,5,0,5,5,0,5,0,0,0
"Baugewerbe, Hoch- und Tiefbau",AG,nReglementiert,0,0,0,0,0,0,0,0,0
"Baugewerbe, Hoch- und Tiefbau",TG,abt-total,257,0,257,230,0,230,27,0,27
"Baugewerbe, Hoch- und Tiefbau",TG,EFZ,254,0,254,227,0,227,27,0,27
"Baugewerbe, Hoch- und Tiefbau",TG,EBA,3,0,3,3,0,3,0,0,0
"Baugewerbe, Hoch- und Tiefbau",TG,nReglementiert,0,0,0,0,0,0,0,0,0
"Baugewerbe, Hoch- und Tiefbau",TI,abt-total,289,0,289,287,0,287,2,0,2
"Baugewerbe, Hoch- und Tiefbau",TI,EFZ,288,0,288,286,0,286,2,0,2
"Baugewerbe, Hoch- und Tiefbau",TI,EBA,1,0,1,1,0,1,0,0,0
"Baugewerbe, Hoch- und Tiefbau",TI,nReglementiert,0,0,0,0,0,0,0,0,0
"Baugewerbe, Hoch- und Tiefbau",VD,abt-total,509,0,509,483,0,483,26,0,26
"Baugewerbe, Hoch- und Tiefbau",VD,EFZ,507,0,507,481,0,481,26,0,26
"Baugewerbe, Hoch- und Tiefbau",VD,EBA,2,0,2,2,0,2,0,0,0
"Baugewerbe, Hoch- und Tiefbau",VD,nReglementiert,0,0,0,0,0,0,0,0,0
"Baugewerbe, Hoch- und Tiefbau",VS,abt-total,342,0,342,322,0,322,20,0,20
"Baugewerbe, Hoch- und Tiefbau",VS,EFZ,342,0,342,322,0,322,20,0,20
"Baugewerbe, Hoch- und Tiefbau",VS,EBA,0,0,0,0,0,0,0,0,0
"Baugewerbe, Hoch- und Tiefbau",VS,nReglementiert,0,0,0,0,0,0,0,0,0
"Baugewerbe, Hoch- und Tiefbau",NE,abt-total,103,0,103,100,0,100,3,0,3
"Baugewerbe, Hoch- und Tiefbau",NE,EFZ,101,0,101,98,0,98,3,0,3
"Baugewerbe, Hoch- und Tiefbau",NE,EBA,2,0,2,2,0,2,0,0,0
"Baugewerbe, Hoch- und Tiefbau",NE,nReglementiert,0,0,0,0,0,0,0,0,0
"Baugewerbe, Hoch- und Tiefbau",GE,abt-total,187,4,183,183,4,179,4,0,4
"Baugewerbe, Hoch- und Tiefbau",GE,EFZ,187,4,183,183,4,179,4,0,4
"Baugewerbe, Hoch- und Tiefbau",GE,EBA,0,0,0,0,0,0,0,0,0
"Baugewerbe, Hoch- und Tiefbau",GE,nReglementiert,0,0,0,0,0,0,0,0,0
"Baugewerbe, Hoch- und Tiefbau",JU,abt-total,61,0,61,59,0,59,2,0,2
"Baugewerbe, Hoch- und Tiefbau",JU,EFZ,61,0,61,59,0,59,2,0,2
"Baugewerbe, Hoch- und Tiefbau",JU,EBA,0,0,0,0,0,0,0,0,0
"Baugewerbe, Hoch- und Tiefbau",JU,nReglementiert,0,0,0,0,0,0,0,0,0
Pflanzenbau und Tierzucht,,abt-total,1665,7,1658,1231,5,1226,434,2,432
Pflanzenbau und Tierzucht,,EFZ,1502,7,1495,1128,5,1123,374,2,372
Pflanzenbau und Tierzucht,,EBA,163,0,163,103,0,103,60,0,60
Pflanzenbau und Tierzucht,,nReglementiert,0,0,0,0,0,0,0,0,0
Pflanzenbau und Tierzucht,ZH,abt-total,129,0,129,73,0,73,56,0,56
Pflanzenbau und Tierzucht,ZH,EFZ,112,0,112,63,0,63,49,0,49
Pflanzenbau und Tierzucht,ZH,EBA,17,0,17,10,0,10,7,0,7
Pflanzenbau und Tierzucht,ZH,nReglementiert,0,0,0,0,0,0,0,0,0
Pflanzenbau und Tierzucht,BE,abt-total,348,0,348,257,0,257,91,0,91
Pflanzenbau und Tierzucht,BE,EFZ,302,0,302,225,0,225,77,0,77
Pflanzenbau und Tierzucht,BE,EBA,46,0,46,32,0,32,14,0,14
Pflanzenbau und Tierzucht,BE,nReglementiert,0,0,0,0,0,0,0,0,0
Pflanzenbau und Tierzucht,LU,abt-total,137,0,137,112,0,112,25,0,25
Pflanzenbau und Tierzucht,LU,EFZ,129,0,129,107,0,107,22,0,22
Pflanzenbau und Tierzucht,LU,EBA,8,0,8,5,0,5,3,0,3
Pflanzenbau und Tierzucht,LU,nReglementiert,0,0,0,0,0,0,0,0,0
Pflanzenbau und Tierzucht,UR,abt-total,29,0,29,28,0,28,1,0,1
Pflanzenbau und Tierzucht,UR,EFZ,28,0,28,28,0,28,0,0,0
Pflanzenbau und Tierzucht,UR,EBA,1,0,1,0,0,0,1,0,1
Pflanzenbau und Tierzucht,UR,nReglementiert,0,0,0,0,0,0,0,0,0
Pflanzenbau und Tierzucht,SZ,abt-total,38,0,38,32,0,32,6,0,6
Pflanzenbau und Tierzucht,SZ,EFZ,35,0,35,29,0,29,6,0,6
Pflanzenbau und Tierzucht,SZ,EBA,3,0,3,3,0,3,0,0,0
Pflanzenbau und Tierzucht,SZ,nReglementiert,0,0,0,0,0,0,0,0,0
Pflanzenbau und Tierzucht,OW,abt-total,8,0,8,8,0,8,0,0,0
Pflanzenbau und Tierzucht,OW,EFZ,7,0,7,7,0,7,0,0,0
Pflanzenbau und Tierzucht,OW,EBA,1,0,1,1,0,1,0,0,0
Pflanzenbau und Tierzucht,OW,nReglementiert,0,0,0,0,0,0,0,0,0
Pflanzenbau und Tierzucht,NW,abt-total,8,0,8,6,0,6,2,0,2
Pflanzenbau und Tierzucht,NW,EFZ,7,0,7,5,0,5,2,0,2
Pflanzenbau und Tierzucht,NW,EBA,1,0,1,1,0,1,0,0,0
Pflanzenbau und Tierzucht,NW,nReglementiert,0,0,0,0,0,0,0,0,0
Pflanzenbau und Tierzucht,GL,abt-total,4,0,4,3,0,3,1,0,1
Pflanzenbau und Tierzucht,GL,EFZ,3,0,3,3,0,3,0,0,0
Pflanzenbau und Tierzucht,GL,EBA,1,0,1,0,0,0,1,0,1
Pflanzenbau und Tierzucht,GL,nReglementiert,0,0,0,0,0,0,0,0,0
Pflanzenbau und Tierzucht,ZG,abt-total,37,0,37,29,0,29,8,0,8
Pflanzenbau und Tierzucht,ZG,EFZ,37,0,37,29,0,29,8,0,8
Pflanzenbau und Tierzucht,ZG,EBA,0,0,0,0,0,0,0,0,0
Pflanzenbau und Tierzucht,ZG,nReglementiert,0,0,0,0,0,0,0,0,0
Pflanzenbau und Tierzucht,FR,abt-total,113,1,112,94,1,93,19,0,19
Pflanzenbau und Tierzucht,FR,EFZ,103,1,102,85,1,84,18,0,18
Pflanzenbau und Tierzucht,FR,EBA,10,0,10,9,0,9,1,0,1
Pflanzenbau und Tierzucht,FR,nReglementiert,0,0,0,0,0,0,0,0,0
Pflanzenbau und Tierzucht,SO,abt-total,49,0,49,35,0,35,14,0,14
Pflanzenbau und Tierzucht,SO,EFZ,40,0,40,30,0,30,10,0,10
Pflanzenbau und Tierzucht,SO,EBA,9,0,9,5,0,5,4,0,4
Pflanzenbau und Tierzucht,SO,nReglementiert,0,0,0,0,0,0,0,0,0
Pflanzenbau und Tierzucht,BS,abt-total,10,0,10,5,0,5,5,0,5
Pflanzenbau und Tierzucht,BS,EFZ,10,0,10,5,0,5,5,0,5
Pflanzenbau und Tierzucht,BS,EBA,0,0,0,0,0,0,0,0,0
Pflanzenbau und Tierzucht,BS,nReglementiert,0,0,0,0,0,0,0,0,0
Pflanzenbau und Tierzucht,BL,abt-total,47,0,47,36,0,36,11,0,11
Pflanzenbau und Tierzucht,BL,EFZ,41,0,41,31,0,31,10,0,10
Pflanzenbau und Tierzucht,BL,EBA,6,0,6,5,0,5,1,0,1
Pflanzenbau und Tierzucht,Bl,nReglementiert,0,0,0,0,0,0,0,0,0
Pflanzenbau und Tierzucht,SH,abt-total,13,0,13,11,0,11,2,0,2
Pflanzenbau und Tierzucht,SH,EFZ,12,0,12,10,0,10,2,0,2
Pflanzenbau und Tierzucht,SH,EBA,1,0,1,1,0,1,0,0,0
Pflanzenbau und Tierzucht,SH,nReglementiert,0,0,0,0,0,0,0,0,0
Pflanzenbau und Tierzucht,AR,abt-total,14,0,14,12,0,12,2,0,2
Pflanzenbau und Tierzucht,AR,EFZ,13,0,13,12,0,12,1,0,1
Pflanzenbau und Tierzucht,AR,EBA,1,0,1,0,0,0,1,0,1
Pflanzenbau und Tierzucht,AR,nReglementiert,0,0,0,0,0,0,0,0,0
Pflanzenbau und Tierzucht,AI,abt-total,4,0,4,3,0,3,1,0,1
Pflanzenbau und Tierzucht,AI,EFZ,4,0,4,3,0,3,1,0,1
Pflanzenbau und Tierzucht,AI,EBA,0,0,0,0,0,0,0,0,0
Pflanzenbau und Tierzucht,AI,nReglementiert,0,0,0,0,0,0,0,0,0
Pflanzenbau und Tierzucht,SG,abt-total,113,0,113,84,0,84,29,0,29
Pflanzenbau und Tierzucht,SG,EFZ,100,0,100,76,0,76,24,0,24
Pflanzenbau und Tierzucht,SG,EBA,13,0,13,8,0,8,5,0,5
Pflanzenbau und Tierzucht,SG,nReglementiert,0,0,0,0,0,0,0,0,0
Pflanzenbau und Tierzucht,GR,abt-total,68,0,68,54,0,54,14,0,14
Pflanzenbau und Tierzucht,GR,EFZ,64,0,64,52,0,52,12,0,12
Pflanzenbau und Tierzucht,GR,EBA,4,0,4,2,0,2,2,0,2
Pflanzenbau und Tierzucht,GR,nReglementiert,0,0,0,0,0,0,0,0,0
Pflanzenbau und Tierzucht,AG,abt-total,99,0,99,69,0,69,30,0,30
Pflanzenbau und Tierzucht,AG,EFZ,89,0,89,64,0,64,25,0,25
Pflanzenbau und Tierzucht,AG,EBA,10,0,10,5,0,5,5,0,5
Pflanzenbau und Tierzucht,AG,nReglementiert,0,0,0,0,0,0,0,0,0
Pflanzenbau und Tierzucht,TG,abt-total,100,0,100,76,0,76,24,0,24
Pflanzenbau und Tierzucht,TG,EFZ,91,0,91,70,0,70,21,0,21
Pflanzenbau und Tierzucht,TG,EBA,9,0,9,6,0,6,3,0,3
Pflanzenbau und Tierzucht,TG,nReglementiert,0,0,0,0,0,0,0,0,0
Pflanzenbau und Tierzucht,TI,abt-total,37,4,33,32,3,29,5,1,4
Pflanzenbau und Tierzucht,TI,EFZ,30,4,26,27,3,24,3,1,2
Pflanzenbau und Tierzucht,TI,EBA,7,0,7,5,0,5,2,0,2
Pflanzenbau und Tierzucht,TI,nReglementiert,0,0,0,0,0,0,0,0,0
Pflanzenbau und Tierzucht,VD,abt-total,153,2,151,102,1,101,51,1,50
Pflanzenbau und Tierzucht,VD,EFZ,143,2,141,99,1,98,44,1,43
Pflanzenbau und Tierzucht,VD,EBA,10,0,10,3,0,3,7,0,7
Pflanzenbau und Tierzucht,VD,nReglementiert,0,0,0,0,0,0,0,0,0
Pflanzenbau und Tierzucht,VS,abt-total,35,0,35,24,0,24,11,0,11
Pflanzenbau und Tierzucht,VS,EFZ,35,0,35,24,0,24,11,0,11
Pflanzenbau und Tierzucht,VS,EBA,0,0,0,0,0,0,0,0,0
Pflanzenbau und Tierzucht,VS,nReglementiert,0,0,0,0,0,0,0,0,0
Pflanzenbau und Tierzucht,NE,abt-total,19,0,19,9,0,9,10,0,10
Pflanzenbau und Tierzucht,NE,EFZ,19,0,19,9,0,9,10,0,10
Pflanzenbau und Tierzucht,NE,EBA,0,0,0,0,0,0,0,0,0
Pflanzenbau und Tierzucht,NE,nReglementiert,0,0,0,0,0,0,0,0,0
Pflanzenbau und Tierzucht,GE,abt-total,27,0,27,17,0,17,10,0,10
Pflanzenbau und Tierzucht,GE,EFZ,25,0,25,17,0,17,8,0,8
Pflanzenbau und Tierzucht,GE,EBA,2,0,2,0,0,0,2,0,2
Pflanzenbau und Tierzucht,GE,nReglementiert,0,0,0,0,0,0,0,0,0
Pflanzenbau und Tierzucht,JU,abt-total,26,0,26,20,0,20,6,0,6
Pflanzenbau und Tierzucht,JU,EFZ,23,0,23,18,0,18,5,0,5
Pflanzenbau und Tierzucht,JU,EBA,3,0,3,2,0,2,1,0,1
Pflanzenbau und Tierzucht,JU,nReglementiert,0,0,0,0,0,0,0,0,0
Gartenbau,,abt-total,1364,39,1325,1068,26,1042,296,13,283
Gartenbau,,EFZ,1281,39,1242,1003,26,977,278,13,265
Gartenbau,,EBA,0,0,0,0,0,0,0,0,0
Gartenbau,,nReglementiert,83,0,83,65,0,65,18,0,18
Gartenbau,ZH,abt-total,201,1,200,165,1,164,36,0,36
Gartenbau,ZH,EFZ,201,1,200,165,1,164,36,0,36
Gartenbau,ZH,EBA,0,0,0,0,0,0,0,0,0
Gartenbau,ZH,nReglementiert,0,0,0,0,0,0,0,0,0
Gartenbau,BE,abt-total,233,32,201,171,23,148,62,9,53
Gartenbau,BE,EFZ,233,32,201,171,23,148,62,9,53
Gartenbau,BE,EBA,0,0,0,0,0,0,0,0,0
Gartenbau,BE,nReglementiert,0,0,0,0,0,0,0,0,0
Gartenbau,LU,abt-total,68,0,68,56,0,56,12,0,12
Gartenbau,LU,EFZ,68,0,68,56,0,56,12,0,12
Gartenbau,LU,EBA,0,0,0,0,0,0,0,0,0
Gartenbau,LU,nReglementiert,0,0,0,0,0,0,0,0,0
Gartenbau,UR,abt-total,6,0,6,2,0,2,4,0,4
Gartenbau,UR,EFZ,6,0,6,2,0,2,4,0,4
Gartenbau,UR,EBA,0,0,0,0,0,0,0,0,0
Gartenbau,UR,nReglementiert,0,0,0,0,0,0,0,0,0
Gartenbau,SZ,abt-total,19,0,19,18,0,18,1,0,1
Gartenbau,SZ,EFZ,19,0,19,18,0,18,1,0,1
Gartenbau,SZ,EBA,0,0,0,0,0,0,0,0,0
Gartenbau,SZ,nReglementiert,0,0,0,0,0,0,0,0,0
Gartenbau,OW,abt-total,8,0,8,5,0,5,3,0,3
Gartenbau,OW,EFZ,8,0,8,5,0,5,3,0,3
Gartenbau,OW,EBA,0,0,0,0,0,0,0,0,0
Gartenbau,OW,nReglementiert,0,0,0,0,0,0,0,0,0
Gartenbau,NW,abt-total,5,0,5,4,0,4,1,0,1
Gartenbau,NW,EFZ,5,0,5,4,0,4,1,0,1
Gartenbau,NW,EBA,0,0,0,0,0,0,0,0,0
Gartenbau,NW,nReglementiert,0,0,0,0,0,0,0,0,0
Gartenbau,GL,abt-total,5,0,5,5,0,5,0,0,0
Gartenbau,GL,EFZ,5,0,5,5,0,5,0,0,0
Gartenbau,GL,EBA,0,0,0,0,0,0,0,0,0
Gartenbau,GL,nReglementiert,0,0,0,0,0,0,0,0,0
Gartenbau,ZG,abt-total,19,0,19,16,0,16,3,0,3
Gartenbau,ZG,EFZ,19,0,19,16,0,16,3,0,3
Gartenbau,ZG,EBA,0,0,0,0,0,0,0,0,0
Gartenbau,ZG,nReglementiert,0,0,0,0,0,0,0,0,0
Gartenbau,FR,abt-total,54,0,54,46,0,46,8,0,8
Gartenbau,FR,EFZ,54,0,54,46,0,46,8,0,8
Gartenbau,FR,EBA,0,0,0,0,0,0,0,0,0
Gartenbau,FR,nReglementiert,0,0,0,0,0,0,0,0,0
Gartenbau,SO,abt-total,28,0,28,24,0,24,4,0,4
Gartenbau,SO,EFZ,28,0,28,24,0,24,4,0,4
Gartenbau,SO,EBA,0,0,0,0,0,0,0,0,0
Gartenbau,SO,nReglementiert,0,0,0,0,0,0,0,0,0
Gartenbau,BS,abt-total,14,6,8,8,2,6,6,4,2
Gartenbau,BS,EFZ,14,6,8,8,2,6,6,4,2
Gartenbau,BS,EBA,0,0,0,0,0,0,0,0,0
Gartenbau,BS,nReglementiert,0,0,0,0,0,0,0,0,0
Gartenbau,BL,abt-total,49,0,49,36,0,36,13,0,13
Gartenbau,BL,EFZ,49,0,49,36,0,36,13,0,13
Gartenbau,BL,EBA,0,0,0,0,0,0,0,0,0
Gartenbau,Bl,nReglementiert,0,0,0,0,0,0,0,0,0
Gartenbau,SH,abt-total,19,0,19,13,0,13,6,0,6
Gartenbau,SH,EFZ,19,0,19,13,0,13,6,0,6
Gartenbau,SH,EBA,0,0,0,0,0,0,0,0,0
Gartenbau,SH,nReglementiert,0,0,0,0,0,0,0,0,0
Gartenbau,AR,abt-total,8,0,8,7,0,7,1,0,1
Gartenbau,AR,EFZ,8,0,8,7,0,7,1,0,1
Gartenbau,AR,EBA,0,0,0,0,0,0,0,0,0
Gartenbau,AR,nReglementiert,0,0,0,0,0,0,0,0,0
Gartenbau,AI,abt-total,1,0,1,0,0,0,1,0,1
Gartenbau,AI,EFZ,1,0,1,0,0,0,1,0,1
Gartenbau,AI,EBA,0,0,0,0,0,0,0,0,0
Gartenbau,AI,nReglementiert,0,0,0,0,0,0,0,0,0
Gartenbau,SG,abt-total,71,0,71,57,0,57,14,0,14
Gartenbau,SG,EFZ,71,0,71,57,0,57,14,0,14
Gartenbau,SG,EBA,0,0,0,0,0,0,0,0,0
Gartenbau,SG,nReglementiert,0,0,0,0,0,0,0,0,0
Gartenbau,GR,abt-total,15,0,15,12,0,12,3,0,3
Gartenbau,GR,EFZ,15,0,15,12,0,12,3,0,3
Gartenbau,GR,EBA,0,0,0,0,0,0,0,0,0
Gartenbau,GR,nReglementiert,0,0,0,0,0,0,0,0,0
Gartenbau,AG,abt-total,125,0,125,93,0,93,32,0,32
Gartenbau,AG,EFZ,125,0,125,93,0,93,32,0,32
Gartenbau,AG,EBA,0,0,0,0,0,0,0,0,0
Gartenbau,AG,nReglementiert,0,0,0,0,0,0,0,0,0
Gartenbau,TG,abt-total,61,0,61,47,0,47,14,0,14
Gartenbau,TG,EFZ,61,0,61,47,0,47,14,0,14
Gartenbau,TG,EBA,0,0,0,0,0,0,0,0,0
Gartenbau,TG,nReglementiert,0,0,0,0,0,0,0,0,0
Gartenbau,TI,abt-total,63,0,63,58,0,58,5,0,5
Gartenbau,TI,EFZ,63,0,63,58,0,58,5,0,5
Gartenbau,TI,EBA,0,0,0,0,0,0,0,0,0
Gartenbau,TI,nReglementiert,0,0,0,0,0,0,0,0,0
Gartenbau,VD,abt-total,103,0,103,72,0,72,31,0,31
Gartenbau,VD,EFZ,103,0,103,72,0,72,31,0,31
Gartenbau,VD,EBA,0,0,0,0,0,0,0,0,0
Gartenbau,VD,nReglementiert,0,0,0,0,0,0,0,0,0
Gartenbau,VS,abt-total,36,0,36,30,0,30,6,0,6
Gartenbau,VS,EFZ,36,0,36,30,0,30,6,0,6
Gartenbau,VS,EBA,0,0,0,0,0,0,0,0,0
Gartenbau,VS,nReglementiert,0,0,0,0,0,0,0,0,0
Gartenbau,NE,abt-total,23,0,23,17,0,17,6,0,6
Gartenbau,NE,EFZ,22,0,22,17,0,17,5,0,5
Gartenbau,NE,EBA,0,0,0,0,0,0,0,0,0
Gartenbau,NE,nReglementiert,1,0,1,0,0,0,1,0,1
Gartenbau,GE,abt-total,119,0,119,97,0,97,22,0,22
Gartenbau,GE,EFZ,37,0,37,32,0,32,5,0,5
Gartenbau,GE,EBA,0,0,0,0,0,0,0,0,0
Gartenbau,GE,nReglementiert,82,0,82,65,0,65,17,0,17
Gartenbau,JU,abt-total,11,0,11,9,0,9,2,0,2
Gartenbau,JU,EFZ,11,0,11,9,0,9,2,0,2
Gartenbau,JU,EBA,0,0,0,0,0,0,0,0,0
Gartenbau,JU,nReglementiert,0,0,0,0,0,0,0,0,0
Forstwirtschaft,,abt-total,327,0,327,322,0,322,5,0,5
Forstwirtschaft,,EFZ,327,0,327,322,0,322,5,0,5
Forstwirtschaft,,EBA,0,0,0,0,0,0,0,0,0
Forstwirtschaft,,nReglementiert,0,0,0,0,0,0,0,0,0
Forstwirtschaft,ZH,abt-total,25,0,25,25,0,25,0,0,0
Forstwirtschaft,ZH,EFZ,25,0,25,25,0,25,0,0,0
Forstwirtschaft,ZH,EBA,0,0,0,0,0,0,0,0,0
Forstwirtschaft,ZH,nReglementiert,0,0,0,0,0,0,0,0,0
Forstwirtschaft,BE,abt-total,28,0,28,28,0,28,0,0,0
Forstwirtschaft,BE,EFZ,28,0,28,28,0,28,0,0,0
Forstwirtschaft,BE,EBA,0,0,0,0,0,0,0,0,0
Forstwirtschaft,BE,nReglementiert,0,0,0,0,0,0,0,0,0
Forstwirtschaft,LU,abt-total,6,0,6,6,0,6,0,0,0
Forstwirtschaft,LU,EFZ,6,0,6,6,0,6,0,0,0
Forstwirtschaft,LU,EBA,0,0,0,0,0,0,0,0,0
Forstwirtschaft,LU,nReglementiert,0,0,0,0,0,0,0,0,0
Forstwirtschaft,UR,abt-total,3,0,3,3,0,3,0,0,0
Forstwirtschaft,UR,EFZ,3,0,3,3,0,3,0,0,0
Forstwirtschaft,UR,EBA,0,0,0,0,0,0,0,0,0
Forstwirtschaft,UR,nReglementiert,0,0,0,0,0,0,0,0,0
Forstwirtschaft,SZ,abt-total,4,0,4,4,0,4,0,0,0
Forstwirtschaft,SZ,EFZ,4,0,4,4,0,4,0,0,0
Forstwirtschaft,SZ,EBA,0,0,0,0,0,0,0,0,0
Forstwirtschaft,SZ,nReglementiert,0,0,0,0,0,0,0,0,0
Forstwirtschaft,OW,abt-total,8,0,8,8,0,8,0,0,0
Forstwirtschaft,OW,EFZ,8,0,8,8,0,8,0,0,0
Forstwirtschaft,OW,EBA,0,0,0,0,0,0,0,0,0
Forstwirtschaft,OW,nReglementiert,0,0,0,0,0,0,0,0,0
Forstwirtschaft,NW,abt-total,3,0,3,3,0,3,0,0,0
Forstwirtschaft,NW,EFZ,3,0,3,3,0,3,0,0,0
Forstwirtschaft,NW,EBA,0,0,0,0,0,0,0,0,0
Forstwirtschaft,NW,nReglementiert,0,0,0,0,0,0,0,0,0
Forstwirtschaft,GL,abt-total,3,0,3,3,0,3,0,0,0
Forstwirtschaft,GL,EFZ,3,0,3,3,0,3,0,0,0
Forstwirtschaft,GL,EBA,0,0,0,0,0,0,0,0,0
Forstwirtschaft,GL,nReglementiert,0,0,0,0,0,0,0,0,0
Forstwirtschaft,ZG,abt-total,4,0,4,4,0,4,0,0,0
Forstwirtschaft,ZG,EFZ,4,0,4,4,0,4,0,0,0
Forstwirtschaft,ZG,EBA,0,0,0,0,0,0,0,0,0
Forstwirtschaft,ZG,nReglementiert,0,0,0,0,0,0,0,0,0
Forstwirtschaft,FR,abt-total,17,0,17,17,0,17,0,0,0
Forstwirtschaft,FR,EFZ,17,0,17,17,0,17,0,0,0
Forstwirtschaft,FR,EBA,0,0,0,0,0,0,0,0,0
Forstwirtschaft,FR,nReglementiert,0,0,0,0,0,0,0,0,0
Forstwirtschaft,SO,abt-total,9,0,9,9,0,9,0,0,0
Forstwirtschaft,SO,EFZ,9,0,9,9,0,9,0,0,0
Forstwirtschaft,SO,EBA,0,0,0,0,0,0,0,0,0
Forstwirtschaft,SO,nReglementiert,0,0,0,0,0,0,0,0,0
Forstwirtschaft,BS,abt-total,1,0,1,1,0,1,0,0,0
Forstwirtschaft,BS,EFZ,1,0,1,1,0,1,0,0,0
Forstwirtschaft,BS,EBA,0,0,0,0,0,0,0,0,0
Forstwirtschaft,BS,nReglementiert,0,0,0,0,0,0,0,0,0
Forstwirtschaft,BL,abt-total,9,0,9,9,0,9,0,0,0
Forstwirtschaft,BL,EFZ,9,0,9,9,0,9,0,0,0
Forstwirtschaft,BL,EBA,0,0,0,0,0,0,0,0,0
Forstwirtschaft,Bl,nReglementiert,0,0,0,0,0,0,0,0,0
Forstwirtschaft,SH,abt-total,5,0,5,4,0,4,1,0,1
Forstwirtschaft,SH,EFZ,5,0,5,4,0,4,1,0,1
Forstwirtschaft,SH,EBA,0,0,0,0,0,0,0,0,0
Forstwirtschaft,SH,nReglementiert,0,0,0,0,0,0,0,0,0
Forstwirtschaft,AR,abt-total,3,0,3,3,0,3,0,0,0
Forstwirtschaft,AR,EFZ,3,0,3,3,0,3,0,0,0
Forstwirtschaft,AR,EBA,0,0,0,0,0,0,0,0,0
Forstwirtschaft,AR,nReglementiert,0,0,0,0,0,0,0,0,0
Forstwirtschaft,AI,abt-total,0,0,0,0,0,0,0,0,0
Forstwirtschaft,AI,EFZ,0,0,0,0,0,0,0,0,0
Forstwirtschaft,AI,EBA,0,0,0,0,0,0,0,0,0
Forstwirtschaft,AI,nReglementiert,0,0,0,0,0,0,0,0,0
Forstwirtschaft,SG,abt-total,17,0,17,17,0,17,0,0,0
Forstwirtschaft,SG,EFZ,17,0,17,17,0,17,0,0,0
Forstwirtschaft,SG,EBA,0,0,0,0,0,0,0,0,0
Forstwirtschaft,SG,nReglementiert,0,0,0,0,0,0,0,0,0
Forstwirtschaft,GR,abt-total,31,0,31,28,0,28,3,0,3
Forstwirtschaft,GR,EFZ,31,0,31,28,0,28,3,0,3
Forstwirtschaft,GR,EBA,0,0,0,0,0,0,0,0,0
Forstwirtschaft,GR,nReglementiert,0,0,0,0,0,0,0,0,0
Forstwirtschaft,AG,abt-total,30,0,30,30,0,30,0,0,0
Forstwirtschaft,AG,EFZ,30,0,30,30,0,30,0,0,0
Forstwirtschaft,AG,EBA,0,0,0,0,0,0,0,0,0
Forstwirtschaft,AG,nReglementiert,0,0,0,0,0,0,0,0,0
Forstwirtschaft,TG,abt-total,8,0,8,8,0,8,0,0,0
Forstwirtschaft,TG,EFZ,8,0,8,8,0,8,0,0,0
Forstwirtschaft,TG,EBA,0,0,0,0,0,0,0,0,0
Forstwirtschaft,TG,nReglementiert,0,0,0,0,0,0,0,0,0
Forstwirtschaft,TI,abt-total,24,0,24,24,0,24,0,0,0
Forstwirtschaft,TI,EFZ,24,0,24,24,0,24,0,0,0
Forstwirtschaft,TI,EBA,0,0,0,0,0,0,0,0,0
Forstwirtschaft,TI,nReglementiert,0,0,0,0,0,0,0,0,0
Forstwirtschaft,VD,abt-total,39,0,39,39,0,39,0,0,0
Forstwirtschaft,VD,EFZ,39,0,39,39,0,39,0,0,0
Forstwirtschaft,VD,EBA,0,0,0,0,0,0,0,0,0
Forstwirtschaft,VD,nReglementiert,0,0,0,0,0,0,0,0,0
Forstwirtschaft,VS,abt-total,25,0,25,25,0,25,0,0,0
Forstwirtschaft,VS,EFZ,25,0,25,25,0,25,0,0,0
Forstwirtschaft,VS,EBA,0,0,0,0,0,0,0,0,0
Forstwirtschaft,VS,nReglementiert,0,0,0,0,0,0,0,0,0
Forstwirtschaft,NE,abt-total,17,0,17,16,0,16,1,0,1
Forstwirtschaft,NE,EFZ,17,0,17,16,0,16,1,0,1
Forstwirtschaft,NE,EBA,0,0,0,0,0,0,0,0,0
Forstwirtschaft,NE,nReglementiert,0,0,0,0,0,0,0,0,0
Forstwirtschaft,GE,abt-total,4,0,4,4,0,4,0,0,0
Forstwirtschaft,GE,EFZ,4,0,4,4,0,4,0,0,0
Forstwirtschaft,GE,EBA,0,0,0,0,0,0,0,0,0
Forstwirtschaft,GE,nReglementiert,0,0,0,0,0,0,0,0,0
Forstwirtschaft,JU,abt-total,4,0,4,4,0,4,0,0,0
Forstwirtschaft,JU,EFZ,4,0,4,4,0,4,0,0,0
Forstwirtschaft,JU,EBA,0,0,0,0,0,0,0,0,0
Forstwirtschaft,JU,nReglementiert,0,0,0,0,0,0,0,0,0
Tiermedizin,,abt-total,187,0,187,8,0,8,179,0,179
Tiermedizin,,EFZ,187,0,187,8,0,8,179,0,179
Tiermedizin,,EBA,0,0,0,0,0,0,0,0,0
Tiermedizin,,nReglementiert,0,0,0,0,0,0,0,0,0
Tiermedizin,ZH,abt-total,37,0,37,3,0,3,34,0,34
Tiermedizin,ZH,EFZ,37,0,37,3,0,3,34,0,34
Tiermedizin,ZH,EBA,0,0,0,0,0,0,0,0,0
Tiermedizin,ZH,nReglementiert,0,0,0,0,0,0,0,0,0
Tiermedizin,BE,abt-total,28,0,28,1,0,1,27,0,27
Tiermedizin,BE,EFZ,28,0,28,1,0,1,27,0,27
Tiermedizin,BE,EBA,0,0,0,0,0,0,0,0,0
Tiermedizin,BE,nReglementiert,0,0,0,0,0,0,0,0,0
Tiermedizin,LU,abt-total,5,0,5,0,0,0,5,0,5
Tiermedizin,LU,EFZ,5,0,5,0,0,0,5,0,5
Tiermedizin,LU,EBA,0,0,0,0,0,0,0,0,0
Tiermedizin,LU,nReglementiert,0,0,0,0,0,0,0,0,0
Tiermedizin,UR,abt-total,0,0,0,0,0,0,0,0,0
Tiermedizin,UR,EFZ,0,0,0,0,0,0,0,0,0
Tiermedizin,UR,EBA,0,0,0,0,0,0,0,0,0
Tiermedizin,UR,nReglementiert,0,0,0,0,0,0,0,0,0
Tiermedizin,SZ,abt-total,1,0,1,0,0,0,1,0,1
Tiermedizin,SZ,EFZ,1,0,1,0,0,0,1,0,1
Tiermedizin,SZ,EBA,0,0,0,0,0,0,0,0,0
Tiermedizin,SZ,nReglementiert,0,0,0,0,0,0,0,0,0
Tiermedizin,OW,abt-total,0,0,0,0,0,0,0,0,0
Tiermedizin,OW,EFZ,0,0,0,0,0,0,0,0,0
Tiermedizin,OW,EBA,0,0,0,0,0,0,0,0,0
Tiermedizin,OW,nReglementiert,0,0,0,0,0,0,0,0,0
Tiermedizin,NW,abt-total,2,0,2,0,0,0,2,0,2
Tiermedizin,NW,EFZ,2,0,2,0,0,0,2,0,2
Tiermedizin,NW,EBA,0,0,0,0,0,0,0,0,0
Tiermedizin,NW,nReglementiert,0,0,0,0,0,0,0,0,0
Tiermedizin,GL,abt-total,0,0,0,0,0,0,0,0,0
Tiermedizin,GL,EFZ,0,0,0,0,0,0,0,0,0
Tiermedizin,GL,EBA,0,0,0,0,0,0,0,0,0
Tiermedizin,GL,nReglementiert,0,0,0,0,0,0,0,0,0
Tiermedizin,ZG,abt-total,3,0,3,0,0,0,3,0,3
Tiermedizin,ZG,EFZ,3,0,3,0,0,0,3,0,3
Tiermedizin,ZG,EBA,0,0,0,0,0,0,0,0,0
Tiermedizin,ZG,nReglementiert,0,0,0,0,0,0,0,0,0
Tiermedizin,FR,abt-total,2,0,2,0,0,0,2,0,2
Tiermedizin,FR,EFZ,2,0,2,0,0,0,2,0,2
Tiermedizin,FR,EBA,0,0,0,0,0,0,0,0,0
Tiermedizin,FR,nReglementiert,0,0,0,0,0,0,0,0,0
Tiermedizin,SO,abt-total,6,0,6,0,0,0,6,0,6
Tiermedizin,SO,EFZ,6,0,6,0,0,0,6,0,6
Tiermedizin,SO,EBA,0,0,0,0,0,0,0,0,0
Tiermedizin,SO,nReglementiert,0,0,0,0,0,0,0,0,0
Tiermedizin,BS,abt-total,2,0,2,0,0,0,2,0,2
Tiermedizin,BS,EFZ,2,0,2,0,0,0,2,0,2
Tiermedizin,BS,EBA,0,0,0,0,0,0,0,0,0
Tiermedizin,BS,nReglementiert,0,0,0,0,0,0,0,0,0
Tiermedizin,BL,abt-total,6,0,6,0,0,0,6,0,6
Tiermedizin,BL,EFZ,6,0,6,0,0,0,6,0,6
Tiermedizin,BL,EBA,0,0,0,0,0,0,0,0,0
Tiermedizin,Bl,nReglementiert,0,0,0,0,0,0,0,0,0
Tiermedizin,SH,abt-total,2,0,2,0,0,0,2,0,2
Tiermedizin,SH,EFZ,2,0,2,0,0,0,2,0,2
Tiermedizin,SH,EBA,0,0,0,0,0,0,0,0,0
Tiermedizin,SH,nReglementiert,0,0,0,0,0,0,0,0,0
Tiermedizin,AR,abt-total,2,0,2,0,0,0,2,0,2
Tiermedizin,AR,EFZ,2,0,2,0,0,0,2,0,2
Tiermedizin,AR,EBA,0,0,0,0,0,0,0,0,0
Tiermedizin,AR,nReglementiert,0,0,0,0,0,0,0,0,0
Tiermedizin,AI,abt-total,0,0,0,0,0,0,0,0,0
Tiermedizin,AI,EFZ,0,0,0,0,0,0,0,0,0
Tiermedizin,AI,EBA,0,0,0,0,0,0,0,0,0
Tiermedizin,AI,nReglementiert,0,0,0,0,0,0,0,0,0
Tiermedizin,SG,abt-total,7,0,7,0,0,0,7,0,7
Tiermedizin,SG,EFZ,7,0,7,0,0,0,7,0,7
Tiermedizin,SG,EBA,0,0,0,0,0,0,0,0,0
Tiermedizin,SG,nReglementiert,0,0,0,0,0,0,0,0,0
Tiermedizin,GR,abt-total,6,0,6,0,0,0,6,0,6
Tiermedizin,GR,EFZ,6,0,6,0,0,0,6,0,6
Tiermedizin,GR,EBA,0,0,0,0,0,0,0,0,0
Tiermedizin,GR,nReglementiert,0,0,0,0,0,0,0,0,0
Tiermedizin,AG,abt-total,9,0,9,0,0,0,9,0,9
Tiermedizin,AG,EFZ,9,0,9,0,0,0,9,0,9
Tiermedizin,AG,EBA,0,0,0,0,0,0,0,0,0
Tiermedizin,AG,nReglementiert,0,0,0,0,0,0,0,0,0
Tiermedizin,TG,abt-total,6,0,6,0,0,0,6,0,6
Tiermedizin,TG,EFZ,6,0,6,0,0,0,6,0,6
Tiermedizin,TG,EBA,0,0,0,0,0,0,0,0,0
Tiermedizin,TG,nReglementiert,0,0,0,0,0,0,0,0,0
Tiermedizin,TI,abt-total,7,0,7,0,0,0,7,0,7
Tiermedizin,TI,EFZ,7,0,7,0,0,0,7,0,7
Tiermedizin,TI,EBA,0,0,0,0,0,0,0,0,0
Tiermedizin,TI,nReglementiert,0,0,0,0,0,0,0,0,0
Tiermedizin,VD,abt-total,31,0,31,2,0,2,29,0,29
Tiermedizin,VD,EFZ,31,0,31,2,0,2,29,0,29
Tiermedizin,VD,EBA,0,0,0,0,0,0,0,0,0
Tiermedizin,VD,nReglementiert,0,0,0,0,0,0,0,0,0
Tiermedizin,VS,abt-total,3,0,3,1,0,1,2,0,2
Tiermedizin,VS,EFZ,3,0,3,1,0,1,2,0,2
Tiermedizin,VS,EBA,0,0,0,0,0,0,0,0,0
Tiermedizin,VS,nReglementiert,0,0,0,0,0,0,0,0,0
Tiermedizin,NE,abt-total,7,0,7,0,0,0,7,0,7
Tiermedizin,NE,EFZ,7,0,7,0,0,0,7,0,7
Tiermedizin,NE,EBA,0,0,0,0,0,0,0,0,0
Tiermedizin,NE,nReglementiert,0,0,0,0,0,0,0,0,0
Tiermedizin,GE,abt-total,12,0,12,0,0,0,12,0,12
Tiermedizin,GE,EFZ,12,0,12,0,0,0,12,0,12
Tiermedizin,GE,EBA,0,0,0,0,0,0,0,0,0
Tiermedizin,GE,nReglementiert,0,0,0,0,0,0,0,0,0
Tiermedizin,JU,abt-total,3,0,3,1,0,1,2,0,2
Tiermedizin,JU,EFZ,3,0,3,1,0,1,2,0,2
Tiermedizin,JU,EBA,0,0,0,0,0,0,0,0,0
Tiermedizin,JU,nReglementiert,0,0,0,0,0,0,0,0,0
Medizinische Dienste,,abt-total,1555,35,1520,227,0,227,1328,35,1293
Medizinische Dienste,,EFZ,1391,35,1356,171,0,171,1220,35,1185
Medizinische Dienste,,EBA,0,0,0,0,0,0,0,0,0
Medizinische Dienste,,nReglementiert,164,0,164,56,0,56,108,0,108
Medizinische Dienste,ZH,abt-total,326,0,326,43,0,43,283,0,283
Medizinische Dienste,ZH,EFZ,278,0,278,28,0,28,250,0,250
Medizinische Dienste,ZH,EBA,0,0,0,0,0,0,0,0,0
Medizinische Dienste,ZH,nReglementiert,48,0,48,15,0,15,33,0,33
Medizinische Dienste,BE,abt-total,205,0,205,24,0,24,181,0,181
Medizinische Dienste,BE,EFZ,197,0,197,22,0,22,175,0,175
Medizinische Dienste,BE,EBA,0,0,0,0,0,0,0,0,0
Medizinische Dienste,BE,nReglementiert,8,0,8,2,0,2,6,0,6
Medizinische Dienste,LU,abt-total,110,0,110,18,0,18,92,0,92
Medizinische Dienste,LU,EFZ,73,0,73,8,0,8,65,0,65
Medizinische Dienste,LU,EBA,0,0,0,0,0,0,0,0,0
Medizinische Dienste,LU,nReglementiert,37,0,37,10,0,10,27,0,27
Medizinische Dienste,UR,abt-total,8,0,8,1,0,1,7,0,7
Medizinische Dienste,UR,EFZ,8,0,8,1,0,1,7,0,7
Medizinische Dienste,UR,EBA,0,0,0,0,0,0,0,0,0
Medizinische Dienste,UR,nReglementiert,0,0,0,0,0,0,0,0,0
Medizinische Dienste,SZ,abt-total,26,0,26,3,0,3,23,0,23
Medizinische Dienste,SZ,EFZ,26,0,26,3,0,3,23,0,23
Medizinische Dienste,SZ,EBA,0,0,0,0,0,0,0,0,0
Medizinische Dienste,SZ,nReglementiert,0,0,0,0,0,0,0,0,0
Medizinische Dienste,OW,abt-total,8,0,8,1,0,1,7,0,7
Medizinische Dienste,OW,EFZ,8,0,8,1,0,1,7,0,7
Medizinische Dienste,OW,EBA,0,0,0,0,0,0,0,0,0
Medizinische Dienste,OW,nReglementiert,0,0,0,0,0,0,0,0,0
Medizinische Dienste,NW,abt-total,8,0,8,1,0,1,7,0,7
Medizinische Dienste,NW,EFZ,8,0,8,1,0,1,7,0,7
Medizinische Dienste,NW,EBA,0,0,0,0,0,0,0,0,0
Medizinische Dienste,NW,nReglementiert,0,0,0,0,0,0,0,0,0
Medizinische Dienste,GL,abt-total,11,0,11,1,0,1,10,0,10
Medizinische Dienste,GL,EFZ,11,0,11,1,0,1,10,0,10
Medizinische Dienste,GL,EBA,0,0,0,0,0,0,0,0,0
Medizinische Dienste,GL,nReglementiert,0,0,0,0,0,0,0,0,0
Medizinische Dienste,ZG,abt-total,19,0,19,1,0,1,18,0,18
Medizinische Dienste,ZG,EFZ,19,0,19,1,0,1,18,0,18
Medizinische Dienste,ZG,EBA,0,0,0,0,0,0,0,0,0
Medizinische Dienste,ZG,nReglementiert,0,0,0,0,0,0,0,0,0
Medizinische Dienste,FR,abt-total,34,0,34,8,0,8,26,0,26
Medizinische Dienste,FR,EFZ,34,0,34,8,0,8,26,0,26
Medizinische Dienste,FR,EBA,0,0,0,0,0,0,0,0,0
Medizinische Dienste,FR,nReglementiert,0,0,0,0,0,0,0,0,0
Medizinische Dienste,SO,abt-total,41,0,41,2,0,2,39,0,39
Medizinische Dienste,SO,EFZ,41,0,41,2,0,2,39,0,39
Medizinische Dienste,SO,EBA,0,0,0,0,0,0,0,0,0
Medizinische Dienste,SO,nReglementiert,0,0,0,0,0,0,0,0,0
Medizinische Dienste,BS,abt-total,46,0,46,8,0,8,38,0,38
Medizinische Dienste,BS,EFZ,46,0,46,8,0,8,38,0,38
Medizinische Dienste,BS,EBA,0,0,0,0,0,0,0,0,0
Medizinische Dienste,BS,nReglementiert,0,0,0,0,0,0,0,0,0
Medizinische Dienste,BL,abt-total,55,0,55,10,0,10,45,0,45
Medizinische Dienste,BL,EFZ,38,0,38,2,0,2,36,0,36
Medizinische Dienste,BL,EBA,0,0,0,0,0,0,0,0,0
Medizinische Dienste,Bl,nReglementiert,17,0,17,8,0,8,9,0,9
Medizinische Dienste,SH,abt-total,16,0,16,1,0,1,15,0,15
Medizinische Dienste,SH,EFZ,16,0,16,1,0,1,15,0,15
Medizinische Dienste,SH,EBA,0,0,0,0,0,0,0,0,0
Medizinische Dienste,SH,nReglementiert,0,0,0,0,0,0,0,0,0
Medizinische Dienste,AR,abt-total,6,0,6,0,0,0,6,0,6
Medizinische Dienste,AR,EFZ,6,0,6,0,0,0,6,0,6
Medizinische Dienste,AR,EBA,0,0,0,0,0,0,0,0,0
Medizinische Dienste,AR,nReglementiert,0,0,0,0,0,0,0,0,0
Medizinische Dienste,AI,abt-total,7,0,7,1,0,1,6,0,6
Medizinische Dienste,AI,EFZ,7,0,7,1,0,1,6,0,6
Medizinische Dienste,AI,EBA,0,0,0,0,0,0,0,0,0
Medizinische Dienste,AI,nReglementiert,0,0,0,0,0,0,0,0,0
Medizinische Dienste,SG,abt-total,105,0,105,14,0,14,91,0,91
Medizinische Dienste,SG,EFZ,90,0,90,8,0,8,82,0,82
Medizinische Dienste,SG,EBA,0,0,0,0,0,0,0,0,0
Medizinische Dienste,SG,nReglementiert,15,0,15,6,0,6,9,0,9
Medizinische Dienste,GR,abt-total,53,0,53,11,0,11,42,0,42
Medizinische Dienste,GR,EFZ,28,0,28,3,0,3,25,0,25
Medizinische Dienste,GR,EBA,0,0,0,0,0,0,0,0,0
Medizinische Dienste,GR,nReglementiert,25,0,25,8,0,8,17,0,17
Medizinische Dienste,AG,abt-total,102,0,102,7,0,7,95,0,95
Medizinische Dienste,AG,EFZ,102,0,102,7,0,7,95,0,95
Medizinische Dienste,AG,EBA,0,0,0,0,0,0,0,0,0
Medizinische Dienste,AG,nReglementiert,0,0,0,0,0,0,0,0,0
Medizinische Dienste,TG,abt-total,41,0,41,2,0,2,39,0,39
Medizinische Dienste,TG,EFZ,41,0,41,2,0,2,39,0,39
Medizinische Dienste,TG,EBA,0,0,0,0,0,0,0,0,0
Medizinische Dienste,TG,nReglementiert,0,0,0,0,0,0,0,0,0
Medizinische Dienste,TI,abt-total,83,0,83,20,0,20,63,0,63
Medizinische Dienste,TI,EFZ,69,0,69,13,0,13,56,0,56
Medizinische Dienste,TI,EBA,0,0,0,0,0,0,0,0,0
Medizinische Dienste,TI,nReglementiert,14,0,14,7,0,7,7,0,7
Medizinische Dienste,VD,abt-total,105,0,105,30,0,30,75,0,75
Medizinische Dienste,VD,EFZ,105,0,105,30,0,30,75,0,75
Medizinische Dienste,VD,EBA,0,0,0,0,0,0,0,0,0
Medizinische Dienste,VD,nReglementiert,0,0,0,0,0,0,0,0,0
Medizinische Dienste,VS,abt-total,59,18,41,5,0,5,54,18,36
Medizinische Dienste,VS,EFZ,59,18,41,5,0,5,54,18,36
Medizinische Dienste,VS,EBA,0,0,0,0,0,0,0,0,0
Medizinische Dienste,VS,nReglementiert,0,0,0,0,0,0,0,0,0
Medizinische Dienste,NE,abt-total,20,0,20,5,0,5,15,0,15
Medizinische Dienste,NE,EFZ,20,0,20,5,0,5,15,0,15
Medizinische Dienste,NE,EBA,0,0,0,0,0,0,0,0,0
Medizinische Dienste,NE,nReglementiert,0,0,0,0,0,0,0,0,0
Medizinische Dienste,GE,abt-total,55,17,38,9,0,9,46,17,29
Medizinische Dienste,GE,EFZ,55,17,38,9,0,9,46,17,29
Medizinische Dienste,GE,EBA,0,0,0,0,0,0,0,0,0
Medizinische Dienste,GE,nReglementiert,0,0,0,0,0,0,0,0,0
Medizinische Dienste,JU,abt-total,6,0,6,1,0,1,5,0,5
Medizinische Dienste,JU,EFZ,6,0,6,1,0,1,5,0,5
Medizinische Dienste,JU,EBA,0,0,0,0,0,0,0,0,0
Medizinische Dienste,JU,nReglementiert,0,0,0,0,0,0,0,0,0
Krankenpflege,,abt-total,3703,280,3423,499,41,458,3204,239,2965
Krankenpflege,,EFZ,3125,280,2845,326,41,285,2799,239,2560
Krankenpflege,,EBA,0,0,0,0,0,0,0,0,0
Krankenpflege,,nReglementiert,578,0,578,173,0,173,405,0,405
Krankenpflege,ZH,abt-total,655,0,655,91,0,91,564,0,564
Krankenpflege,ZH,EFZ,504,0,504,70,0,70,434,0,434
Krankenpflege,ZH,EBA,0,0,0,0,0,0,0,0,0
Krankenpflege,ZH,nReglementiert,151,0,151,21,0,21,130,0,130
Krankenpflege,BE,abt-total,697,34,663,56,6,50,641,28,613
Krankenpflege,BE,EFZ,602,34,568,47,6,41,555,28,527
Krankenpflege,BE,EBA,0,0,0,0,0,0,0,0,0
Krankenpflege,BE,nReglementiert,95,0,95,9,0,9,86,0,86
Krankenpflege,LU,abt-total,239,0,239,11,0,11,228,0,228
Krankenpflege,LU,EFZ,183,0,183,9,0,9,174,0,174
Krankenpflege,LU,EBA,0,0,0,0,0,0,0,0,0
Krankenpflege,LU,nReglementiert,56,0,56,2,0,2,54,0,54
Krankenpflege,UR,abt-total,24,0,24,1,0,1,23,0,23
Krankenpflege,UR,EFZ,24,0,24,1,0,1,23,0,23
Krankenpflege,UR,EBA,0,0,0,0,0,0,0,0,0
Krankenpflege,UR,nReglementiert,0,0,0,0,0,0,0,0,0
Krankenpflege,SZ,abt-total,38,0,38,2,0,2,36,0,36
Krankenpflege,SZ,EFZ,38,0,38,2,0,2,36,0,36
Krankenpflege,SZ,EBA,0,0,0,0,0,0,0,0,0
Krankenpflege,SZ,nReglementiert,0,0,0,0,0,0,0,0,0
Krankenpflege,OW,abt-total,16,0,16,1,0,1,15,0,15
Krankenpflege,OW,EFZ,16,0,16,1,0,1,15,0,15
Krankenpflege,OW,EBA,0,0,0,0,0,0,0,0,0
Krankenpflege,OW,nReglementiert,0,0,0,0,0,0,0,0,0
Krankenpflege,NW,abt-total,17,0,17,0,0,0,17,0,17
Krankenpflege,NW,EFZ,17,0,17,0,0,0,17,0,17
Krankenpflege,NW,EBA,0,0,0,0,0,0,0,0,0
Krankenpflege,NW,nReglementiert,0,0,0,0,0,0,0,0,0
Krankenpflege,GL,abt-total,28,0,28,2,0,2,26,0,26
Krankenpflege,GL,EFZ,28,0,28,2,0,2,26,0,26
Krankenpflege,GL,EBA,0,0,0,0,0,0,0,0,0
Krankenpflege,GL,nReglementiert,0,0,0,0,0,0,0,0,0
Krankenpflege,ZG,abt-total,39,0,39,1,0,1,38,0,38
Krankenpflege,ZG,EFZ,39,0,39,1,0,1,38,0,38
Krankenpflege,ZG,EBA,0,0,0,0,0,0,0,0,0
Krankenpflege,ZG,nReglementiert,0,0,0,0,0,0,0,0,0
Krankenpflege,FR,abt-total,110,34,76,6,1,5,104,33,71
Krankenpflege,FR,EFZ,87,34,53,4,1,3,83,33,50
Krankenpflege,FR,EBA,0,0,0,0,0,0,0,0,0
Krankenpflege,FR,nReglementiert,23,0,23,2,0,2,21,0,21
Krankenpflege,SO,abt-total,125,0,125,7,0,7,118,0,118
Krankenpflege,SO,EFZ,77,0,77,6,0,6,71,0,71
Krankenpflege,SO,EBA,0,0,0,0,0,0,0,0,0
Krankenpflege,SO,nReglementiert,48,0,48,1,0,1,47,0,47
Krankenpflege,BS,abt-total,78,0,78,9,0,9,69,0,69
Krankenpflege,BS,EFZ,78,0,78,9,0,9,69,0,69
Krankenpflege,BS,EBA,0,0,0,0,0,0,0,0,0
Krankenpflege,BS,nReglementiert,0,0,0,0,0,0,0,0,0
Krankenpflege,BL,abt-total,238,0,238,141,0,141,97,0,97
Krankenpflege,BL,EFZ,95,0,95,13,0,13,82,0,82
Krankenpflege,BL,EBA,0,0,0,0,0,0,0,0,0
Krankenpflege,Bl,nReglementiert,143,0,143,128,0,128,15,0,15
Krankenpflege,SH,abt-total,57,0,57,11,0,11,46,0,46
Krankenpflege,SH,EFZ,40,0,40,9,0,9,31,0,31
Krankenpflege,SH,EBA,0,0,0,0,0,0,0,0,0
Krankenpflege,SH,nReglementiert,17,0,17,2,0,2,15,0,15
Krankenpflege,AR,abt-total,40,0,40,3,0,3,37,0,37
Krankenpflege,AR,EFZ,40,0,40,3,0,3,37,0,37
Krankenpflege,AR,EBA,0,0,0,0,0,0,0,0,0
Krankenpflege,AR,nReglementiert,0,0,0,0,0,0,0,0,0
Krankenpflege,AI,abt-total,3,0,3,0,0,0,3,0,3
Krankenpflege,AI,EFZ,3,0,3,0,0,0,3,0,3
Krankenpflege,AI,EBA,0,0,0,0,0,0,0,0,0
Krankenpflege,AI,nReglementiert,0,0,0,0,0,0,0,0,0
Krankenpflege,SG,abt-total,282,0,282,17,0,17,265,0,265
Krankenpflege,SG,EFZ,282,0,282,17,0,17,265,0,265
Krankenpflege,SG,EBA,0,0,0,0,0,0,0,0,0
Krankenpflege,SG,nReglementiert,0,0,0,0,0,0,0,0,0
Krankenpflege,GR,abt-total,104,0,104,11,0,11,93,0,93
Krankenpflege,GR,EFZ,104,0,104,11,0,11,93,0,93
Krankenpflege,GR,EBA,0,0,0,0,0,0,0,0,0
Krankenpflege,GR,nReglementiert,0,0,0,0,0,0,0,0,0
Krankenpflege,AG,abt-total,203,0,203,23,0,23,180,0,180
Krankenpflege,AG,EFZ,203,0,203,23,0,23,180,0,180
Krankenpflege,AG,EBA,0,0,0,0,0,0,0,0,0
Krankenpflege,AG,nReglementiert,0,0,0,0,0,0,0,0,0
Krankenpflege,TG,abt-total,150,0,150,15,0,15,135,0,135
Krankenpflege,TG,EFZ,137,0,137,14,0,14,123,0,123
Krankenpflege,TG,EBA,0,0,0,0,0,0,0,0,0
Krankenpflege,TG,nReglementiert,13,0,13,1,0,1,12,0,12
Krankenpflege,TI,abt-total,74,0,74,19,0,19,55,0,55
Krankenpflege,TI,EFZ,74,0,74,19,0,19,55,0,55
Krankenpflege,TI,EBA,0,0,0,0,0,0,0,0,0
Krankenpflege,TI,nReglementiert,0,0,0,0,0,0,0,0,0
Krankenpflege,VD,abt-total,175,80,95,32,14,18,143,66,77
Krankenpflege,VD,EFZ,175,80,95,32,14,18,143,66,77
Krankenpflege,VD,EBA,0,0,0,0,0,0,0,0,0
Krankenpflege,VD,nReglementiert,0,0,0,0,0,0,0,0,0
Krankenpflege,VS,abt-total,113,28,85,9,2,7,104,26,78
Krankenpflege,VS,EFZ,113,28,85,9,2,7,104,26,78
Krankenpflege,VS,EBA,0,0,0,0,0,0,0,0,0
Krankenpflege,VS,nReglementiert,0,0,0,0,0,0,0,0,0
Krankenpflege,NE,abt-total,72,37,35,14,8,6,58,29,29
Krankenpflege,NE,EFZ,72,37,35,14,8,6,58,29,29
Krankenpflege,NE,EBA,0,0,0,0,0,0,0,0,0
Krankenpflege,NE,nReglementiert,0,0,0,0,0,0,0,0,0
Krankenpflege,GE,abt-total,82,24,58,14,7,7,68,17,51
Krankenpflege,GE,EFZ,50,24,26,7,7,0,43,17,26
Krankenpflege,GE,EBA,0,0,0,0,0,0,0,0,0
Krankenpflege,GE,nReglementiert,32,0,32,7,0,7,25,0,25
Krankenpflege,JU,abt-total,44,43,1,3,3,0,41,40,1
Krankenpflege,JU,EFZ,44,43,1,3,3,0,41,40,1
Krankenpflege,JU,EBA,0,0,0,0,0,0,0,0,0
Krankenpflege,JU,nReglementiert,0,0,0,0,0,0,0,0,0
Zahnmedizin,,abt-total,1036,0,1036,30,0,30,1006,0,1006
Zahnmedizin,,EFZ,1036,0,1036,30,0,30,1006,0,1006
Zahnmedizin,,EBA,0,0,0,0,0,0,0,0,0
Zahnmedizin,,nReglementiert,0,0,0,0,0,0,0,0,0
Zahnmedizin,ZH,abt-total,215,0,215,6,0,6,209,0,209
Zahnmedizin,ZH,EFZ,215,0,215,6,0,6,209,0,209
Zahnmedizin,ZH,EBA,0,0,0,0,0,0,0,0,0
Zahnmedizin,ZH,nReglementiert,0,0,0,0,0,0,0,0,0
Zahnmedizin,BE,abt-total,151,0,151,3,0,3,148,0,148
Zahnmedizin,BE,EFZ,151,0,151,3,0,3,148,0,148
Zahnmedizin,BE,EBA,0,0,0,0,0,0,0,0,0
Zahnmedizin,BE,nReglementiert,0,0,0,0,0,0,0,0,0
Zahnmedizin,LU,abt-total,59,0,59,4,0,4,55,0,55
Zahnmedizin,LU,EFZ,59,0,59,4,0,4,55,0,55
Zahnmedizin,LU,EBA,0,0,0,0,0,0,0,0,0
Zahnmedizin,LU,nReglementiert,0,0,0,0,0,0,0,0,0
Zahnmedizin,UR,abt-total,6,0,6,0,0,0,6,0,6
Zahnmedizin,UR,EFZ,6,0,6,0,0,0,6,0,6
Zahnmedizin,UR,EBA,0,0,0,0,0,0,0,0,0
Zahnmedizin,UR,nReglementiert,0,0,0,0,0,0,0,0,0
Zahnmedizin,SZ,abt-total,20,0,20,1,0,1,19,0,19
Zahnmedizin,SZ,EFZ,20,0,20,1,0,1,19,0,19
Zahnmedizin,SZ,EBA,0,0,0,0,0,0,0,0,0
Zahnmedizin,SZ,nReglementiert,0,0,0,0,0,0,0,0,0
Zahnmedizin,OW,abt-total,3,0,3,0,0,0,3,0,3
Zahnmedizin,OW,EFZ,3,0,3,0,0,0,3,0,3
Zahnmedizin,OW,EBA,0,0,0,0,0,0,0,0,0
Zahnmedizin,OW,nReglementiert,0,0,0,0,0,0,0,0,0
Zahnmedizin,NW,abt-total,5,0,5,0,0,0,5,0,5
Zahnmedizin,NW,EFZ,5,0,5,0,0,0,5,0,5
Zahnmedizin,NW,EBA,0,0,0,0,0,0,0,0,0
Zahnmedizin,NW,nReglementiert,0,0,0,0,0,0,0,0,0
Zahnmedizin,GL,abt-total,5,0,5,1,0,1,4,0,4
Zahnmedizin,GL,EFZ,5,0,5,1,0,1,4,0,4
Zahnmedizin,GL,EBA,0,0,0,0,0,0,0,0,0
Zahnmedizin,GL,nReglementiert,0,0,0,0,0,0,0,0,0
Zahnmedizin,ZG,abt-total,16,0,16,0,0,0,16,0,16
Zahnmedizin,ZG,EFZ,16,0,16,0,0,0,16,0,16
Zahnmedizin,ZG,EBA,0,0,0,0,0,0,0,0,0
Zahnmedizin,ZG,nReglementiert,0,0,0,0,0,0,0,0,0
Zahnmedizin,FR,abt-total,29,0,29,0,0,0,29,0,29
Zahnmedizin,FR,EFZ,29,0,29,0,0,0,29,0,29
Zahnmedizin,FR,EBA,0,0,0,0,0,0,0,0,0
Zahnmedizin,FR,nReglementiert,0,0,0,0,0,0,0,0,0
Zahnmedizin,SO,abt-total,27,0,27,0,0,0,27,0,27
Zahnmedizin,SO,EFZ,27,0,27,0,0,0,27,0,27
Zahnmedizin,SO,EBA,0,0,0,0,0,0,0,0,0
Zahnmedizin,SO,nReglementiert,0,0,0,0,0,0,0,0,0
Zahnmedizin,BS,abt-total,42,0,42,3,0,3,39,0,39
Zahnmedizin,BS,EFZ,42,0,42,3,0,3,39,0,39
Zahnmedizin,BS,EBA,0,0,0,0,0,0,0,0,0
Zahnmedizin,BS,nReglementiert,0,0,0,0,0,0,0,0,0
Zahnmedizin,BL,abt-total,26,0,26,0,0,0,26,0,26
Zahnmedizin,BL,EFZ,26,0,26,0,0,0,26,0,26
Zahnmedizin,BL,EBA,0,0,0,0,0,0,0,0,0
Zahnmedizin,Bl,nReglementiert,0,0,0,0,0,0,0,0,0
Zahnmedizin,SH,abt-total,13,0,13,0,0,0,13,0,13
Zahnmedizin,SH,EFZ,13,0,13,0,0,0,13,0,13
Zahnmedizin,SH,EBA,0,0,0,0,0,0,0,0,0
Zahnmedizin,SH,nReglementiert,0,0,0,0,0,0,0,0,0
Zahnmedizin,AR,abt-total,16,0,16,0,0,0,16,0,16
Zahnmedizin,AR,EFZ,16,0,16,0,0,0,16,0,16
Zahnmedizin,AR,EBA,0,0,0,0,0,0,0,0,0
Zahnmedizin,AR,nReglementiert,0,0,0,0,0,0,0,0,0
Zahnmedizin,AI,abt-total,1,0,1,0,0,0,1,0,1
Zahnmedizin,AI,EFZ,1,0,1,0,0,0,1,0,1
Zahnmedizin,AI,EBA,0,0,0,0,0,0,0,0,0
Zahnmedizin,AI,nReglementiert,0,0,0,0,0,0,0,0,0
Zahnmedizin,SG,abt-total,65,0,65,3,0,3,62,0,62
Zahnmedizin,SG,EFZ,65,0,65,3,0,3,62,0,62
Zahnmedizin,SG,EBA,0,0,0,0,0,0,0,0,0
Zahnmedizin,SG,nReglementiert,0,0,0,0,0,0,0,0,0
Zahnmedizin,GR,abt-total,21,0,21,0,0,0,21,0,21
Zahnmedizin,GR,EFZ,21,0,21,0,0,0,21,0,21
Zahnmedizin,GR,EBA,0,0,0,0,0,0,0,0,0
Zahnmedizin,GR,nReglementiert,0,0,0,0,0,0,0,0,0
Zahnmedizin,AG,abt-total,87,0,87,0,0,0,87,0,87
Zahnmedizin,AG,EFZ,87,0,87,0,0,0,87,0,87
Zahnmedizin,AG,EBA,0,0,0,0,0,0,0,0,0
Zahnmedizin,AG,nReglementiert,0,0,0,0,0,0,0,0,0
Zahnmedizin,TG,abt-total,31,0,31,1,0,1,30,0,30
Zahnmedizin,TG,EFZ,31,0,31,1,0,1,30,0,30
Zahnmedizin,TG,EBA,0,0,0,0,0,0,0,0,0
Zahnmedizin,TG,nReglementiert,0,0,0,0,0,0,0,0,0
Zahnmedizin,TI,abt-total,32,0,32,2,0,2,30,0,30
Zahnmedizin,TI,EFZ,32,0,32,2,0,2,30,0,30
Zahnmedizin,TI,EBA,0,0,0,0,0,0,0,0,0
Zahnmedizin,TI,nReglementiert,0,0,0,0,0,0,0,0,0
Zahnmedizin,VD,abt-total,64,0,64,1,0,1,63,0,63
Zahnmedizin,VD,EFZ,64,0,64,1,0,1,63,0,63
Zahnmedizin,VD,EBA,0,0,0,0,0,0,0,0,0
Zahnmedizin,VD,nReglementiert,0,0,0,0,0,0,0,0,0
Zahnmedizin,VS,abt-total,29,0,29,1,0,1,28,0,28
Zahnmedizin,VS,EFZ,29,0,29,1,0,1,28,0,28
Zahnmedizin,VS,EBA,0,0,0,0,0,0,0,0,0
Zahnmedizin,VS,nReglementiert,0,0,0,0,0,0,0,0,0
Zahnmedizin,NE,abt-total,16,0,16,0,0,0,16,0,16
Zahnmedizin,NE,EFZ,16,0,16,0,0,0,16,0,16
Zahnmedizin,NE,EBA,0,0,0,0,0,0,0,0,0
Zahnmedizin,NE,nReglementiert,0,0,0,0,0,0,0,0,0
Zahnmedizin,GE,abt-total,54,0,54,4,0,4,50,0,50
Zahnmedizin,GE,EFZ,54,0,54,4,0,4,50,0,50
Zahnmedizin,GE,EBA,0,0,0,0,0,0,0,0,0
Zahnmedizin,GE,nReglementiert,0,0,0,0,0,0,0,0,0
Zahnmedizin,JU,abt-total,3,0,3,0,0,0,3,0,3
Zahnmedizin,JU,EFZ,3,0,3,0,0,0,3,0,3
Zahnmedizin,JU,EBA,0,0,0,0,0,0,0,0,0
Zahnmedizin,JU,nReglementiert,0,0,0,0,0,0,0,0,0
Sozialarbeit und Beratung,,abt-total,2561,282,2279,359,38,321,2202,244,1958
Sozialarbeit und Beratung,,EFZ,2561,282,2279,359,38,321,2202,244,1958
Sozialarbeit und Beratung,,EBA,0,0,0,0,0,0,0,0,0
Sozialarbeit und Beratung,,nReglementiert,0,0,0,0,0,0,0,0,0
Sozialarbeit und Beratung,ZH,abt-total,599,0,599,58,0,58,541,0,541
Sozialarbeit und Beratung,ZH,EFZ,599,0,599,58,0,58,541,0,541
Sozialarbeit und Beratung,ZH,EBA,0,0,0,0,0,0,0,0,0
Sozialarbeit und Beratung,ZH,nReglementiert,0,0,0,0,0,0,0,0,0
Sozialarbeit und Beratung,BE,abt-total,311,30,281,35,4,31,276,26,250
Sozialarbeit und Beratung,BE,EFZ,311,30,281,35,4,31,276,26,250
Sozialarbeit und Beratung,BE,EBA,0,0,0,0,0,0,0,0,0
Sozialarbeit und Beratung,BE,nReglementiert,0,0,0,0,0,0,0,0,0
Sozialarbeit und Beratung,LU,abt-total,86,0,86,6,0,6,80,0,80
Sozialarbeit und Beratung,LU,EFZ,86,0,86,6,0,6,80,0,80
Sozialarbeit und Beratung,LU,EBA,0,0,0,0,0,0,0,0,0
Sozialarbeit und Beratung,LU,nReglementiert,0,0,0,0,0,0,0,0,0
Sozialarbeit und Beratung,UR,abt-total,8,0,8,1,0,1,7,0,7
Sozialarbeit und Beratung,UR,EFZ,8,0,8,1,0,1,7,0,7
Sozialarbeit und Beratung,UR,EBA,0,0,0,0,0,0,0,0,0
Sozialarbeit und Beratung,UR,nReglementiert,0,0,0,0,0,0,0,0,0
Sozialarbeit und Beratung,SZ,abt-total,23,0,23,0,0,0,23,0,23
Sozialarbeit und Beratung,SZ,EFZ,23,0,23,0,0,0,23,0,23
Sozialarbeit und Beratung,SZ,EBA,0,0,0,0,0,0,0,0,0
Sozialarbeit und Beratung,SZ,nReglementiert,0,0,0,0,0,0,0,0,0
Sozialarbeit und Beratung,OW,abt-total,2,0,2,1,0,1,1,0,1
Sozialarbeit und Beratung,OW,EFZ,2,0,2,1,0,1,1,0,1
Sozialarbeit und Beratung,OW,EBA,0,0,0,0,0,0,0,0,0
Sozialarbeit und Beratung,OW,nReglementiert,0,0,0,0,0,0,0,0,0
Sozialarbeit und Beratung,NW,abt-total,10,0,10,2,0,2,8,0,8
Sozialarbeit und Beratung,NW,EFZ,10,0,10,2,0,2,8,0,8
Sozialarbeit und Beratung,NW,EBA,0,0,0,0,0,0,0,0,0
Sozialarbeit und Beratung,NW,nReglementiert,0,0,0,0,0,0,0,0,0
Sozialarbeit und Beratung,GL,abt-total,10,0,10,0,0,0,10,0,10
Sozialarbeit und Beratung,GL,EFZ,10,0,10,0,0,0,10,0,10
Sozialarbeit und Beratung,GL,EBA,0,0,0,0,0,0,0,0,0
Sozialarbeit und Beratung,GL,nReglementiert,0,0,0,0,0,0,0,0,0
Sozialarbeit und Beratung,ZG,abt-total,29,0,29,1,0,1,28,0,28
Sozialarbeit und Beratung,ZG,EFZ,29,0,29,1,0,1,28,0,28
Sozialarbeit und Beratung,ZG,EBA,0,0,0,0,0,0,0,0,0
Sozialarbeit und Beratung,ZG,nReglementiert,0,0,0,0,0,0,0,0,0
Sozialarbeit und Beratung,FR,abt-total,71,1,70,13,0,13,58,1,57
Sozialarbeit und Beratung,FR,EFZ,71,1,70,13,0,13,58,1,57
Sozialarbeit und Beratung,FR,EBA,0,0,0,0,0,0,0,0,0
Sozialarbeit und Beratung,FR,nReglementiert,0,0,0,0,0,0,0,0,0
Sozialarbeit und Beratung,SO,abt-total,55,0,55,8,0,8,47,0,47
Sozialarbeit und Beratung,SO,EFZ,55,0,55,8,0,8,47,0,47
Sozialarbeit und Beratung,SO,EBA,0,0,0,0,0,0,0,0,0
Sozialarbeit und Beratung,SO,nReglementiert,0,0,0,0,0,0,0,0,0
Sozialarbeit und Beratung,BS,abt-total,101,0,101,16,0,16,85,0,85
Sozialarbeit und Beratung,BS,EFZ,101,0,101,16,0,16,85,0,85
Sozialarbeit und Beratung,BS,EBA,0,0,0,0,0,0,0,0,0
Sozialarbeit und Beratung,BS,nReglementiert,0,0,0,0,0,0,0,0,0
Sozialarbeit und Beratung,BL,abt-total,64,0,64,11,0,11,53,0,53
Sozialarbeit und Beratung,BL,EFZ,64,0,64,11,0,11,53,0,53
Sozialarbeit und Beratung,BL,EBA,0,0,0,0,0,0,0,0,0
Sozialarbeit und Beratung,Bl,nReglementiert,0,0,0,0,0,0,0,0,0
Sozialarbeit und Beratung,SH,abt-total,28,0,28,4,0,4,24,0,24
Sozialarbeit und Beratung,SH,EFZ,28,0,28,4,0,4,24,0,24
Sozialarbeit und Beratung,SH,EBA,0,0,0,0,0,0,0,0,0
Sozialarbeit und Beratung,SH,nReglementiert,0,0,0,0,0,0,0,0,0
Sozialarbeit und Beratung,AR,abt-total,34,0,34,6,0,6,28,0,28
Sozialarbeit und Beratung,AR,EFZ,34,0,34,6,0,6,28,0,28
Sozialarbeit und Beratung,AR,EBA,0,0,0,0,0,0,0,0,0
Sozialarbeit und Beratung,AR,nReglementiert,0,0,0,0,0,0,0,0,0
Sozialarbeit und Beratung,AI,abt-total,1,0,1,0,0,0,1,0,1
Sozialarbeit und Beratung,AI,EFZ,1,0,1,0,0,0,1,0,1
Sozialarbeit und Beratung,AI,EBA,0,0,0,0,0,0,0,0,0
Sozialarbeit und Beratung,AI,nReglementiert,0,0,0,0,0,0,0,0,0
Sozialarbeit und Beratung,SG,abt-total,163,0,163,25,0,25,138,0,138
Sozialarbeit und Beratung,SG,EFZ,163,0,163,25,0,25,138,0,138
Sozialarbeit und Beratung,SG,EBA,0,0,0,0,0,0,0,0,0
Sozialarbeit und Beratung,SG,nReglementiert,0,0,0,0,0,0,0,0,0
Sozialarbeit und Beratung,GR,abt-total,33,0,33,5,0,5,28,0,28
Sozialarbeit und Beratung,GR,EFZ,33,0,33,5,0,5,28,0,28
Sozialarbeit und Beratung,GR,EBA,0,0,0,0,0,0,0,0,0
Sozialarbeit und Beratung,GR,nReglementiert,0,0,0,0,0,0,0,0,0
Sozialarbeit und Beratung,AG,abt-total,168,0,168,21,0,21,147,0,147
Sozialarbeit und Beratung,AG,EFZ,168,0,168,21,0,21,147,0,147
Sozialarbeit und Beratung,AG,EBA,0,0,0,0,0,0,0,0,0
Sozialarbeit und Beratung,AG,nReglementiert,0,0,0,0,0,0,0,0,0
Sozialarbeit und Beratung,TG,abt-total,65,0,65,10,0,10,55,0,55
Sozialarbeit und Beratung,TG,EFZ,65,0,65,10,0,10,55,0,55
Sozialarbeit und Beratung,TG,EBA,0,0,0,0,0,0,0,0,0
Sozialarbeit und Beratung,TG,nReglementiert,0,0,0,0,0,0,0,0,0
Sozialarbeit und Beratung,TI,abt-total,42,0,42,10,0,10,32,0,32
Sozialarbeit und Beratung,TI,EFZ,42,0,42,10,0,10,32,0,32
Sozialarbeit und Beratung,TI,EBA,0,0,0,0,0,0,0,0,0
Sozialarbeit und Beratung,TI,nReglementiert,0,0,0,0,0,0,0,0,0
Sozialarbeit und Beratung,VD,abt-total,291,88,203,54,13,41,237,75,162
Sozialarbeit und Beratung,VD,EFZ,291,88,203,54,13,41,237,75,162
Sozialarbeit und Beratung,VD,EBA,0,0,0,0,0,0,0,0,0
Sozialarbeit und Beratung,VD,nReglementiert,0,0,0,0,0,0,0,0,0
Sozialarbeit und Beratung,VS,abt-total,94,35,59,11,2,9,83,33,50
Sozialarbeit und Beratung,VS,EFZ,94,35,59,11,2,9,83,33,50
Sozialarbeit und Beratung,VS,EBA,0,0,0,0,0,0,0,0,0
Sozialarbeit und Beratung,VS,nReglementiert,0,0,0,0,0,0,0,0,0
Sozialarbeit und Beratung,NE,abt-total,132,64,68,24,8,16,108,56,52
Sozialarbeit und Beratung,NE,EFZ,132,64,68,24,8,16,108,56,52
Sozialarbeit und Beratung,NE,EBA,0,0,0,0,0,0,0,0,0
Sozialarbeit und Beratung,NE,nReglementiert,0,0,0,0,0,0,0,0,0
Sozialarbeit und Beratung,GE,abt-total,103,26,77,31,5,26,72,21,51
Sozialarbeit und Beratung,GE,EFZ,103,26,77,31,5,26,72,21,51
Sozialarbeit und Beratung,GE,EBA,0,0,0,0,0,0,0,0,0
Sozialarbeit und Beratung,GE,nReglementiert,0,0,0,0,0,0,0,0,0
Sozialarbeit und Beratung,JU,abt-total,38,38,0,6,6,0,32,32,0
Sozialarbeit und Beratung,JU,EFZ,38,38,0,6,6,0,32,32,0
Sozialarbeit und Beratung,JU,EBA,0,0,0,0,0,0,0,0,0
Sozialarbeit und Beratung,JU,nReglementiert,0,0,0,0,0,0,0,0,0
Gesundheits- und Sozialwesen o.n.A.,,abt-total,0,0,0,0,0,0,0,0,0
Gesundheits- und Sozialwesen o.n.A.,,EFZ,0,0,0,0,0,0,0,0,0
Gesundheits- und Sozialwesen o.n.A.,,EBA,0,0,0,0,0,0,0,0,0
Gesundheits- und Sozialwesen o.n.A.,,nReglementiert,0,0,0,0,0,0,0,0,0
Gesundheits- und Sozialwesen o.n.A.,ZH,abt-total,0,0,0,0,0,0,0,0,0
Gesundheits- und Sozialwesen o.n.A.,ZH,EFZ,0,0,0,0,0,0,0,0,0
Gesundheits- und Sozialwesen o.n.A.,ZH,EBA,0,0,0,0,0,0,0,0,0
Gesundheits- und Sozialwesen o.n.A.,ZH,nReglementiert,0,0,0,0,0,0,0,0,0
Gesundheits- und Sozialwesen o.n.A.,BE,abt-total,0,0,0,0,0,0,0,0,0
Gesundheits- und Sozialwesen o.n.A.,BE,EFZ,0,0,0,0,0,0,0,0,0
Gesundheits- und Sozialwesen o.n.A.,BE,EBA,0,0,0,0,0,0,0,0,0
Gesundheits- und Sozialwesen o.n.A.,BE,nReglementiert,0,0,0,0,0,0,0,0,0
Gesundheits- und Sozialwesen o.n.A.,LU,abt-total,0,0,0,0,0,0,0,0,0
Gesundheits- und Sozialwesen o.n.A.,LU,EFZ,0,0,0,0,0,0,0,0,0
Gesundheits- und Sozialwesen o.n.A.,LU,EBA,0,0,0,0,0,0,0,0,0
Gesundheits- und Sozialwesen o.n.A.,LU,nReglementiert,0,0,0,0,0,0,0,0,0
Gesundheits- und Sozialwesen o.n.A.,UR,abt-total,0,0,0,0,0,0,0,0,0
Gesundheits- und Sozialwesen o.n.A.,UR,EFZ,0,0,0,0,0,0,0,0,0
Gesundheits- und Sozialwesen o.n.A.,UR,EBA,0,0,0,0,0,0,0,0,0
Gesundheits- und Sozialwesen o.n.A.,UR,nReglementiert,0,0,0,0,0,0,0,0,0
Gesundheits- und Sozialwesen o.n.A.,SZ,abt-total,0,0,0,0,0,0,0,0,0
Gesundheits- und Sozialwesen o.n.A.,SZ,EFZ,0,0,0,0,0,0,0,0,0
Gesundheits- und Sozialwesen o.n.A.,SZ,EBA,0,0,0,0,0,0,0,0,0
Gesundheits- und Sozialwesen o.n.A.,SZ,nReglementiert,0,0,0,0,0,0,0,0,0
Gesundheits- und Sozialwesen o.n.A.,OW,abt-total,0,0,0,0,0,0,0,0,0
Gesundheits- und Sozialwesen o.n.A.,OW,EFZ,0,0,0,0,0,0,0,0,0
Gesundheits- und Sozialwesen o.n.A.,OW,EBA,0,0,0,0,0,0,0,0,0
Gesundheits- und Sozialwesen o.n.A.,OW,nReglementiert,0,0,0,0,0,0,0,0,0
Gesundheits- und Sozialwesen o.n.A.,NW,abt-total,0,0,0,0,0,0,0,0,0
Gesundheits- und Sozialwesen o.n.A.,NW,EFZ,0,0,0,0,0,0,0,0,0
Gesundheits- und Sozialwesen o.n.A.,NW,EBA,0,0,0,0,0,0,0,0,0
Gesundheits- und Sozialwesen o.n.A.,NW,nReglementiert,0,0,0,0,0,0,0,0,0
Gesundheits- und Sozialwesen o.n.A.,GL,abt-total,0,0,0,0,0,0,0,0,0
Gesundheits- und Sozialwesen o.n.A.,GL,EFZ,0,0,0,0,0,0,0,0,0
Gesundheits- und Sozialwesen o.n.A.,GL,EBA,0,0,0,0,0,0,0,0,0
Gesundheits- und Sozialwesen o.n.A.,GL,nReglementiert,0,0,0,0,0,0,0,0,0
Gesundheits- und Sozialwesen o.n.A.,ZG,abt-total,0,0,0,0,0,0,0,0,0
Gesundheits- und Sozialwesen o.n.A.,ZG,EFZ,0,0,0,0,0,0,0,0,0
Gesundheits- und Sozialwesen o.n.A.,ZG,EBA,0,0,0,0,0,0,0,0,0
Gesundheits- und Sozialwesen o.n.A.,ZG,nReglementiert,0,0,0,0,0,0,0,0,0
Gesundheits- und Sozialwesen o.n.A.,FR,abt-total,0,0,0,0,0,0,0,0,0
Gesundheits- und Sozialwesen o.n.A.,FR,EFZ,0,0,0,0,0,0,0,0,0
Gesundheits- und Sozialwesen o.n.A.,FR,EBA,0,0,0,0,0,0,0,0,0
Gesundheits- und Sozialwesen o.n.A.,FR,nReglementiert,0,0,0,0,0,0,0,0,0
Gesundheits- und Sozialwesen o.n.A.,SO,abt-total,0,0,0,0,0,0,0,0,0
Gesundheits- und Sozialwesen o.n.A.,SO,EFZ,0,0,0,0,0,0,0,0,0
Gesundheits- und Sozialwesen o.n.A.,SO,EBA,0,0,0,0,0,0,0,0,0
Gesundheits- und Sozialwesen o.n.A.,SO,nReglementiert,0,0,0,0,0,0,0,0,0
Gesundheits- und Sozialwesen o.n.A.,BS,abt-total,0,0,0,0,0,0,0,0,0
Gesundheits- und Sozialwesen o.n.A.,BS,EFZ,0,0,0,0,0,0,0,0,0
Gesundheits- und Sozialwesen o.n.A.,BS,EBA,0,0,0,0,0,0,0,0,0
Gesundheits- und Sozialwesen o.n.A.,BS,nReglementiert,0,0,0,0,0,0,0,0,0
Gesundheits- und Sozialwesen o.n.A.,BL,abt-total,0,0,0,0,0,0,0,0,0
Gesundheits- und Sozialwesen o.n.A.,BL,EFZ,0,0,0,0,0,0,0,0,0
Gesundheits- und Sozialwesen o.n.A.,BL,EBA,0,0,0,0,0,0,0,0,0
Gesundheits- und Sozialwesen o.n.A.,Bl,nReglementiert,0,0,0,0,0,0,0,0,0
Gesundheits- und Sozialwesen o.n.A.,SH,abt-total,0,0,0,0,0,0,0,0,0
Gesundheits- und Sozialwesen o.n.A.,SH,EFZ,0,0,0,0,0,0,0,0,0
Gesundheits- und Sozialwesen o.n.A.,SH,EBA,0,0,0,0,0,0,0,0,0
Gesundheits- und Sozialwesen o.n.A.,SH,nReglementiert,0,0,0,0,0,0,0,0,0
Gesundheits- und Sozialwesen o.n.A.,AR,abt-total,0,0,0,0,0,0,0,0,0
Gesundheits- und Sozialwesen o.n.A.,AR,EFZ,0,0,0,0,0,0,0,0,0
Gesundheits- und Sozialwesen o.n.A.,AR,EBA,0,0,0,0,0,0,0,0,0
Gesundheits- und Sozialwesen o.n.A.,AR,nReglementiert,0,0,0,0,0,0,0,0,0
Gesundheits- und Sozialwesen o.n.A.,AI,abt-total,0,0,0,0,0,0,0,0,0
Gesundheits- und Sozialwesen o.n.A.,AI,EFZ,0,0,0,0,0,0,0,0,0
Gesundheits- und Sozialwesen o.n.A.,AI,EBA,0,0,0,0,0,0,0,0,0
Gesundheits- und Sozialwesen o.n.A.,AI,nReglementiert,0,0,0,0,0,0,0,0,0
Gesundheits- und Sozialwesen o.n.A.,SG,abt-total,0,0,0,0,0,0,0,0,0
Gesundheits- und Sozialwesen o.n.A.,SG,EFZ,0,0,0,0,0,0,0,0,0
Gesundheits- und Sozialwesen o.n.A.,SG,EBA,0,0,0,0,0,0,0,0,0
Gesundheits- und Sozialwesen o.n.A.,SG,nReglementiert,0,0,0,0,0,0,0,0,0
Gesundheits- und Sozialwesen o.n.A.,GR,abt-total,0,0,0,0,0,0,0,0,0
Gesundheits- und Sozialwesen o.n.A.,GR,EFZ,0,0,0,0,0,0,0,0,0
Gesundheits- und Sozialwesen o.n.A.,GR,EBA,0,0,0,0,0,0,0,0,0
Gesundheits- und Sozialwesen o.n.A.,GR,nReglementiert,0,0,0,0,0,0,0,0,0
Gesundheits- und Sozialwesen o.n.A.,AG,abt-total,0,0,0,0,0,0,0,0,0
Gesundheits- und Sozialwesen o.n.A.,AG,EFZ,0,0,0,0,0,0,0,0,0
Gesundheits- und Sozialwesen o.n.A.,AG,EBA,0,0,0,0,0,0,0,0,0
Gesundheits- und Sozialwesen o.n.A.,AG,nReglementiert,0,0,0,0,0,0,0,0,0
Gesundheits- und Sozialwesen o.n.A.,TG,abt-total,0,0,0,0,0,0,0,0,0
Gesundheits- und Sozialwesen o.n.A.,TG,EFZ,0,0,0,0,0,0,0,0,0
Gesundheits- und Sozialwesen o.n.A.,TG,EBA,0,0,0,0,0,0,0,0,0
Gesundheits- und Sozialwesen o.n.A.,TG,nReglementiert,0,0,0,0,0,0,0,0,0
Gesundheits- und Sozialwesen o.n.A.,TI,abt-total,0,0,0,0,0,0,0,0,0
Gesundheits- und Sozialwesen o.n.A.,TI,EFZ,0,0,0,0,0,0,0,0,0
Gesundheits- und Sozialwesen o.n.A.,TI,EBA,0,0,0,0,0,0,0,0,0
Gesundheits- und Sozialwesen o.n.A.,TI,nReglementiert,0,0,0,0,0,0,0,0,0
Gesundheits- und Sozialwesen o.n.A.,VD,abt-total,0,0,0,0,0,0,0,0,0
Gesundheits- und Sozialwesen o.n.A.,VD,EFZ,0,0,0,0,0,0,0,0,0
Gesundheits- und Sozialwesen o.n.A.,VD,EBA,0,0,0,0,0,0,0,0,0
Gesundheits- und Sozialwesen o.n.A.,VD,nReglementiert,0,0,0,0,0,0,0,0,0
Gesundheits- und Sozialwesen o.n.A.,VS,abt-total,0,0,0,0,0,0,0,0,0
Gesundheits- und Sozialwesen o.n.A.,VS,EFZ,0,0,0,0,0,0,0,0,0
Gesundheits- und Sozialwesen o.n.A.,VS,EBA,0,0,0,0,0,0,0,0,0
Gesundheits- und Sozialwesen o.n.A.,VS,nReglementiert,0,0,0,0,0,0,0,0,0
Gesundheits- und Sozialwesen o.n.A.,NE,abt-total,0,0,0,0,0,0,0,0,0
Gesundheits- und Sozialwesen o.n.A.,NE,EFZ,0,0,0,0,0,0,0,0,0
Gesundheits- und Sozialwesen o.n.A.,NE,EBA,0,0,0,0,0,0,0,0,0
Gesundheits- und Sozialwesen o.n.A.,NE,nReglementiert,0,0,0,0,0,0,0,0,0
Gesundheits- und Sozialwesen o.n.A.,GE,abt-total,0,0,0,0,0,0,0,0,0
Gesundheits- und Sozialwesen o.n.A.,GE,EFZ,0,0,0,0,0,0,0,0,0
Gesundheits- und Sozialwesen o.n.A.,GE,EBA,0,0,0,0,0,0,0,0,0
Gesundheits- und Sozialwesen o.n.A.,GE,nReglementiert,0,0,0,0,0,0,0,0,0
Gesundheits- und Sozialwesen o.n.A.,JU,abt-total,0,0,0,0,0,0,0,0,0
Gesundheits- und Sozialwesen o.n.A.,JU,EFZ,0,0,0,0,0,0,0,0,0
Gesundheits- und Sozialwesen o.n.A.,JU,EBA,0,0,0,0,0,0,0,0,0
Gesundheits- und Sozialwesen o.n.A.,JU,nReglementiert,0,0,0,0,0,0,0,0,0
Gastgewerbe und Catering,,abt-total,3812,10,3802,1799,3,1796,2013,7,2006
Gastgewerbe und Catering,,EFZ,3269,1,3268,1520,1,1519,1749,0,1749
Gastgewerbe und Catering,,EBA,543,9,534,279,2,277,264,7,257
Gastgewerbe und Catering,,nReglementiert,0,0,0,0,0,0,0,0,0
Gastgewerbe und Catering,ZH,abt-total,664,3,661,340,3,337,324,0,324
Gastgewerbe und Catering,ZH,EFZ,562,1,561,284,1,283,278,0,278
Gastgewerbe und Catering,ZH,EBA,102,2,100,56,2,54,46,0,46
Gastgewerbe und Catering,ZH,nReglementiert,0,0,0,0,0,0,0,0,0
Gastgewerbe und Catering,BE,abt-total,581,0,581,255,0,255,326,0,326
Gastgewerbe und Catering,BE,EFZ,499,0,499,219,0,219,280,0,280
Gastgewerbe und Catering,BE,EBA,82,0,82,36,0,36,46,0,46
Gastgewerbe und Catering,BE,nReglementiert,0,0,0,0,0,0,0,0,0
Gastgewerbe und Catering,LU,abt-total,207,0,207,83,0,83,124,0,124
Gastgewerbe und Catering,LU,EFZ,173,0,173,70,0,70,103,0,103
Gastgewerbe und Catering,LU,EBA,34,0,34,13,0,13,21,0,21
Gastgewerbe und Catering,LU,nReglementiert,0,0,0,0,0,0,0,0,0
Gastgewerbe und Catering,UR,abt-total,17,0,17,5,0,5,12,0,12
Gastgewerbe und Catering,UR,EFZ,17,0,17,5,0,5,12,0,12
Gastgewerbe und Catering,UR,EBA,0,0,0,0,0,0,0,0,0
Gastgewerbe und Catering,UR,nReglementiert,0,0,0,0,0,0,0,0,0
Gastgewerbe und Catering,SZ,abt-total,78,0,78,38,0,38,40,0,40
Gastgewerbe und Catering,SZ,EFZ,72,0,72,34,0,34,38,0,38
Gastgewerbe und Catering,SZ,EBA,6,0,6,4,0,4,2,0,2
Gastgewerbe und Catering,SZ,nReglementiert,0,0,0,0,0,0,0,0,0
Gastgewerbe und Catering,OW,abt-total,21,0,21,11,0,11,10,0,10
Gastgewerbe und Catering,OW,EFZ,19,0,19,10,0,10,9,0,9
Gastgewerbe und Catering,OW,EBA,2,0,2,1,0,1,1,0,1
Gastgewerbe und Catering,OW,nReglementiert,0,0,0,0,0,0,0,0,0
Gastgewerbe und Catering,NW,abt-total,23,0,23,7,0,7,16,0,16
Gastgewerbe und Catering,NW,EFZ,23,0,23,7,0,7,16,0,16
Gastgewerbe und Catering,NW,EBA,0,0,0,0,0,0,0,0,0
Gastgewerbe und Catering,NW,nReglementiert,0,0,0,0,0,0,0,0,0
Gastgewerbe und Catering,GL,abt-total,33,0,33,17,0,17,16,0,16
Gastgewerbe und Catering,GL,EFZ,30,0,30,15,0,15,15,0,15
Gastgewerbe und Catering,GL,EBA,3,0,3,2,0,2,1,0,1
Gastgewerbe und Catering,GL,nReglementiert,0,0,0,0,0,0,0,0,0
Gastgewerbe und Catering,ZG,abt-total,54,0,54,22,0,22,32,0,32
Gastgewerbe und Catering,ZG,EFZ,51,0,51,20,0,20,31,0,31
Gastgewerbe und Catering,ZG,EBA,3,0,3,2,0,2,1,0,1
Gastgewerbe und Catering,ZG,nReglementiert,0,0,0,0,0,0,0,0,0
Gastgewerbe und Catering,FR,abt-total,128,7,121,66,0,66,62,7,55
Gastgewerbe und Catering,FR,EFZ,113,0,113,64,0,64,49,0,49
Gastgewerbe und Catering,FR,EBA,15,7,8,2,0,2,13,7,6
Gastgewerbe und Catering,FR,nReglementiert,0,0,0,0,0,0,0,0,0
Gastgewerbe und Catering,SO,abt-total,126,0,126,50,0,50,76,0,76
Gastgewerbe und Catering,SO,EFZ,102,0,102,37,0,37,65,0,65
Gastgewerbe und Catering,SO,EBA,24,0,24,13,0,13,11,0,11
Gastgewerbe und Catering,SO,nReglementiert,0,0,0,0,0,0,0,0,0
Gastgewerbe und Catering,BS,abt-total,110,0,110,53,0,53,57,0,57
Gastgewerbe und Catering,BS,EFZ,84,0,84,39,0,39,45,0,45
Gastgewerbe und Catering,BS,EBA,26,0,26,14,0,14,12,0,12
Gastgewerbe und Catering,BS,nReglementiert,0,0,0,0,0,0,0,0,0
Gastgewerbe und Catering,BL,abt-total,102,0,102,58,0,58,44,0,44
Gastgewerbe und Catering,BL,EFZ,80,0,80,43,0,43,37,0,37
Gastgewerbe und Catering,BL,EBA,22,0,22,15,0,15,7,0,7
Gastgewerbe und Catering,Bl,nReglementiert,0,0,0,0,0,0,0,0,0
Gastgewerbe und Catering,SH,abt-total,55,0,55,22,0,22,33,0,33
Gastgewerbe und Catering,SH,EFZ,47,0,47,16,0,16,31,0,31
Gastgewerbe und Catering,SH,EBA,8,0,8,6,0,6,2,0,2
Gastgewerbe und Catering,SH,nReglementiert,0,0,0,0,0,0,0,0,0
Gastgewerbe und Catering,AR,abt-total,38,0,38,19,0,19,19,0,19
Gastgewerbe und Catering,AR,EFZ,36,0,36,19,0,19,17,0,17
Gastgewerbe und Catering,AR,EBA,2,0,2,0,0,0,2,0,2
Gastgewerbe und Catering,AR,nReglementiert,0,0,0,0,0,0,0,0,0
Gastgewerbe und Catering,AI,abt-total,18,0,18,3,0,3,15,0,15
Gastgewerbe und Catering,AI,EFZ,18,0,18,3,0,3,15,0,15
Gastgewerbe und Catering,AI,EBA,0,0,0,0,0,0,0,0,0
Gastgewerbe und Catering,AI,nReglementiert,0,0,0,0,0,0,0,0,0
Gastgewerbe und Catering,SG,abt-total,262,0,262,99,0,99,163,0,163
Gastgewerbe und Catering,SG,EFZ,223,0,223,88,0,88,135,0,135
Gastgewerbe und Catering,SG,EBA,39,0,39,11,0,11,28,0,28
Gastgewerbe und Catering,SG,nReglementiert,0,0,0,0,0,0,0,0,0
Gastgewerbe und Catering,GR,abt-total,207,0,207,77,0,77,130,0,130
Gastgewerbe und Catering,GR,EFZ,187,0,187,67,0,67,120,0,120
Gastgewerbe und Catering,GR,EBA,20,0,20,10,0,10,10,0,10
Gastgewerbe und Catering,GR,nReglementiert,0,0,0,0,0,0,0,0,0
Gastgewerbe und Catering,AG,abt-total,248,0,248,106,0,106,142,0,142
Gastgewerbe und Catering,AG,EFZ,229,0,229,96,0,96,133,0,133
Gastgewerbe und Catering,AG,EBA,19,0,19,10,0,10,9,0,9
Gastgewerbe und Catering,AG,nReglementiert,0,0,0,0,0,0,0,0,0
Gastgewerbe und Catering,TG,abt-total,115,0,115,59,0,59,56,0,56
Gastgewerbe und Catering,TG,EFZ,97,0,97,48,0,48,49,0,49
Gastgewerbe und Catering,TG,EBA,18,0,18,11,0,11,7,0,7
Gastgewerbe und Catering,TG,nReglementiert,0,0,0,0,0,0,0,0,0
Gastgewerbe und Catering,TI,abt-total,100,0,100,66,0,66,34,0,34
Gastgewerbe und Catering,TI,EFZ,82,0,82,54,0,54,28,0,28
Gastgewerbe und Catering,TI,EBA,18,0,18,12,0,12,6,0,6
Gastgewerbe und Catering,TI,nReglementiert,0,0,0,0,0,0,0,0,0
Gastgewerbe und Catering,VD,abt-total,285,0,285,151,0,151,134,0,134
Gastgewerbe und Catering,VD,EFZ,253,0,253,130,0,130,123,0,123
Gastgewerbe und Catering,VD,EBA,32,0,32,21,0,21,11,0,11
Gastgewerbe und Catering,VD,nReglementiert,0,0,0,0,0,0,0,0,0
Gastgewerbe und Catering,VS,abt-total,137,0,137,66,0,66,71,0,71
Gastgewerbe und Catering,VS,EFZ,112,0,112,53,0,53,59,0,59
Gastgewerbe und Catering,VS,EBA,25,0,25,13,0,13,12,0,12
Gastgewerbe und Catering,VS,nReglementiert,0,0,0,0,0,0,0,0,0
Gastgewerbe und Catering,NE,abt-total,82,0,82,45,0,45,37,0,37
Gastgewerbe und Catering,NE,EFZ,68,0,68,37,0,37,31,0,31
Gastgewerbe und Catering,NE,EBA,14,0,14,8,0,8,6,0,6
Gastgewerbe und Catering,NE,nReglementiert,0,0,0,0,0,0,0,0,0
Gastgewerbe und Catering,GE,abt-total,101,0,101,65,0,65,36,0,36
Gastgewerbe und Catering,GE,EFZ,75,0,75,47,0,47,28,0,28
Gastgewerbe und Catering,GE,EBA,26,0,26,18,0,18,8,0,8
Gastgewerbe und Catering,GE,nReglementiert,0,0,0,0,0,0,0,0,0
Gastgewerbe und Catering,JU,abt-total,20,0,20,16,0,16,4,0,4
Gastgewerbe und Catering,JU,EFZ,17,0,17,15,0,15,2,0,2
Gastgewerbe und Catering,JU,EBA,3,0,3,1,0,1,2,0,2
Gastgewerbe und Catering,JU,nReglementiert,0,0,0,0,0,0,0,0,0
"Reisebüros, Fremdenverkehrgewerbe und Freizeitindustrie",,abt-total,33,33,0,7,7,0,26,26,0
"Reisebüros, Fremdenverkehrgewerbe und Freizeitindustrie",,EFZ,0,0,0,0,0,0,0,0,0
"Reisebüros, Fremdenverkehrgewerbe und Freizeitindustrie",,EBA,0,0,0,0,0,0,0,0,0
"Reisebüros, Fremdenverkehrgewerbe und Freizeitindustrie",,nReglementiert,33,33,0,7,7,0,26,26,0
"Reisebüros, Fremdenverkehrgewerbe und Freizeitindustrie",ZH,abt-total,0,0,0,0,0,0,0,0,0
"Reisebüros, Fremdenverkehrgewerbe und Freizeitindustrie",ZH,EFZ,0,0,0,0,0,0,0,0,0
"Reisebüros, Fremdenverkehrgewerbe und Freizeitindustrie",ZH,EBA,0,0,0,0,0,0,0,0,0
"Reisebüros, Fremdenverkehrgewerbe und Freizeitindustrie",ZH,nReglementiert,0,0,0,0,0,0,0,0,0
"Reisebüros, Fremdenverkehrgewerbe und Freizeitindustrie",BE,abt-total,0,0,0,0,0,0,0,0,0
"Reisebüros, Fremdenverkehrgewerbe und Freizeitindustrie",BE,EFZ,0,0,0,0,0,0,0,0,0
"Reisebüros, Fremdenverkehrgewerbe und Freizeitindustrie",BE,EBA,0,0,0,0,0,0,0,0,0
"Reisebüros, Fremdenverkehrgewerbe und Freizeitindustrie",BE,nReglementiert,0,0,0,0,0,0,0,0,0
"Reisebüros, Fremdenverkehrgewerbe und Freizeitindustrie",LU,abt-total,0,0,0,0,0,0,0,0,0
"Reisebüros, Fremdenverkehrgewerbe und Freizeitindustrie",LU,EFZ,0,0,0,0,0,0,0,0,0
"Reisebüros, Fremdenverkehrgewerbe und Freizeitindustrie",LU,EBA,0,0,0,0,0,0,0,0,0
"Reisebüros, Fremdenverkehrgewerbe und Freizeitindustrie",LU,nReglementiert,0,0,0,0,0,0,0,0,0
"Reisebüros, Fremdenverkehrgewerbe und Freizeitindustrie",UR,abt-total,0,0,0,0,0,0,0,0,0
"Reisebüros, Fremdenverkehrgewerbe und Freizeitindustrie",UR,EFZ,0,0,0,0,0,0,0,0,0
"Reisebüros, Fremdenverkehrgewerbe und Freizeitindustrie",UR,EBA,0,0,0,0,0,0,0,0,0
"Reisebüros, Fremdenverkehrgewerbe und Freizeitindustrie",UR,nReglementiert,0,0,0,0,0,0,0,0,0
"Reisebüros, Fremdenverkehrgewerbe und Freizeitindustrie",SZ,abt-total,0,0,0,0,0,0,0,0,0
"Reisebüros, Fremdenverkehrgewerbe und Freizeitindustrie",SZ,EFZ,0,0,0,0,0,0,0,0,0
"Reisebüros, Fremdenverkehrgewerbe und Freizeitindustrie",SZ,EBA,0,0,0,0,0,0,0,0,0
"Reisebüros, Fremdenverkehrgewerbe und Freizeitindustrie",SZ,nReglementiert,0,0,0,0,0,0,0,0,0
"Reisebüros, Fremdenverkehrgewerbe und Freizeitindustrie",OW,abt-total,0,0,0,0,0,0,0,0,0
"Reisebüros, Fremdenverkehrgewerbe und Freizeitindustrie",OW,EFZ,0,0,0,0,0,0,0,0,0
"Reisebüros, Fremdenverkehrgewerbe und Freizeitindustrie",OW,EBA,0,0,0,0,0,0,0,0,0
"Reisebüros, Fremdenverkehrgewerbe und Freizeitindustrie",OW,nReglementiert,0,0,0,0,0,0,0,0,0
"Reisebüros, Fremdenverkehrgewerbe und Freizeitindustrie",NW,abt-total,0,0,0,0,0,0,0,0,0
"Reisebüros, Fremdenverkehrgewerbe und Freizeitindustrie",NW,EFZ,0,0,0,0,0,0,0,0,0
"Reisebüros, Fremdenverkehrgewerbe und Freizeitindustrie",NW,EBA,0,0,0,0,0,0,0,0,0
"Reisebüros, Fremdenverkehrgewerbe und Freizeitindustrie",NW,nReglementiert,0,0,0,0,0,0,0,0,0
"Reisebüros, Fremdenverkehrgewerbe und Freizeitindustrie",GL,abt-total,0,0,0,0,0,0,0,0,0
"Reisebüros, Fremdenverkehrgewerbe und Freizeitindustrie",GL,EFZ,0,0,0,0,0,0,0,0,0
"Reisebüros, Fremdenverkehrgewerbe und Freizeitindustrie",GL,EBA,0,0,0,0,0,0,0,0,0
"Reisebüros, Fremdenverkehrgewerbe und Freizeitindustrie",GL,nReglementiert,0,0,0,0,0,0,0,0,0
"Reisebüros, Fremdenverkehrgewerbe und Freizeitindustrie",ZG,abt-total,0,0,0,0,0,0,0,0,0
"Reisebüros, Fremdenverkehrgewerbe und Freizeitindustrie",ZG,EFZ,0,0,0,0,0,0,0,0,0
"Reisebüros, Fremdenverkehrgewerbe und Freizeitindustrie",ZG,EBA,0,0,0,0,0,0,0,0,0
"Reisebüros, Fremdenverkehrgewerbe und Freizeitindustrie",ZG,nReglementiert,0,0,0,0,0,0,0,0,0
"Reisebüros, Fremdenverkehrgewerbe und Freizeitindustrie",FR,abt-total,0,0,0,0,0,0,0,0,0
"Reisebüros, Fremdenverkehrgewerbe und Freizeitindustrie",FR,EFZ,0,0,0,0,0,0,0,0,0
"Reisebüros, Fremdenverkehrgewerbe und Freizeitindustrie",FR,EBA,0,0,0,0,0,0,0,0,0
"Reisebüros, Fremdenverkehrgewerbe und Freizeitindustrie",FR,nReglementiert,0,0,0,0,0,0,0,0,0
"Reisebüros, Fremdenverkehrgewerbe und Freizeitindustrie",SO,abt-total,0,0,0,0,0,0,0,0,0
"Reisebüros, Fremdenverkehrgewerbe und Freizeitindustrie",SO,EFZ,0,0,0,0,0,0,0,0,0
"Reisebüros, Fremdenverkehrgewerbe und Freizeitindustrie",SO,EBA,0,0,0,0,0,0,0,0,0
"Reisebüros, Fremdenverkehrgewerbe und Freizeitindustrie",SO,nReglementiert,0,0,0,0,0,0,0,0,0
"Reisebüros, Fremdenverkehrgewerbe und Freizeitindustrie",BS,abt-total,0,0,0,0,0,0,0,0,0
"Reisebüros, Fremdenverkehrgewerbe und Freizeitindustrie",BS,EFZ,0,0,0,0,0,0,0,0,0
"Reisebüros, Fremdenverkehrgewerbe und Freizeitindustrie",BS,EBA,0,0,0,0,0,0,0,0,0
"Reisebüros, Fremdenverkehrgewerbe und Freizeitindustrie",BS,nReglementiert,0,0,0,0,0,0,0,0,0
"Reisebüros, Fremdenverkehrgewerbe und Freizeitindustrie",BL,abt-total,0,0,0,0,0,0,0,0,0
"Reisebüros, Fremdenverkehrgewerbe und Freizeitindustrie",BL,EFZ,0,0,0,0,0,0,0,0,0
"Reisebüros, Fremdenverkehrgewerbe und Freizeitindustrie",BL,EBA,0,0,0,0,0,0,0,0,0
"Reisebüros, Fremdenverkehrgewerbe und Freizeitindustrie",Bl,nReglementiert,0,0,0,0,0,0,0,0,0
"Reisebüros, Fremdenverkehrgewerbe und Freizeitindustrie",SH,abt-total,0,0,0,0,0,0,0,0,0
"Reisebüros, Fremdenverkehrgewerbe und Freizeitindustrie",SH,EFZ,0,0,0,0,0,0,0,0,0
"Reisebüros, Fremdenverkehrgewerbe und Freizeitindustrie",SH,EBA,0,0,0,0,0,0,0,0,0
"Reisebüros, Fremdenverkehrgewerbe und Freizeitindustrie",SH,nReglementiert,0,0,0,0,0,0,0,0,0
"Reisebüros, Fremdenverkehrgewerbe und Freizeitindustrie",AR,abt-total,0,0,0,0,0,0,0,0,0
"Reisebüros, Fremdenverkehrgewerbe und Freizeitindustrie",AR,EFZ,0,0,0,0,0,0,0,0,0
"Reisebüros, Fremdenverkehrgewerbe und Freizeitindustrie",AR,EBA,0,0,0,0,0,0,0,0,0
"Reisebüros, Fremdenverkehrgewerbe und Freizeitindustrie",AR,nReglementiert,0,0,0,0,0,0,0,0,0
"Reisebüros, Fremdenverkehrgewerbe und Freizeitindustrie",AI,abt-total,0,0,0,0,0,0,0,0,0
"Reisebüros, Fremdenverkehrgewerbe und Freizeitindustrie",AI,EFZ,0,0,0,0,0,0,0,0,0
"Reisebüros, Fremdenverkehrgewerbe und Freizeitindustrie",AI,EBA,0,0,0,0,0,0,0,0,0
"Reisebüros, Fremdenverkehrgewerbe und Freizeitindustrie",AI,nReglementiert,0,0,0,0,0,0,0,0,0
"Reisebüros, Fremdenverkehrgewerbe und Freizeitindustrie",SG,abt-total,0,0,0,0,0,0,0,0,0
"Reisebüros, Fremdenverkehrgewerbe und Freizeitindustrie",SG,EFZ,0,0,0,0,0,0,0,0,0
"Reisebüros, Fremdenverkehrgewerbe und Freizeitindustrie",SG,EBA,0,0,0,0,0,0,0,0,0
"Reisebüros, Fremdenverkehrgewerbe und Freizeitindustrie",SG,nReglementiert,0,0,0,0,0,0,0,0,0
"Reisebüros, Fremdenverkehrgewerbe und Freizeitindustrie",GR,abt-total,0,0,0,0,0,0,0,0,0
"Reisebüros, Fremdenverkehrgewerbe und Freizeitindustrie",GR,EFZ,0,0,0,0,0,0,0,0,0
"Reisebüros, Fremdenverkehrgewerbe und Freizeitindustrie",GR,EBA,0,0,0,0,0,0,0,0,0
"Reisebüros, Fremdenverkehrgewerbe und Freizeitindustrie",GR,nReglementiert,0,0,0,0,0,0,0,0,0
"Reisebüros, Fremdenverkehrgewerbe und Freizeitindustrie",AG,abt-total,0,0,0,0,0,0,0,0,0
"Reisebüros, Fremdenverkehrgewerbe und Freizeitindustrie",AG,EFZ,0,0,0,0,0,0,0,0,0
"Reisebüros, Fremdenverkehrgewerbe und Freizeitindustrie",AG,EBA,0,0,0,0,0,0,0,0,0
"Reisebüros, Fremdenverkehrgewerbe und Freizeitindustrie",AG,nReglementiert,0,0,0,0,0,0,0,0,0
"Reisebüros, Fremdenverkehrgewerbe und Freizeitindustrie",TG,abt-total,0,0,0,0,0,0,0,0,0
"Reisebüros, Fremdenverkehrgewerbe und Freizeitindustrie",TG,EFZ,0,0,0,0,0,0,0,0,0
"Reisebüros, Fremdenverkehrgewerbe und Freizeitindustrie",TG,EBA,0,0,0,0,0,0,0,0,0
"Reisebüros, Fremdenverkehrgewerbe und Freizeitindustrie",TG,nReglementiert,0,0,0,0,0,0,0,0,0
"Reisebüros, Fremdenverkehrgewerbe und Freizeitindustrie",TI,abt-total,0,0,0,0,0,0,0,0,0
"Reisebüros, Fremdenverkehrgewerbe und Freizeitindustrie",TI,EFZ,0,0,0,0,0,0,0,0,0
"Reisebüros, Fremdenverkehrgewerbe und Freizeitindustrie",TI,EBA,0,0,0,0,0,0,0,0,0
"Reisebüros, Fremdenverkehrgewerbe und Freizeitindustrie",TI,nReglementiert,0,0,0,0,0,0,0,0,0
"Reisebüros, Fremdenverkehrgewerbe und Freizeitindustrie",VD,abt-total,0,0,0,0,0,0,0,0,0
"Reisebüros, Fremdenverkehrgewerbe und Freizeitindustrie",VD,EFZ,0,0,0,0,0,0,0,0,0
"Reisebüros, Fremdenverkehrgewerbe und Freizeitindustrie",VD,EBA,0,0,0,0,0,0,0,0,0
"Reisebüros, Fremdenverkehrgewerbe und Freizeitindustrie",VD,nReglementiert,0,0,0,0,0,0,0,0,0
"Reisebüros, Fremdenverkehrgewerbe und Freizeitindustrie",VS,abt-total,33,33,0,7,7,0,26,26,0
"Reisebüros, Fremdenverkehrgewerbe und Freizeitindustrie",VS,EFZ,0,0,0,0,0,0,0,0,0
"Reisebüros, Fremdenverkehrgewerbe und Freizeitindustrie",VS,EBA,0,0,0,0,0,0,0,0,0
"Reisebüros, Fremdenverkehrgewerbe und Freizeitindustrie",VS,nReglementiert,33,33,0,7,7,0,26,26,0
"Reisebüros, Fremdenverkehrgewerbe und Freizeitindustrie",NE,abt-total,0,0,0,0,0,0,0,0,0
"Reisebüros, Fremdenverkehrgewerbe und Freizeitindustrie",NE,EFZ,0,0,0,0,0,0,0,0,0
"Reisebüros, Fremdenverkehrgewerbe und Freizeitindustrie",NE,EBA,0,0,0,0,0,0,0,0,0
"Reisebüros, Fremdenverkehrgewerbe und Freizeitindustrie",NE,nReglementiert,0,0,0,0,0,0,0,0,0
"Reisebüros, Fremdenverkehrgewerbe und Freizeitindustrie",GE,abt-total,0,0,0,0,0,0,0,0,0
"Reisebüros, Fremdenverkehrgewerbe und Freizeitindustrie",GE,EFZ,0,0,0,0,0,0,0,0,0
"Reisebüros, Fremdenverkehrgewerbe und Freizeitindustrie",GE,EBA,0,0,0,0,0,0,0,0,0
"Reisebüros, Fremdenverkehrgewerbe und Freizeitindustrie",GE,nReglementiert,0,0,0,0,0,0,0,0,0
"Reisebüros, Fremdenverkehrgewerbe und Freizeitindustrie",JU,abt-total,0,0,0,0,0,0,0,0,0
"Reisebüros, Fremdenverkehrgewerbe und Freizeitindustrie",JU,EFZ,0,0,0,0,0,0,0,0,0
"Reisebüros, Fremdenverkehrgewerbe und Freizeitindustrie",JU,EBA,0,0,0,0,0,0,0,0,0
"Reisebüros, Fremdenverkehrgewerbe und Freizeitindustrie",JU,nReglementiert,0,0,0,0,0,0,0,0,0
Sport,,abt-total,0,0,0,0,0,0,0,0,0
Sport,,EFZ,0,0,0,0,0,0,0,0,0
Sport,,EBA,0,0,0,0,0,0,0,0,0
Sport,,nReglementiert,0,0,0,0,0,0,0,0,0
Sport,ZH,abt-total,0,0,0,0,0,0,0,0,0
Sport,ZH,EFZ,0,0,0,0,0,0,0,0,0
Sport,ZH,EBA,0,0,0,0,0,0,0,0,0
Sport,ZH,nReglementiert,0,0,0,0,0,0,0,0,0
Sport,BE,abt-total,0,0,0,0,0,0,0,0,0
Sport,BE,EFZ,0,0,0,0,0,0,0,0,0
Sport,BE,EBA,0,0,0,0,0,0,0,0,0
Sport,BE,nReglementiert,0,0,0,0,0,0,0,0,0
Sport,LU,abt-total,0,0,0,0,0,0,0,0,0
Sport,LU,EFZ,0,0,0,0,0,0,0,0,0
Sport,LU,EBA,0,0,0,0,0,0,0,0,0
Sport,LU,nReglementiert,0,0,0,0,0,0,0,0,0
Sport,UR,abt-total,0,0,0,0,0,0,0,0,0
Sport,UR,EFZ,0,0,0,0,0,0,0,0,0
Sport,UR,EBA,0,0,0,0,0,0,0,0,0
Sport,UR,nReglementiert,0,0,0,0,0,0,0,0,0
Sport,SZ,abt-total,0,0,0,0,0,0,0,0,0
Sport,SZ,EFZ,0,0,0,0,0,0,0,0,0
Sport,SZ,EBA,0,0,0,0,0,0,0,0,0
Sport,SZ,nReglementiert,0,0,0,0,0,0,0,0,0
Sport,OW,abt-total,0,0,0,0,0,0,0,0,0
Sport,OW,EFZ,0,0,0,0,0,0,0,0,0
Sport,OW,EBA,0,0,0,0,0,0,0,0,0
Sport,OW,nReglementiert,0,0,0,0,0,0,0,0,0
Sport,NW,abt-total,0,0,0,0,0,0,0,0,0
Sport,NW,EFZ,0,0,0,0,0,0,0,0,0
Sport,NW,EBA,0,0,0,0,0,0,0,0,0
Sport,NW,nReglementiert,0,0,0,0,0,0,0,0,0
Sport,GL,abt-total,0,0,0,0,0,0,0,0,0
Sport,GL,EFZ,0,0,0,0,0,0,0,0,0
Sport,GL,EBA,0,0,0,0,0,0,0,0,0
Sport,GL,nReglementiert,0,0,0,0,0,0,0,0,0
Sport,ZG,abt-total,0,0,0,0,0,0,0,0,0
Sport,ZG,EFZ,0,0,0,0,0,0,0,0,0
Sport,ZG,EBA,0,0,0,0,0,0,0,0,0
Sport,ZG,nReglementiert,0,0,0,0,0,0,0,0,0
Sport,FR,abt-total,0,0,0,0,0,0,0,0,0
Sport,FR,EFZ,0,0,0,0,0,0,0,0,0
Sport,FR,EBA,0,0,0,0,0,0,0,0,0
Sport,FR,nReglementiert,0,0,0,0,0,0,0,0,0
Sport,SO,abt-total,0,0,0,0,0,0,0,0,0
Sport,SO,EFZ,0,0,0,0,0,0,0,0,0
Sport,SO,EBA,0,0,0,0,0,0,0,0,0
Sport,SO,nReglementiert,0,0,0,0,0,0,0,0,0
Sport,BS,abt-total,0,0,0,0,0,0,0,0,0
Sport,BS,EFZ,0,0,0,0,0,0,0,0,0
Sport,BS,EBA,0,0,0,0,0,0,0,0,0
Sport,BS,nReglementiert,0,0,0,0,0,0,0,0,0
Sport,BL,abt-total,0,0,0,0,0,0,0,0,0
Sport,BL,EFZ,0,0,0,0,0,0,0,0,0
Sport,BL,EBA,0,0,0,0,0,0,0,0,0
Sport,Bl,nReglementiert,0,0,0,0,0,0,0,0,0
Sport,SH,abt-total,0,0,0,0,0,0,0,0,0
Sport,SH,EFZ,0,0,0,0,0,0,0,0,0
Sport,SH,EBA,0,0,0,0,0,0,0,0,0
Sport,SH,nReglementiert,0,0,0,0,0,0,0,0,0
Sport,AR,abt-total,0,0,0,0,0,0,0,0,0
Sport,AR,EFZ,0,0,0,0,0,0,0,0,0
Sport,AR,EBA,0,0,0,0,0,0,0,0,0
Sport,AR,nReglementiert,0,0,0,0,0,0,0,0,0
Sport,AI,abt-total,0,0,0,0,0,0,0,0,0
Sport,AI,EFZ,0,0,0,0,0,0,0,0,0
Sport,AI,EBA,0,0,0,0,0,0,0,0,0
Sport,AI,nReglementiert,0,0,0,0,0,0,0,0,0
Sport,SG,abt-total,0,0,0,0,0,0,0,0,0
Sport,SG,EFZ,0,0,0,0,0,0,0,0,0
Sport,SG,EBA,0,0,0,0,0,0,0,0,0
Sport,SG,nReglementiert,0,0,0,0,0,0,0,0,0
Sport,GR,abt-total,0,0,0,0,0,0,0,0,0
Sport,GR,EFZ,0,0,0,0,0,0,0,0,0
Sport,GR,EBA,0,0,0,0,0,0,0,0,0
Sport,GR,nReglementiert,0,0,0,0,0,0,0,0,0
Sport,AG,abt-total,0,0,0,0,0,0,0,0,0
Sport,AG,EFZ,0,0,0,0,0,0,0,0,0
Sport,AG,EBA,0,0,0,0,0,0,0,0,0
Sport,AG,nReglementiert,0,0,0,0,0,0,0,0,0
Sport,TG,abt-total,0,0,0,0,0,0,0,0,0
Sport,TG,EFZ,0,0,0,0,0,0,0,0,0
Sport,TG,EBA,0,0,0,0,0,0,0,0,0
Sport,TG,nReglementiert,0,0,0,0,0,0,0,0,0
Sport,TI,abt-total,0,0,0,0,0,0,0,0,0
Sport,TI,EFZ,0,0,0,0,0,0,0,0,0
Sport,TI,EBA,0,0,0,0,0,0,0,0,0
Sport,TI,nReglementiert,0,0,0,0,0,0,0,0,0
Sport,VD,abt-total,0,0,0,0,0,0,0,0,0
Sport,VD,EFZ,0,0,0,0,0,0,0,0,0
Sport,VD,EBA,0,0,0,0,0,0,0,0,0
Sport,VD,nReglementiert,0,0,0,0,0,0,0,0,0
Sport,VS,abt-total,0,0,0,0,0,0,0,0,0
Sport,VS,EFZ,0,0,0,0,0,0,0,0,0
Sport,VS,EBA,0,0,0,0,0,0,0,0,0
Sport,VS,nReglementiert,0,0,0,0,0,0,0,0,0
Sport,NE,abt-total,0,0,0,0,0,0,0,0,0
Sport,NE,EFZ,0,0,0,0,0,0,0,0,0
Sport,NE,EBA,0,0,0,0,0,0,0,0,0
Sport,NE,nReglementiert,0,0,0,0,0,0,0,0,0
Sport,GE,abt-total,0,0,0,0,0,0,0,0,0
Sport,GE,EFZ,0,0,0,0,0,0,0,0,0
Sport,GE,EBA,0,0,0,0,0,0,0,0,0
Sport,GE,nReglementiert,0,0,0,0,0,0,0,0,0
Sport,JU,abt-total,0,0,0,0,0,0,0,0,0
Sport,JU,EFZ,0,0,0,0,0,0,0,0,0
Sport,JU,EBA,0,0,0,0,0,0,0,0,0
Sport,JU,nReglementiert,0,0,0,0,0,0,0,0,0
Hauswirtschaftliche Dienste,,abt-total,1619,52,1567,879,5,874,740,47,693
Hauswirtschaftliche Dienste,,EFZ,1381,25,1356,866,3,863,515,22,493
Hauswirtschaftliche Dienste,,EBA,238,27,211,13,2,11,225,25,200
Hauswirtschaftliche Dienste,,nReglementiert,0,0,0,0,0,0,0,0,0
Hauswirtschaftliche Dienste,ZH,abt-total,344,0,344,232,0,232,112,0,112
Hauswirtschaftliche Dienste,ZH,EFZ,302,0,302,230,0,230,72,0,72
Hauswirtschaftliche Dienste,ZH,EBA,42,0,42,2,0,2,40,0,40
Hauswirtschaftliche Dienste,ZH,nReglementiert,0,0,0,0,0,0,0,0,0
Hauswirtschaftliche Dienste,BE,abt-total,207,0,207,101,0,101,106,0,106
Hauswirtschaftliche Dienste,BE,EFZ,173,0,173,99,0,99,74,0,74
Hauswirtschaftliche Dienste,BE,EBA,34,0,34,2,0,2,32,0,32
Hauswirtschaftliche Dienste,BE,nReglementiert,0,0,0,0,0,0,0,0,0
Hauswirtschaftliche Dienste,LU,abt-total,78,0,78,43,0,43,35,0,35
Hauswirtschaftliche Dienste,LU,EFZ,74,0,74,43,0,43,31,0,31
Hauswirtschaftliche Dienste,LU,EBA,4,0,4,0,0,0,4,0,4
Hauswirtschaftliche Dienste,LU,nReglementiert,0,0,0,0,0,0,0,0,0
Hauswirtschaftliche Dienste,UR,abt-total,7,0,7,2,0,2,5,0,5
Hauswirtschaftliche Dienste,UR,EFZ,7,0,7,2,0,2,5,0,5
Hauswirtschaftliche Dienste,UR,EBA,0,0,0,0,0,0,0,0,0
Hauswirtschaftliche Dienste,UR,nReglementiert,0,0,0,0,0,0,0,0,0
Hauswirtschaftliche Dienste,SZ,abt-total,32,0,32,20,0,20,12,0,12
Hauswirtschaftliche Dienste,SZ,EFZ,29,0,29,20,0,20,9,0,9
Hauswirtschaftliche Dienste,SZ,EBA,3,0,3,0,0,0,3,0,3
Hauswirtschaftliche Dienste,SZ,nReglementiert,0,0,0,0,0,0,0,0,0
Hauswirtschaftliche Dienste,OW,abt-total,9,0,9,4,0,4,5,0,5
Hauswirtschaftliche Dienste,OW,EFZ,8,0,8,4,0,4,4,0,4
Hauswirtschaftliche Dienste,OW,EBA,1,0,1,0,0,0,1,0,1
Hauswirtschaftliche Dienste,OW,nReglementiert,0,0,0,0,0,0,0,0,0
Hauswirtschaftliche Dienste,NW,abt-total,8,0,8,4,0,4,4,0,4
Hauswirtschaftliche Dienste,NW,EFZ,8,0,8,4,0,4,4,0,4
Hauswirtschaftliche Dienste,NW,EBA,0,0,0,0,0,0,0,0,0
Hauswirtschaftliche Dienste,NW,nReglementiert,0,0,0,0,0,0,0,0,0
Hauswirtschaftliche Dienste,GL,abt-total,9,0,9,6,0,6,3,0,3
Hauswirtschaftliche Dienste,GL,EFZ,8,0,8,6,0,6,2,0,2
Hauswirtschaftliche Dienste,GL,EBA,1,0,1,0,0,0,1,0,1
Hauswirtschaftliche Dienste,GL,nReglementiert,0,0,0,0,0,0,0,0,0
Hauswirtschaftliche Dienste,ZG,abt-total,35,0,35,15,0,15,20,0,20
Hauswirtschaftliche Dienste,ZG,EFZ,28,0,28,15,0,15,13,0,13
Hauswirtschaftliche Dienste,ZG,EBA,7,0,7,0,0,0,7,0,7
Hauswirtschaftliche Dienste,ZG,nReglementiert,0,0,0,0,0,0,0,0,0
Hauswirtschaftliche Dienste,FR,abt-total,52,12,40,17,0,17,35,12,23
Hauswirtschaftliche Dienste,FR,EFZ,40,2,38,17,0,17,23,2,21
Hauswirtschaftliche Dienste,FR,EBA,12,10,2,0,0,0,12,10,2
Hauswirtschaftliche Dienste,FR,nReglementiert,0,0,0,0,0,0,0,0,0
Hauswirtschaftliche Dienste,SO,abt-total,49,0,49,24,0,24,25,0,25
Hauswirtschaftliche Dienste,SO,EFZ,38,0,38,24,0,24,14,0,14
Hauswirtschaftliche Dienste,SO,EBA,11,0,11,0,0,0,11,0,11
Hauswirtschaftliche Dienste,SO,nReglementiert,0,0,0,0,0,0,0,0,0
Hauswirtschaftliche Dienste,BS,abt-total,36,0,36,21,0,21,15,0,15
Hauswirtschaftliche Dienste,BS,EFZ,24,0,24,19,0,19,5,0,5
Hauswirtschaftliche Dienste,BS,EBA,12,0,12,2,0,2,10,0,10
Hauswirtschaftliche Dienste,BS,nReglementiert,0,0,0,0,0,0,0,0,0
Hauswirtschaftliche Dienste,BL,abt-total,42,0,42,27,0,27,15,0,15
Hauswirtschaftliche Dienste,BL,EFZ,41,0,41,27,0,27,14,0,14
Hauswirtschaftliche Dienste,BL,EBA,1,0,1,0,0,0,1,0,1
Hauswirtschaftliche Dienste,Bl,nReglementiert,0,0,0,0,0,0,0,0,0
Hauswirtschaftliche Dienste,SH,abt-total,29,0,29,18,0,18,11,0,11
Hauswirtschaftliche Dienste,SH,EFZ,26,0,26,18,0,18,8,0,8
Hauswirtschaftliche Dienste,SH,EBA,3,0,3,0,0,0,3,0,3
Hauswirtschaftliche Dienste,SH,nReglementiert,0,0,0,0,0,0,0,0,0
Hauswirtschaftliche Dienste,AR,abt-total,19,0,19,3,0,3,16,0,16
Hauswirtschaftliche Dienste,AR,EFZ,16,0,16,3,0,3,13,0,13
Hauswirtschaftliche Dienste,AR,EBA,3,0,3,0,0,0,3,0,3
Hauswirtschaftliche Dienste,AR,nReglementiert,0,0,0,0,0,0,0,0,0
Hauswirtschaftliche Dienste,AI,abt-total,2,0,2,0,0,0,2,0,2
Hauswirtschaftliche Dienste,AI,EFZ,1,0,1,0,0,0,1,0,1
Hauswirtschaftliche Dienste,AI,EBA,1,0,1,0,0,0,1,0,1
Hauswirtschaftliche Dienste,AI,nReglementiert,0,0,0,0,0,0,0,0,0
Hauswirtschaftliche Dienste,SG,abt-total,90,0,90,39,0,39,51,0,51
Hauswirtschaftliche Dienste,SG,EFZ,67,0,67,38,0,38,29,0,29
Hauswirtschaftliche Dienste,SG,EBA,23,0,23,1,0,1,22,0,22
Hauswirtschaftliche Dienste,SG,nReglementiert,0,0,0,0,0,0,0,0,0
Hauswirtschaftliche Dienste,GR,abt-total,39,0,39,16,0,16,23,0,23
Hauswirtschaftliche Dienste,GR,EFZ,32,0,32,16,0,16,16,0,16
Hauswirtschaftliche Dienste,GR,EBA,7,0,7,0,0,0,7,0,7
Hauswirtschaftliche Dienste,GR,nReglementiert,0,0,0,0,0,0,0,0,0
Hauswirtschaftliche Dienste,AG,abt-total,123,0,123,80,0,80,43,0,43
Hauswirtschaftliche Dienste,AG,EFZ,119,0,119,80,0,80,39,0,39
Hauswirtschaftliche Dienste,AG,EBA,4,0,4,0,0,0,4,0,4
Hauswirtschaftliche Dienste,AG,nReglementiert,0,0,0,0,0,0,0,0,0
Hauswirtschaftliche Dienste,TG,abt-total,69,0,69,38,0,38,31,0,31
Hauswirtschaftliche Dienste,TG,EFZ,64,0,64,38,0,38,26,0,26
Hauswirtschaftliche Dienste,TG,EBA,5,0,5,0,0,0,5,0,5
Hauswirtschaftliche Dienste,TG,nReglementiert,0,0,0,0,0,0,0,0,0
Hauswirtschaftliche Dienste,TI,abt-total,35,0,35,9,0,9,26,0,26
Hauswirtschaftliche Dienste,TI,EFZ,22,0,22,9,0,9,13,0,13
Hauswirtschaftliche Dienste,TI,EBA,13,0,13,0,0,0,13,0,13
Hauswirtschaftliche Dienste,TI,nReglementiert,0,0,0,0,0,0,0,0,0
Hauswirtschaftliche Dienste,VD,abt-total,168,0,168,100,0,100,68,0,68
Hauswirtschaftliche Dienste,VD,EFZ,152,0,152,96,0,96,56,0,56
Hauswirtschaftliche Dienste,VD,EBA,16,0,16,4,0,4,12,0,12
Hauswirtschaftliche Dienste,VD,nReglementiert,0,0,0,0,0,0,0,0,0
Hauswirtschaftliche Dienste,VS,abt-total,57,26,31,22,2,20,35,24,11
Hauswirtschaftliche Dienste,VS,EFZ,41,15,26,22,2,20,19,13,6
Hauswirtschaftliche Dienste,VS,EBA,16,11,5,0,0,0,16,11,5
Hauswirtschaftliche Dienste,VS,nReglementiert,0,0,0,0,0,0,0,0,0
Hauswirtschaftliche Dienste,NE,abt-total,24,0,24,11,0,11,13,0,13
Hauswirtschaftliche Dienste,NE,EFZ,22,0,22,11,0,11,11,0,11
Hauswirtschaftliche Dienste,NE,EBA,2,0,2,0,0,0,2,0,2
Hauswirtschaftliche Dienste,NE,nReglementiert,0,0,0,0,0,0,0,0,0
Hauswirtschaftliche Dienste,GE,abt-total,29,0,29,17,0,17,12,0,12
Hauswirtschaftliche Dienste,GE,EFZ,20,0,20,17,0,17,3,0,3
Hauswirtschaftliche Dienste,GE,EBA,9,0,9,0,0,0,9,0,9
Hauswirtschaftliche Dienste,GE,nReglementiert,0,0,0,0,0,0,0,0,0
Hauswirtschaftliche Dienste,JU,abt-total,27,14,13,10,3,7,17,11,6
Hauswirtschaftliche Dienste,JU,EFZ,19,8,11,8,1,7,11,7,4
Hauswirtschaftliche Dienste,JU,EBA,8,6,2,2,2,0,6,4,2
Hauswirtschaftliche Dienste,JU,nReglementiert,0,0,0,0,0,0,0,0,0
Coiffeurgewerbe und Schönheitspflege,,abt-total,1756,111,1645,132,12,120,1624,99,1525
Coiffeurgewerbe und Schönheitspflege,,EFZ,1645,0,1645,120,0,120,1525,0,1525
Coiffeurgewerbe und Schönheitspflege,,EBA,0,0,0,0,0,0,0,0,0
Coiffeurgewerbe und Schönheitspflege,,nReglementiert,111,111,0,12,12,0,99,99,0
Coiffeurgewerbe und Schönheitspflege,ZH,abt-total,296,15,281,39,1,38,257,14,243
Coiffeurgewerbe und Schönheitspflege,ZH,EFZ,281,0,281,38,0,38,243,0,243
Coiffeurgewerbe und Schönheitspflege,ZH,EBA,0,0,0,0,0,0,0,0,0
Coiffeurgewerbe und Schönheitspflege,ZH,nReglementiert,15,15,0,1,1,0,14,14,0
Coiffeurgewerbe und Schönheitspflege,BE,abt-total,188,0,188,8,0,8,180,0,180
Coiffeurgewerbe und Schönheitspflege,BE,EFZ,188,0,188,8,0,8,180,0,180
Coiffeurgewerbe und Schönheitspflege,BE,EBA,0,0,0,0,0,0,0,0,0
Coiffeurgewerbe und Schönheitspflege,BE,nReglementiert,0,0,0,0,0,0,0,0,0
Coiffeurgewerbe und Schönheitspflege,LU,abt-total,90,6,84,5,0,5,85,6,79
Coiffeurgewerbe und Schönheitspflege,LU,EFZ,84,0,84,5,0,5,79,0,79
Coiffeurgewerbe und Schönheitspflege,LU,EBA,0,0,0,0,0,0,0,0,0
Coiffeurgewerbe und Schönheitspflege,LU,nReglementiert,6,6,0,0,0,0,6,6,0
Coiffeurgewerbe und Schönheitspflege,UR,abt-total,5,0,5,0,0,0,5,0,5
Coiffeurgewerbe und Schönheitspflege,UR,EFZ,5,0,5,0,0,0,5,0,5
Coiffeurgewerbe und Schönheitspflege,UR,EBA,0,0,0,0,0,0,0,0,0
Coiffeurgewerbe und Schönheitspflege,UR,nReglementiert,0,0,0,0,0,0,0,0,0
Coiffeurgewerbe und Schönheitspflege,SZ,abt-total,21,0,21,0,0,0,21,0,21
Coiffeurgewerbe und Schönheitspflege,SZ,EFZ,21,0,21,0,0,0,21,0,21
Coiffeurgewerbe und Schönheitspflege,SZ,EBA,0,0,0,0,0,0,0,0,0
Coiffeurgewerbe und Schönheitspflege,SZ,nReglementiert,0,0,0,0,0,0,0,0,0
Coiffeurgewerbe und Schönheitspflege,OW,abt-total,2,0,2,0,0,0,2,0,2
Coiffeurgewerbe und Schönheitspflege,OW,EFZ,2,0,2,0,0,0,2,0,2
Coiffeurgewerbe und Schönheitspflege,OW,EBA,0,0,0,0,0,0,0,0,0
Coiffeurgewerbe und Schönheitspflege,OW,nReglementiert,0,0,0,0,0,0,0,0,0
Coiffeurgewerbe und Schönheitspflege,NW,abt-total,7,0,7,0,0,0,7,0,7
Coiffeurgewerbe und Schönheitspflege,NW,EFZ,7,0,7,0,0,0,7,0,7
Coiffeurgewerbe und Schönheitspflege,NW,EBA,0,0,0,0,0,0,0,0,0
Coiffeurgewerbe und Schönheitspflege,NW,nReglementiert,0,0,0,0,0,0,0,0,0
Coiffeurgewerbe und Schönheitspflege,GL,abt-total,13,0,13,2,0,2,11,0,11
Coiffeurgewerbe und Schönheitspflege,GL,EFZ,13,0,13,2,0,2,11,0,11
Coiffeurgewerbe und Schönheitspflege,GL,EBA,0,0,0,0,0,0,0,0,0
Coiffeurgewerbe und Schönheitspflege,GL,nReglementiert,0,0,0,0,0,0,0,0,0
Coiffeurgewerbe und Schönheitspflege,ZG,abt-total,22,0,22,3,0,3,19,0,19
Coiffeurgewerbe und Schönheitspflege,ZG,EFZ,22,0,22,3,0,3,19,0,19
Coiffeurgewerbe und Schönheitspflege,ZG,EBA,0,0,0,0,0,0,0,0,0
Coiffeurgewerbe und Schönheitspflege,ZG,nReglementiert,0,0,0,0,0,0,0,0,0
Coiffeurgewerbe und Schönheitspflege,FR,abt-total,56,5,51,2,0,2,54,5,49
Coiffeurgewerbe und Schönheitspflege,FR,EFZ,51,0,51,2,0,2,49,0,49
Coiffeurgewerbe und Schönheitspflege,FR,EBA,0,0,0,0,0,0,0,0,0
Coiffeurgewerbe und Schönheitspflege,FR,nReglementiert,5,5,0,0,0,0,5,5,0
Coiffeurgewerbe und Schönheitspflege,SO,abt-total,35,0,35,0,0,0,35,0,35
Coiffeurgewerbe und Schönheitspflege,SO,EFZ,35,0,35,0,0,0,35,0,35
Coiffeurgewerbe und Schönheitspflege,SO,EBA,0,0,0,0,0,0,0,0,0
Coiffeurgewerbe und Schönheitspflege,SO,nReglementiert,0,0,0,0,0,0,0,0,0
Coiffeurgewerbe und Schönheitspflege,BS,abt-total,56,13,43,7,3,4,49,10,39
Coiffeurgewerbe und Schönheitspflege,BS,EFZ,43,0,43,4,0,4,39,0,39
Coiffeurgewerbe und Schönheitspflege,BS,EBA,0,0,0,0,0,0,0,0,0
Coiffeurgewerbe und Schönheitspflege,BS,nReglementiert,13,13,0,3,3,0,10,10,0
Coiffeurgewerbe und Schönheitspflege,BL,abt-total,27,0,27,3,0,3,24,0,24
Coiffeurgewerbe und Schönheitspflege,BL,EFZ,27,0,27,3,0,3,24,0,24
Coiffeurgewerbe und Schönheitspflege,BL,EBA,0,0,0,0,0,0,0,0,0
Coiffeurgewerbe und Schönheitspflege,Bl,nReglementiert,0,0,0,0,0,0,0,0,0
Coiffeurgewerbe und Schönheitspflege,SH,abt-total,30,0,30,4,0,4,26,0,26
Coiffeurgewerbe und Schönheitspflege,SH,EFZ,30,0,30,4,0,4,26,0,26
Coiffeurgewerbe und Schönheitspflege,SH,EBA,0,0,0,0,0,0,0,0,0
Coiffeurgewerbe und Schönheitspflege,SH,nReglementiert,0,0,0,0,0,0,0,0,0
Coiffeurgewerbe und Schönheitspflege,AR,abt-total,9,0,9,0,0,0,9,0,9
Coiffeurgewerbe und Schönheitspflege,AR,EFZ,9,0,9,0,0,0,9,0,9
Coiffeurgewerbe und Schönheitspflege,AR,EBA,0,0,0,0,0,0,0,0,0
Coiffeurgewerbe und Schönheitspflege,AR,nReglementiert,0,0,0,0,0,0,0,0,0
Coiffeurgewerbe und Schönheitspflege,AI,abt-total,2,0,2,0,0,0,2,0,2
Coiffeurgewerbe und Schönheitspflege,AI,EFZ,2,0,2,0,0,0,2,0,2
Coiffeurgewerbe und Schönheitspflege,AI,EBA,0,0,0,0,0,0,0,0,0
Coiffeurgewerbe und Schönheitspflege,AI,nReglementiert,0,0,0,0,0,0,0,0,0
Coiffeurgewerbe und Schönheitspflege,SG,abt-total,157,0,157,9,0,9,148,0,148
Coiffeurgewerbe und Schönheitspflege,SG,EFZ,157,0,157,9,0,9,148,0,148
Coiffeurgewerbe und Schönheitspflege,SG,EBA,0,0,0,0,0,0,0,0,0
Coiffeurgewerbe und Schönheitspflege,SG,nReglementiert,0,0,0,0,0,0,0,0,0
Coiffeurgewerbe und Schönheitspflege,GR,abt-total,51,0,51,3,0,3,48,0,48
Coiffeurgewerbe und Schönheitspflege,GR,EFZ,51,0,51,3,0,3,48,0,48
Coiffeurgewerbe und Schönheitspflege,GR,EBA,0,0,0,0,0,0,0,0,0
Coiffeurgewerbe und Schönheitspflege,GR,nReglementiert,0,0,0,0,0,0,0,0,0
Coiffeurgewerbe und Schönheitspflege,AG,abt-total,139,0,139,5,0,5,134,0,134
Coiffeurgewerbe und Schönheitspflege,AG,EFZ,139,0,139,5,0,5,134,0,134
Coiffeurgewerbe und Schönheitspflege,AG,EBA,0,0,0,0,0,0,0,0,0
Coiffeurgewerbe und Schönheitspflege,AG,nReglementiert,0,0,0,0,0,0,0,0,0
Coiffeurgewerbe und Schönheitspflege,TG,abt-total,42,0,42,2,0,2,40,0,40
Coiffeurgewerbe und Schönheitspflege,TG,EFZ,42,0,42,2,0,2,40,0,40
Coiffeurgewerbe und Schönheitspflege,TG,EBA,0,0,0,0,0,0,0,0,0
Coiffeurgewerbe und Schönheitspflege,TG,nReglementiert,0,0,0,0,0,0,0,0,0
Coiffeurgewerbe und Schönheitspflege,TI,abt-total,71,0,71,8,0,8,63,0,63
Coiffeurgewerbe und Schönheitspflege,TI,EFZ,71,0,71,8,0,8,63,0,63
Coiffeurgewerbe und Schönheitspflege,TI,EBA,0,0,0,0,0,0,0,0,0
Coiffeurgewerbe und Schönheitspflege,TI,nReglementiert,0,0,0,0,0,0,0,0,0
Coiffeurgewerbe und Schönheitspflege,VD,abt-total,175,14,161,10,1,9,165,13,152
Coiffeurgewerbe und Schönheitspflege,VD,EFZ,161,0,161,9,0,9,152,0,152
Coiffeurgewerbe und Schönheitspflege,VD,EBA,0,0,0,0,0,0,0,0,0
Coiffeurgewerbe und Schönheitspflege,VD,nReglementiert,14,14,0,1,1,0,13,13,0
Coiffeurgewerbe und Schönheitspflege,VS,abt-total,73,0,73,5,0,5,68,0,68
Coiffeurgewerbe und Schönheitspflege,VS,EFZ,73,0,73,5,0,5,68,0,68
Coiffeurgewerbe und Schönheitspflege,VS,EBA,0,0,0,0,0,0,0,0,0
Coiffeurgewerbe und Schönheitspflege,VS,nReglementiert,0,0,0,0,0,0,0,0,0
Coiffeurgewerbe und Schönheitspflege,NE,abt-total,59,0,59,5,0,5,54,0,54
Coiffeurgewerbe und Schönheitspflege,NE,EFZ,59,0,59,5,0,5,54,0,54
Coiffeurgewerbe und Schönheitspflege,NE,EBA,0,0,0,0,0,0,0,0,0
Coiffeurgewerbe und Schönheitspflege,NE,nReglementiert,0,0,0,0,0,0,0,0,0
Coiffeurgewerbe und Schönheitspflege,GE,abt-total,112,58,54,12,7,5,100,51,49
Coiffeurgewerbe und Schönheitspflege,GE,EFZ,54,0,54,5,0,5,49,0,49
Coiffeurgewerbe und Schönheitspflege,GE,EBA,0,0,0,0,0,0,0,0,0
Coiffeurgewerbe und Schönheitspflege,GE,nReglementiert,58,58,0,7,7,0,51,51,0
Coiffeurgewerbe und Schönheitspflege,JU,abt-total,18,0,18,0,0,0,18,0,18
Coiffeurgewerbe und Schönheitspflege,JU,EFZ,18,0,18,0,0,0,18,0,18
Coiffeurgewerbe und Schönheitspflege,JU,EBA,0,0,0,0,0,0,0,0,0
Coiffeurgewerbe und Schönheitspflege,JU,nReglementiert,0,0,0,0,0,0,0,0,0
Verkehrsdienstleistungen,,abt-total,421,0,421,287,0,287,134,0,134
Verkehrsdienstleistungen,,EFZ,292,0,292,260,0,260,32,0,32
Verkehrsdienstleistungen,,EBA,2,0,2,2,0,2,0,0,0
Verkehrsdienstleistungen,,nReglementiert,127,0,127,25,0,25,102,0,102
Verkehrsdienstleistungen,ZH,abt-total,27,0,27,25,0,25,2,0,2
Verkehrsdienstleistungen,ZH,EFZ,27,0,27,25,0,25,2,0,2
Verkehrsdienstleistungen,ZH,EBA,0,0,0,0,0,0,0,0,0
Verkehrsdienstleistungen,ZH,nReglementiert,0,0,0,0,0,0,0,0,0
Verkehrsdienstleistungen,BE,abt-total,35,0,35,29,0,29,6,0,6
Verkehrsdienstleistungen,BE,EFZ,35,0,35,29,0,29,6,0,6
Verkehrsdienstleistungen,BE,EBA,0,0,0,0,0,0,0,0,0
Verkehrsdienstleistungen,BE,nReglementiert,0,0,0,0,0,0,0,0,0
Verkehrsdienstleistungen,LU,abt-total,18,0,18,15,0,15,3,0,3
Verkehrsdienstleistungen,LU,EFZ,18,0,18,15,0,15,3,0,3
Verkehrsdienstleistungen,LU,EBA,0,0,0,0,0,0,0,0,0
Verkehrsdienstleistungen,LU,nReglementiert,0,0,0,0,0,0,0,0,0
Verkehrsdienstleistungen,UR,abt-total,1,0,1,0,0,0,1,0,1
Verkehrsdienstleistungen,UR,EFZ,1,0,1,0,0,0,1,0,1
Verkehrsdienstleistungen,UR,EBA,0,0,0,0,0,0,0,0,0
Verkehrsdienstleistungen,UR,nReglementiert,0,0,0,0,0,0,0,0,0
Verkehrsdienstleistungen,SZ,abt-total,4,0,4,4,0,4,0,0,0
Verkehrsdienstleistungen,SZ,EFZ,4,0,4,4,0,4,0,0,0
Verkehrsdienstleistungen,SZ,EBA,0,0,0,0,0,0,0,0,0
Verkehrsdienstleistungen,SZ,nReglementiert,0,0,0,0,0,0,0,0,0
Verkehrsdienstleistungen,OW,abt-total,4,0,4,4,0,4,0,0,0
Verkehrsdienstleistungen,OW,EFZ,4,0,4,4,0,4,0,0,0
Verkehrsdienstleistungen,OW,EBA,0,0,0,0,0,0,0,0,0
Verkehrsdienstleistungen,OW,nReglementiert,0,0,0,0,0,0,0,0,0
Verkehrsdienstleistungen,NW,abt-total,3,0,3,3,0,3,0,0,0
Verkehrsdienstleistungen,NW,EFZ,3,0,3,3,0,3,0,0,0
Verkehrsdienstleistungen,NW,EBA,0,0,0,0,0,0,0,0,0
Verkehrsdienstleistungen,NW,nReglementiert,0,0,0,0,0,0,0,0,0
Verkehrsdienstleistungen,GL,abt-total,2,0,2,2,0,2,0,0,0
Verkehrsdienstleistungen,GL,EFZ,2,0,2,2,0,2,0,0,0
Verkehrsdienstleistungen,GL,EBA,0,0,0,0,0,0,0,0,0
Verkehrsdienstleistungen,GL,nReglementiert,0,0,0,0,0,0,0,0,0
Verkehrsdienstleistungen,ZG,abt-total,1,0,1,1,0,1,0,0,0
Verkehrsdienstleistungen,ZG,EFZ,1,0,1,1,0,1,0,0,0
Verkehrsdienstleistungen,ZG,EBA,0,0,0,0,0,0,0,0,0
Verkehrsdienstleistungen,ZG,nReglementiert,0,0,0,0,0,0,0,0,0
Verkehrsdienstleistungen,FR,abt-total,20,0,20,18,0,18,2,0,2
Verkehrsdienstleistungen,FR,EFZ,20,0,20,18,0,18,2,0,2
Verkehrsdienstleistungen,FR,EBA,0,0,0,0,0,0,0,0,0
Verkehrsdienstleistungen,FR,nReglementiert,0,0,0,0,0,0,0,0,0
Verkehrsdienstleistungen,SO,abt-total,9,0,9,6,0,6,3,0,3
Verkehrsdienstleistungen,SO,EFZ,9,0,9,6,0,6,3,0,3
Verkehrsdienstleistungen,SO,EBA,0,0,0,0,0,0,0,0,0
Verkehrsdienstleistungen,SO,nReglementiert,0,0,0,0,0,0,0,0,0
Verkehrsdienstleistungen,BS,abt-total,11,0,11,11,0,11,0,0,0
Verkehrsdienstleistungen,BS,EFZ,11,0,11,11,0,11,0,0,0
Verkehrsdienstleistungen,BS,EBA,0,0,0,0,0,0,0,0,0
Verkehrsdienstleistungen,BS,nReglementiert,0,0,0,0,0,0,0,0,0
Verkehrsdienstleistungen,BL,abt-total,11,0,11,11,0,11,0,0,0
Verkehrsdienstleistungen,BL,EFZ,11,0,11,11,0,11,0,0,0
Verkehrsdienstleistungen,BL,EBA,0,0,0,0,0,0,0,0,0
Verkehrsdienstleistungen,Bl,nReglementiert,0,0,0,0,0,0,0,0,0
Verkehrsdienstleistungen,SH,abt-total,4,0,4,3,0,3,1,0,1
Verkehrsdienstleistungen,SH,EFZ,4,0,4,3,0,3,1,0,1
Verkehrsdienstleistungen,SH,EBA,0,0,0,0,0,0,0,0,0
Verkehrsdienstleistungen,SH,nReglementiert,0,0,0,0,0,0,0,0,0
Verkehrsdienstleistungen,AR,abt-total,2,0,2,1,0,1,1,0,1
Verkehrsdienstleistungen,AR,EFZ,2,0,2,1,0,1,1,0,1
Verkehrsdienstleistungen,AR,EBA,0,0,0,0,0,0,0,0,0
Verkehrsdienstleistungen,AR,nReglementiert,0,0,0,0,0,0,0,0,0
Verkehrsdienstleistungen,AI,abt-total,0,0,0,0,0,0,0,0,0
Verkehrsdienstleistungen,AI,EFZ,0,0,0,0,0,0,0,0,0
Verkehrsdienstleistungen,AI,EBA,0,0,0,0,0,0,0,0,0
Verkehrsdienstleistungen,AI,nReglementiert,0,0,0,0,0,0,0,0,0
Verkehrsdienstleistungen,SG,abt-total,32,0,32,30,0,30,2,0,2
Verkehrsdienstleistungen,SG,EFZ,32,0,32,30,0,30,2,0,2
Verkehrsdienstleistungen,SG,EBA,0,0,0,0,0,0,0,0,0
Verkehrsdienstleistungen,SG,nReglementiert,0,0,0,0,0,0,0,0,0
Verkehrsdienstleistungen,GR,abt-total,7,0,7,6,0,6,1,0,1
Verkehrsdienstleistungen,GR,EFZ,7,0,7,6,0,6,1,0,1
Verkehrsdienstleistungen,GR,EBA,0,0,0,0,0,0,0,0,0
Verkehrsdienstleistungen,GR,nReglementiert,0,0,0,0,0,0,0,0,0
Verkehrsdienstleistungen,AG,abt-total,29,0,29,24,0,24,5,0,5
Verkehrsdienstleistungen,AG,EFZ,29,0,29,24,0,24,5,0,5
Verkehrsdienstleistungen,AG,EBA,0,0,0,0,0,0,0,0,0
Verkehrsdienstleistungen,AG,nReglementiert,0,0,0,0,0,0,0,0,0
Verkehrsdienstleistungen,TG,abt-total,4,0,4,4,0,4,0,0,0
Verkehrsdienstleistungen,TG,EFZ,4,0,4,4,0,4,0,0,0
Verkehrsdienstleistungen,TG,EBA,0,0,0,0,0,0,0,0,0
Verkehrsdienstleistungen,TG,nReglementiert,0,0,0,0,0,0,0,0,0
Verkehrsdienstleistungen,TI,abt-total,6,0,6,6,0,6,0,0,0
Verkehrsdienstleistungen,TI,EFZ,6,0,6,6,0,6,0,0,0
Verkehrsdienstleistungen,TI,EBA,0,0,0,0,0,0,0,0,0
Verkehrsdienstleistungen,TI,nReglementiert,0,0,0,0,0,0,0,0,0
Verkehrsdienstleistungen,VD,abt-total,24,0,24,21,0,21,3,0,3
Verkehrsdienstleistungen,VD,EFZ,24,0,24,21,0,21,3,0,3
Verkehrsdienstleistungen,VD,EBA,0,0,0,0,0,0,0,0,0
Verkehrsdienstleistungen,VD,nReglementiert,0,0,0,0,0,0,0,0,0
Verkehrsdienstleistungen,VS,abt-total,28,0,28,26,0,26,2,0,2
Verkehrsdienstleistungen,VS,EFZ,26,0,26,24,0,24,2,0,2
Verkehrsdienstleistungen,VS,EBA,2,0,2,2,0,2,0,0,0
Verkehrsdienstleistungen,VS,nReglementiert,0,0,0,0,0,0,0,0,0
Verkehrsdienstleistungen,NE,abt-total,10,0,10,7,0,7,3,0,3
Verkehrsdienstleistungen,NE,EFZ,7,0,7,7,0,7,0,0,0
Verkehrsdienstleistungen,NE,EBA,0,0,0,0,0,0,0,0,0
Verkehrsdienstleistungen,NE,nReglementiert,3,0,3,0,0,0,3,0,3
Verkehrsdienstleistungen,GE,abt-total,128,0,128,29,0,29,99,0,99
Verkehrsdienstleistungen,GE,EFZ,4,0,4,4,0,4,0,0,0
Verkehrsdienstleistungen,GE,EBA,0,0,0,0,0,0,0,0,0
Verkehrsdienstleistungen,GE,nReglementiert,124,0,124,25,0,25,99,0,99
Verkehrsdienstleistungen,JU,abt-total,1,0,1,1,0,1,0,0,0
Verkehrsdienstleistungen,JU,EFZ,1,0,1,1,0,1,0,0,0
Verkehrsdienstleistungen,JU,EBA,0,0,0,0,0,0,0,0,0
Verkehrsdienstleistungen,JU,nReglementiert,0,0,0,0,0,0,0,0,0
Umweltschutz,,abt-total,37,0,37,33,0,33,4,0,4
Umweltschutz,,EFZ,37,0,37,33,0,33,4,0,4
Umweltschutz,,EBA,0,0,0,0,0,0,0,0,0
Umweltschutz,,nReglementiert,0,0,0,0,0,0,0,0,0
Umweltschutz,ZH,abt-total,7,0,7,6,0,6,1,0,1
Umweltschutz,ZH,EFZ,7,0,7,6,0,6,1,0,1
Umweltschutz,ZH,EBA,0,0,0,0,0,0,0,0,0
Umweltschutz,ZH,nReglementiert,0,0,0,0,0,0,0,0,0
Umweltschutz,BE,abt-total,3,0,3,3,0,3,0,0,0
Umweltschutz,BE,EFZ,3,0,3,3,0,3,0,0,0
Umweltschutz,BE,EBA,0,0,0,0,0,0,0,0,0
Umweltschutz,BE,nReglementiert,0,0,0,0,0,0,0,0,0
Umweltschutz,LU,abt-total,1,0,1,1,0,1,0,0,0
Umweltschutz,LU,EFZ,1,0,1,1,0,1,0,0,0
Umweltschutz,LU,EBA,0,0,0,0,0,0,0,0,0
Umweltschutz,LU,nReglementiert,0,0,0,0,0,0,0,0,0
Umweltschutz,UR,abt-total,1,0,1,1,0,1,0,0,0
Umweltschutz,UR,EFZ,1,0,1,1,0,1,0,0,0
Umweltschutz,UR,EBA,0,0,0,0,0,0,0,0,0
Umweltschutz,UR,nReglementiert,0,0,0,0,0,0,0,0,0
Umweltschutz,SZ,abt-total,2,0,2,2,0,2,0,0,0
Umweltschutz,SZ,EFZ,2,0,2,2,0,2,0,0,0
Umweltschutz,SZ,EBA,0,0,0,0,0,0,0,0,0
Umweltschutz,SZ,nReglementiert,0,0,0,0,0,0,0,0,0
Umweltschutz,OW,abt-total,1,0,1,1,0,1,0,0,0
Umweltschutz,OW,EFZ,1,0,1,1,0,1,0,0,0
Umweltschutz,OW,EBA,0,0,0,0,0,0,0,0,0
Umweltschutz,OW,nReglementiert,0,0,0,0,0,0,0,0,0
Umweltschutz,NW,abt-total,0,0,0,0,0,0,0,0,0
Umweltschutz,NW,EFZ,0,0,0,0,0,0,0,0,0
Umweltschutz,NW,EBA,0,0,0,0,0,0,0,0,0
Umweltschutz,NW,nReglementiert,0,0,0,0,0,0,0,0,0
Umweltschutz,GL,abt-total,0,0,0,0,0,0,0,0,0
Umweltschutz,GL,EFZ,0,0,0,0,0,0,0,0,0
Umweltschutz,GL,EBA,0,0,0,0,0,0,0,0,0
Umweltschutz,GL,nReglementiert,0,0,0,0,0,0,0,0,0
Umweltschutz,ZG,abt-total,0,0,0,0,0,0,0,0,0
Umweltschutz,ZG,EFZ,0,0,0,0,0,0,0,0,0
Umweltschutz,ZG,EBA,0,0,0,0,0,0,0,0,0
Umweltschutz,ZG,nReglementiert,0,0,0,0,0,0,0,0,0
Umweltschutz,FR,abt-total,1,0,1,1,0,1,0,0,0
Umweltschutz,FR,EFZ,1,0,1,1,0,1,0,0,0
Umweltschutz,FR,EBA,0,0,0,0,0,0,0,0,0
Umweltschutz,FR,nReglementiert,0,0,0,0,0,0,0,0,0
Umweltschutz,SO,abt-total,0,0,0,0,0,0,0,0,0
Umweltschutz,SO,EFZ,0,0,0,0,0,0,0,0,0
Umweltschutz,SO,EBA,0,0,0,0,0,0,0,0,0
Umweltschutz,SO,nReglementiert,0,0,0,0,0,0,0,0,0
Umweltschutz,BS,abt-total,2,0,2,2,0,2,0,0,0
Umweltschutz,BS,EFZ,2,0,2,2,0,2,0,0,0
Umweltschutz,BS,EBA,0,0,0,0,0,0,0,0,0
Umweltschutz,BS,nReglementiert,0,0,0,0,0,0,0,0,0
Umweltschutz,BL,abt-total,1,0,1,1,0,1,0,0,0
Umweltschutz,BL,EFZ,1,0,1,1,0,1,0,0,0
Umweltschutz,BL,EBA,0,0,0,0,0,0,0,0,0
Umweltschutz,Bl,nReglementiert,0,0,0,0,0,0,0,0,0
Umweltschutz,SH,abt-total,0,0,0,0,0,0,0,0,0
Umweltschutz,SH,EFZ,0,0,0,0,0,0,0,0,0
Umweltschutz,SH,EBA,0,0,0,0,0,0,0,0,0
Umweltschutz,SH,nReglementiert,0,0,0,0,0,0,0,0,0
Umweltschutz,AR,abt-total,0,0,0,0,0,0,0,0,0
Umweltschutz,AR,EFZ,0,0,0,0,0,0,0,0,0
Umweltschutz,AR,EBA,0,0,0,0,0,0,0,0,0
Umweltschutz,AR,nReglementiert,0,0,0,0,0,0,0,0,0
Umweltschutz,AI,abt-total,0,0,0,0,0,0,0,0,0
Umweltschutz,AI,EFZ,0,0,0,0,0,0,0,0,0
Umweltschutz,AI,EBA,0,0,0,0,0,0,0,0,0
Umweltschutz,AI,nReglementiert,0,0,0,0,0,0,0,0,0
Umweltschutz,SG,abt-total,5,0,5,5,0,5,0,0,0
Umweltschutz,SG,EFZ,5,0,5,5,0,5,0,0,0
Umweltschutz,SG,EBA,0,0,0,0,0,0,0,0,0
Umweltschutz,SG,nReglementiert,0,0,0,0,0,0,0,0,0
Umweltschutz,GR,abt-total,0,0,0,0,0,0,0,0,0
Umweltschutz,GR,EFZ,0,0,0,0,0,0,0,0,0
Umweltschutz,GR,EBA,0,0,0,0,0,0,0,0,0
Umweltschutz,GR,nReglementiert,0,0,0,0,0,0,0,0,0
Umweltschutz,AG,abt-total,5,0,5,3,0,3,2,0,2
Umweltschutz,AG,EFZ,5,0,5,3,0,3,2,0,2
Umweltschutz,AG,EBA,0,0,0,0,0,0,0,0,0
Umweltschutz,AG,nReglementiert,0,0,0,0,0,0,0,0,0
Umweltschutz,TG,abt-total,2,0,2,2,0,2,0,0,0
Umweltschutz,TG,EFZ,2,0,2,2,0,2,0,0,0
Umweltschutz,TG,EBA,0,0,0,0,0,0,0,0,0
Umweltschutz,TG,nReglementiert,0,0,0,0,0,0,0,0,0
Umweltschutz,TI,abt-total,0,0,0,0,0,0,0,0,0
Umweltschutz,TI,EFZ,0,0,0,0,0,0,0,0,0
Umweltschutz,TI,EBA,0,0,0,0,0,0,0,0,0
Umweltschutz,TI,nReglementiert,0,0,0,0,0,0,0,0,0
Umweltschutz,VD,abt-total,4,0,4,3,0,3,1,0,1
Umweltschutz,VD,EFZ,4,0,4,3,0,3,1,0,1
Umweltschutz,VD,EBA,0,0,0,0,0,0,0,0,0
Umweltschutz,VD,nReglementiert,0,0,0,0,0,0,0,0,0
Umweltschutz,VS,abt-total,1,0,1,1,0,1,0,0,0
Umweltschutz,VS,EFZ,1,0,1,1,0,1,0,0,0
Umweltschutz,VS,EBA,0,0,0,0,0,0,0,0,0
Umweltschutz,VS,nReglementiert,0,0,0,0,0,0,0,0,0
Umweltschutz,NE,abt-total,0,0,0,0,0,0,0,0,0
Umweltschutz,NE,EFZ,0,0,0,0,0,0,0,0,0
Umweltschutz,NE,EBA,0,0,0,0,0,0,0,0,0
Umweltschutz,NE,nReglementiert,0,0,0,0,0,0,0,0,0
Umweltschutz,GE,abt-total,1,0,1,1,0,1,0,0,0
Umweltschutz,GE,EFZ,1,0,1,1,0,1,0,0,0
Umweltschutz,GE,EBA,0,0,0,0,0,0,0,0,0
Umweltschutz,GE,nReglementiert,0,0,0,0,0,0,0,0,0
Umweltschutz,JU,abt-total,0,0,0,0,0,0,0,0,0
Umweltschutz,JU,EFZ,0,0,0,0,0,0,0,0,0
Umweltschutz,JU,EBA,0,0,0,0,0,0,0,0,0
Umweltschutz,JU,nReglementiert,0,0,0,0,0,0,0,0,0
