Ausbildungsfeld,Canton,Ausbildungstyp,Geschlecht_Total,Geschlecht_Vollschulisch,Geschlecht_Dual,Mann_Total,Mann_Vollschulisch,Mann_Dual,Frau_Total,Frau_Vollschulisch,Frau_Dual
Total,,abt-total,75784,5209,70575,43981,3049,40932,31803,2160,29643
Total,,EFZ,70145,5053,65092,40748,2955,37793,29397,2098,27299
Total,,EBA,5608,125,5483,3229,90,3139,2379,35,2344
Total,,nReglementiert,31,31,0,4,4,0,27,27,0
Total,ZH,abt-total,12081,124,11957,6699,84,6615,5382,40,5342
Total,ZH,EFZ,11111,121,10990,6170,81,6089,4941,40,4901
Total,ZH,EBA,970,3,967,529,3,526,441,0,441
Total,ZH,nReglementiert,0,0,0,0,0,0,0,0,0
Total,BE,abt-total,10155,548,9607,5758,355,5403,4397,193,4204
Total,BE,EFZ,9349,454,8895,5269,271,4998,4080,183,3897
Total,BE,EBA,806,94,712,489,84,405,317,10,307
Total,BE,nReglementiert,0,0,0,0,0,0,0,0,0
Total,LU,abt-total,4050,22,4028,2256,8,2248,1794,14,1780
Total,LU,EFZ,3657,22,3635,2059,8,2051,1598,14,1584
Total,LU,EBA,393,0,393,197,0,197,196,0,196
Total,LU,nReglementiert,0,0,0,0,0,0,0,0,0
Total,UR,abt-total,424,0,424,237,0,237,187,0,187
Total,UR,EFZ,404,0,404,226,0,226,178,0,178
Total,UR,EBA,20,0,20,11,0,11,9,0,9
Total,UR,nReglementiert,0,0,0,0,0,0,0,0,0
Total,SZ,abt-total,1213,0,1213,709,0,709,504,0,504
Total,SZ,EFZ,1126,0,1126,653,0,653,473,0,473
Total,SZ,EBA,87,0,87,56,0,56,31,0,31
Total,SZ,nReglementiert,0,0,0,0,0,0,0,0,0
Total,OW,abt-total,378,0,378,218,0,218,160,0,160
Total,OW,EFZ,347,0,347,206,0,206,141,0,141
Total,OW,EBA,31,0,31,12,0,12,19,0,19
Total,OW,nReglementiert,0,0,0,0,0,0,0,0,0
Total,NW,abt-total,372,0,372,213,0,213,159,0,159
Total,NW,EFZ,362,0,362,212,0,212,150,0,150
Total,NW,EBA,10,0,10,1,0,1,9,0,9
Total,NW,nReglementiert,0,0,0,0,0,0,0,0,0
Total,GL,abt-total,479,0,479,285,0,285,194,0,194
Total,GL,EFZ,440,0,440,261,0,261,179,0,179
Total,GL,EBA,39,0,39,24,0,24,15,0,15
Total,GL,nReglementiert,0,0,0,0,0,0,0,0,0
Total,ZG,abt-total,1250,0,1250,729,0,729,521,0,521
Total,ZG,EFZ,1168,0,1168,691,0,691,477,0,477
Total,ZG,EBA,82,0,82,38,0,38,44,0,44
Total,ZG,nReglementiert,0,0,0,0,0,0,0,0,0
Total,FR,abt-total,2768,174,2594,1714,124,1590,1054,50,1004
Total,FR,EFZ,2623,168,2455,1633,124,1509,990,44,946
Total,FR,EBA,145,6,139,81,0,81,64,6,58
Total,FR,nReglementiert,0,0,0,0,0,0,0,0,0
Total,SO,abt-total,2177,43,2134,1286,26,1260,891,17,874
Total,SO,EFZ,1925,43,1882,1150,26,1124,775,17,758
Total,SO,EBA,252,0,252,136,0,136,116,0,116
Total,SO,nReglementiert,0,0,0,0,0,0,0,0,0
Total,BS,abt-total,1980,47,1933,1012,31,981,968,16,952
Total,BS,EFZ,1726,44,1682,903,30,873,823,14,809
Total,BS,EBA,254,3,251,109,1,108,145,2,143
Total,BS,nReglementiert,0,0,0,0,0,0,0,0,0
Total,BL,abt-total,2046,0,2046,1274,0,1274,772,0,772
Total,BL,EFZ,1828,0,1828,1154,0,1154,674,0,674
Total,BL,EBA,218,0,218,120,0,120,98,0,98
Total,Bl,nReglementiert,0,0,0,0,0,0,0,0,0
Total,SH,abt-total,889,0,889,487,0,487,402,0,402
Total,SH,EFZ,817,0,817,448,0,448,369,0,369
Total,SH,EBA,72,0,72,39,0,39,33,0,33
Total,SH,nReglementiert,0,0,0,0,0,0,0,0,0
Total,AR,abt-total,472,0,472,251,0,251,221,0,221
Total,AR,EFZ,434,0,434,230,0,230,204,0,204
Total,AR,EBA,38,0,38,21,0,21,17,0,17
Total,AR,nReglementiert,0,0,0,0,0,0,0,0,0
Total,AI,abt-total,174,0,174,102,0,102,72,0,72
Total,AI,EFZ,168,0,168,98,0,98,70,0,70
Total,AI,EBA,6,0,6,4,0,4,2,0,2
Total,AI,nReglementiert,0,0,0,0,0,0,0,0,0
Total,SG,abt-total,5527,17,5510,3109,2,3107,2418,15,2403
Total,SG,EFZ,5103,17,5086,2837,2,2835,2266,15,2251
Total,SG,EBA,424,0,424,272,0,272,152,0,152
Total,SG,nReglementiert,0,0,0,0,0,0,0,0,0
Total,GR,abt-total,1979,10,1969,1129,10,1119,850,0,850
Total,GR,EFZ,1839,9,1830,1043,9,1034,796,0,796
Total,GR,EBA,140,1,139,86,1,85,54,0,54
Total,GR,nReglementiert,0,0,0,0,0,0,0,0,0
Total,AG,abt-total,5450,0,5450,3196,0,3196,2254,0,2254
Total,AG,EFZ,5088,0,5088,2992,0,2992,2096,0,2096
Total,AG,EBA,362,0,362,204,0,204,158,0,158
Total,AG,nReglementiert,0,0,0,0,0,0,0,0,0
Total,TG,abt-total,2424,1,2423,1434,0,1434,990,1,989
Total,TG,EFZ,2213,1,2212,1308,0,1308,905,1,904
Total,TG,EBA,211,0,211,126,0,126,85,0,85
Total,TG,nReglementiert,0,0,0,0,0,0,0,0,0
Total,TI,abt-total,2904,709,2195,1852,375,1477,1052,334,718
Total,TI,EFZ,2757,709,2048,1744,375,1369,1013,334,679
Total,TI,EBA,147,0,147,108,0,108,39,0,39
Total,TI,nReglementiert,0,0,0,0,0,0,0,0,0
Total,VD,abt-total,6730,953,5777,4031,566,3465,2699,387,2312
Total,VD,EFZ,6353,952,5401,3780,566,3214,2573,386,2187
Total,VD,EBA,377,1,376,251,0,251,126,1,125
Total,VD,nReglementiert,0,0,0,0,0,0,0,0,0
Total,VS,abt-total,3102,323,2779,1897,123,1774,1205,200,1005
Total,VS,EFZ,2871,282,2589,1780,118,1662,1091,164,927
Total,VS,EBA,200,10,190,113,1,112,87,9,78
Total,VS,nReglementiert,31,31,0,4,4,0,27,27,0
Total,NE,abt-total,2164,641,1523,1248,368,880,916,273,643
Total,NE,EFZ,2046,641,1405,1184,368,816,862,273,589
Total,NE,EBA,118,0,118,64,0,64,54,0,54
Total,NE,nReglementiert,0,0,0,0,0,0,0,0,0
Total,GE,abt-total,3661,1416,2245,2279,895,1384,1382,521,861
Total,GE,EFZ,3504,1416,2088,2170,895,1275,1334,521,813
Total,GE,EBA,157,0,157,109,0,109,48,0,48
Total,GE,nReglementiert,0,0,0,0,0,0,0,0,0
Total,JU,abt-total,935,181,754,576,82,494,359,99,260
Total,JU,EFZ,886,174,712,547,82,465,339,92,247
Total,JU,EBA,49,7,42,29,0,29,20,7,13
Total,JU,nReglementiert,0,0,0,0,0,0,0,0,0
Musik und darstellende Kunst,,abt-total,27,10,17,12,2,10,15,8,7
Musik und darstellende Kunst,,EFZ,27,10,17,12,2,10,15,8,7
Musik und darstellende Kunst,,EBA,0,0,0,0,0,0,0,0,0
Musik und darstellende Kunst,,nReglementiert,0,0,0,0,0,0,0,0,0
Musik und darstellende Kunst,ZH,abt-total,17,0,17,10,0,10,7,0,7
Musik und darstellende Kunst,ZH,EFZ,17,0,17,10,0,10,7,0,7
Musik und darstellende Kunst,ZH,EBA,0,0,0,0,0,0,0,0,0
Musik und darstellende Kunst,ZH,nReglementiert,0,0,0,0,0,0,0,0,0
Musik und darstellende Kunst,BE,abt-total,0,0,0,0,0,0,0,0,0
Musik und darstellende Kunst,BE,EFZ,0,0,0,0,0,0,0,0,0
Musik und darstellende Kunst,BE,EBA,0,0,0,0,0,0,0,0,0
Musik und darstellende Kunst,BE,nReglementiert,0,0,0,0,0,0,0,0,0
Musik und darstellende Kunst,LU,abt-total,0,0,0,0,0,0,0,0,0
Musik und darstellende Kunst,LU,EFZ,0,0,0,0,0,0,0,0,0
Musik und darstellende Kunst,LU,EBA,0,0,0,0,0,0,0,0,0
Musik und darstellende Kunst,LU,nReglementiert,0,0,0,0,0,0,0,0,0
Musik und darstellende Kunst,UR,abt-total,0,0,0,0,0,0,0,0,0
Musik und darstellende Kunst,UR,EFZ,0,0,0,0,0,0,0,0,0
Musik und darstellende Kunst,UR,EBA,0,0,0,0,0,0,0,0,0
Musik und darstellende Kunst,UR,nReglementiert,0,0,0,0,0,0,0,0,0
Musik und darstellende Kunst,SZ,abt-total,0,0,0,0,0,0,0,0,0
Musik und darstellende Kunst,SZ,EFZ,0,0,0,0,0,0,0,0,0
Musik und darstellende Kunst,SZ,EBA,0,0,0,0,0,0,0,0,0
Musik und darstellende Kunst,SZ,nReglementiert,0,0,0,0,0,0,0,0,0
Musik und darstellende Kunst,OW,abt-total,0,0,0,0,0,0,0,0,0
Musik und darstellende Kunst,OW,EFZ,0,0,0,0,0,0,0,0,0
Musik und darstellende Kunst,OW,EBA,0,0,0,0,0,0,0,0,0
Musik und darstellende Kunst,OW,nReglementiert,0,0,0,0,0,0,0,0,0
Musik und darstellende Kunst,NW,abt-total,0,0,0,0,0,0,0,0,0
Musik und darstellende Kunst,NW,EFZ,0,0,0,0,0,0,0,0,0
Musik und darstellende Kunst,NW,EBA,0,0,0,0,0,0,0,0,0
Musik und darstellende Kunst,NW,nReglementiert,0,0,0,0,0,0,0,0,0
Musik und darstellende Kunst,GL,abt-total,0,0,0,0,0,0,0,0,0
Musik und darstellende Kunst,GL,EFZ,0,0,0,0,0,0,0,0,0
Musik und darstellende Kunst,GL,EBA,0,0,0,0,0,0,0,0,0
Musik und darstellende Kunst,GL,nReglementiert,0,0,0,0,0,0,0,0,0
Musik und darstellende Kunst,ZG,abt-total,0,0,0,0,0,0,0,0,0
Musik und darstellende Kunst,ZG,EFZ,0,0,0,0,0,0,0,0,0
Musik und darstellende Kunst,ZG,EBA,0,0,0,0,0,0,0,0,0
Musik und darstellende Kunst,ZG,nReglementiert,0,0,0,0,0,0,0,0,0
Musik und darstellende Kunst,FR,abt-total,0,0,0,0,0,0,0,0,0
Musik und darstellende Kunst,FR,EFZ,0,0,0,0,0,0,0,0,0
Musik und darstellende Kunst,FR,EBA,0,0,0,0,0,0,0,0,0
Musik und darstellende Kunst,FR,nReglementiert,0,0,0,0,0,0,0,0,0
Musik und darstellende Kunst,SO,abt-total,0,0,0,0,0,0,0,0,0
Musik und darstellende Kunst,SO,EFZ,0,0,0,0,0,0,0,0,0
Musik und darstellende Kunst,SO,EBA,0,0,0,0,0,0,0,0,0
Musik und darstellende Kunst,SO,nReglementiert,0,0,0,0,0,0,0,0,0
Musik und darstellende Kunst,BS,abt-total,0,0,0,0,0,0,0,0,0
Musik und darstellende Kunst,BS,EFZ,0,0,0,0,0,0,0,0,0
Musik und darstellende Kunst,BS,EBA,0,0,0,0,0,0,0,0,0
Musik und darstellende Kunst,BS,nReglementiert,0,0,0,0,0,0,0,0,0
Musik und darstellende Kunst,BL,abt-total,0,0,0,0,0,0,0,0,0
Musik und darstellende Kunst,BL,EFZ,0,0,0,0,0,0,0,0,0
Musik und darstellende Kunst,BL,EBA,0,0,0,0,0,0,0,0,0
Musik und darstellende Kunst,Bl,nReglementiert,0,0,0,0,0,0,0,0,0
Musik und darstellende Kunst,SH,abt-total,0,0,0,0,0,0,0,0,0
Musik und darstellende Kunst,SH,EFZ,0,0,0,0,0,0,0,0,0
Musik und darstellende Kunst,SH,EBA,0,0,0,0,0,0,0,0,0
Musik und darstellende Kunst,SH,nReglementiert,0,0,0,0,0,0,0,0,0
Musik und darstellende Kunst,AR,abt-total,0,0,0,0,0,0,0,0,0
Musik und darstellende Kunst,AR,EFZ,0,0,0,0,0,0,0,0,0
Musik und darstellende Kunst,AR,EBA,0,0,0,0,0,0,0,0,0
Musik und darstellende Kunst,AR,nReglementiert,0,0,0,0,0,0,0,0,0
Musik und darstellende Kunst,AI,abt-total,0,0,0,0,0,0,0,0,0
Musik und darstellende Kunst,AI,EFZ,0,0,0,0,0,0,0,0,0
Musik und darstellende Kunst,AI,EBA,0,0,0,0,0,0,0,0,0
Musik und darstellende Kunst,AI,nReglementiert,0,0,0,0,0,0,0,0,0
Musik und darstellende Kunst,SG,abt-total,0,0,0,0,0,0,0,0,0
Musik und darstellende Kunst,SG,EFZ,0,0,0,0,0,0,0,0,0
Musik und darstellende Kunst,SG,EBA,0,0,0,0,0,0,0,0,0
Musik und darstellende Kunst,SG,nReglementiert,0,0,0,0,0,0,0,0,0
Musik und darstellende Kunst,GR,abt-total,0,0,0,0,0,0,0,0,0
Musik und darstellende Kunst,GR,EFZ,0,0,0,0,0,0,0,0,0
Musik und darstellende Kunst,GR,EBA,0,0,0,0,0,0,0,0,0
Musik und darstellende Kunst,GR,nReglementiert,0,0,0,0,0,0,0,0,0
Musik und darstellende Kunst,AG,abt-total,0,0,0,0,0,0,0,0,0
Musik und darstellende Kunst,AG,EFZ,0,0,0,0,0,0,0,0,0
Musik und darstellende Kunst,AG,EBA,0,0,0,0,0,0,0,0,0
Musik und darstellende Kunst,AG,nReglementiert,0,0,0,0,0,0,0,0,0
Musik und darstellende Kunst,TG,abt-total,0,0,0,0,0,0,0,0,0
Musik und darstellende Kunst,TG,EFZ,0,0,0,0,0,0,0,0,0
Musik und darstellende Kunst,TG,EBA,0,0,0,0,0,0,0,0,0
Musik und darstellende Kunst,TG,nReglementiert,0,0,0,0,0,0,0,0,0
Musik und darstellende Kunst,TI,abt-total,0,0,0,0,0,0,0,0,0
Musik und darstellende Kunst,TI,EFZ,0,0,0,0,0,0,0,0,0
Musik und darstellende Kunst,TI,EBA,0,0,0,0,0,0,0,0,0
Musik und darstellende Kunst,TI,nReglementiert,0,0,0,0,0,0,0,0,0
Musik und darstellende Kunst,VD,abt-total,0,0,0,0,0,0,0,0,0
Musik und darstellende Kunst,VD,EFZ,0,0,0,0,0,0,0,0,0
Musik und darstellende Kunst,VD,EBA,0,0,0,0,0,0,0,0,0
Musik und darstellende Kunst,VD,nReglementiert,0,0,0,0,0,0,0,0,0
Musik und darstellende Kunst,VS,abt-total,0,0,0,0,0,0,0,0,0
Musik und darstellende Kunst,VS,EFZ,0,0,0,0,0,0,0,0,0
Musik und darstellende Kunst,VS,EBA,0,0,0,0,0,0,0,0,0
Musik und darstellende Kunst,VS,nReglementiert,0,0,0,0,0,0,0,0,0
Musik und darstellende Kunst,NE,abt-total,0,0,0,0,0,0,0,0,0
Musik und darstellende Kunst,NE,EFZ,0,0,0,0,0,0,0,0,0
Musik und darstellende Kunst,NE,EBA,0,0,0,0,0,0,0,0,0
Musik und darstellende Kunst,NE,nReglementiert,0,0,0,0,0,0,0,0,0
Musik und darstellende Kunst,GE,abt-total,10,10,0,2,2,0,8,8,0
Musik und darstellende Kunst,GE,EFZ,10,10,0,2,2,0,8,8,0
Musik und darstellende Kunst,GE,EBA,0,0,0,0,0,0,0,0,0
Musik und darstellende Kunst,GE,nReglementiert,0,0,0,0,0,0,0,0,0
Musik und darstellende Kunst,JU,abt-total,0,0,0,0,0,0,0,0,0
Musik und darstellende Kunst,JU,EFZ,0,0,0,0,0,0,0,0,0
Musik und darstellende Kunst,JU,EBA,0,0,0,0,0,0,0,0,0
Musik und darstellende Kunst,JU,nReglementiert,0,0,0,0,0,0,0,0,0
Audiovisuelle Techniken und Medienproduktion,,abt-total,1478,400,1078,779,186,593,699,214,485
Audiovisuelle Techniken und Medienproduktion,,EFZ,1478,400,1078,779,186,593,699,214,485
Audiovisuelle Techniken und Medienproduktion,,EBA,0,0,0,0,0,0,0,0,0
Audiovisuelle Techniken und Medienproduktion,,nReglementiert,0,0,0,0,0,0,0,0,0
Audiovisuelle Techniken und Medienproduktion,ZH,abt-total,180,0,180,92,0,92,88,0,88
Audiovisuelle Techniken und Medienproduktion,ZH,EFZ,180,0,180,92,0,92,88,0,88
Audiovisuelle Techniken und Medienproduktion,ZH,EBA,0,0,0,0,0,0,0,0,0
Audiovisuelle Techniken und Medienproduktion,ZH,nReglementiert,0,0,0,0,0,0,0,0,0
Audiovisuelle Techniken und Medienproduktion,BE,abt-total,176,18,158,90,3,87,86,15,71
Audiovisuelle Techniken und Medienproduktion,BE,EFZ,176,18,158,90,3,87,86,15,71
Audiovisuelle Techniken und Medienproduktion,BE,EBA,0,0,0,0,0,0,0,0,0
Audiovisuelle Techniken und Medienproduktion,BE,nReglementiert,0,0,0,0,0,0,0,0,0
Audiovisuelle Techniken und Medienproduktion,LU,abt-total,99,22,77,44,8,36,55,14,41
Audiovisuelle Techniken und Medienproduktion,LU,EFZ,99,22,77,44,8,36,55,14,41
Audiovisuelle Techniken und Medienproduktion,LU,EBA,0,0,0,0,0,0,0,0,0
Audiovisuelle Techniken und Medienproduktion,LU,nReglementiert,0,0,0,0,0,0,0,0,0
Audiovisuelle Techniken und Medienproduktion,UR,abt-total,3,0,3,1,0,1,2,0,2
Audiovisuelle Techniken und Medienproduktion,UR,EFZ,3,0,3,1,0,1,2,0,2
Audiovisuelle Techniken und Medienproduktion,UR,EBA,0,0,0,0,0,0,0,0,0
Audiovisuelle Techniken und Medienproduktion,UR,nReglementiert,0,0,0,0,0,0,0,0,0
Audiovisuelle Techniken und Medienproduktion,SZ,abt-total,11,0,11,4,0,4,7,0,7
Audiovisuelle Techniken und Medienproduktion,SZ,EFZ,11,0,11,4,0,4,7,0,7
Audiovisuelle Techniken und Medienproduktion,SZ,EBA,0,0,0,0,0,0,0,0,0
Audiovisuelle Techniken und Medienproduktion,SZ,nReglementiert,0,0,0,0,0,0,0,0,0
Audiovisuelle Techniken und Medienproduktion,OW,abt-total,9,0,9,5,0,5,4,0,4
Audiovisuelle Techniken und Medienproduktion,OW,EFZ,9,0,9,5,0,5,4,0,4
Audiovisuelle Techniken und Medienproduktion,OW,EBA,0,0,0,0,0,0,0,0,0
Audiovisuelle Techniken und Medienproduktion,OW,nReglementiert,0,0,0,0,0,0,0,0,0
Audiovisuelle Techniken und Medienproduktion,NW,abt-total,9,0,9,4,0,4,5,0,5
Audiovisuelle Techniken und Medienproduktion,NW,EFZ,9,0,9,4,0,4,5,0,5
Audiovisuelle Techniken und Medienproduktion,NW,EBA,0,0,0,0,0,0,0,0,0
Audiovisuelle Techniken und Medienproduktion,NW,nReglementiert,0,0,0,0,0,0,0,0,0
Audiovisuelle Techniken und Medienproduktion,GL,abt-total,3,0,3,2,0,2,1,0,1
Audiovisuelle Techniken und Medienproduktion,GL,EFZ,3,0,3,2,0,2,1,0,1
Audiovisuelle Techniken und Medienproduktion,GL,EBA,0,0,0,0,0,0,0,0,0
Audiovisuelle Techniken und Medienproduktion,GL,nReglementiert,0,0,0,0,0,0,0,0,0
Audiovisuelle Techniken und Medienproduktion,ZG,abt-total,20,0,20,9,0,9,11,0,11
Audiovisuelle Techniken und Medienproduktion,ZG,EFZ,20,0,20,9,0,9,11,0,11
Audiovisuelle Techniken und Medienproduktion,ZG,EBA,0,0,0,0,0,0,0,0,0
Audiovisuelle Techniken und Medienproduktion,ZG,nReglementiert,0,0,0,0,0,0,0,0,0
Audiovisuelle Techniken und Medienproduktion,FR,abt-total,63,40,23,41,27,14,22,13,9
Audiovisuelle Techniken und Medienproduktion,FR,EFZ,63,40,23,41,27,14,22,13,9
Audiovisuelle Techniken und Medienproduktion,FR,EBA,0,0,0,0,0,0,0,0,0
Audiovisuelle Techniken und Medienproduktion,FR,nReglementiert,0,0,0,0,0,0,0,0,0
Audiovisuelle Techniken und Medienproduktion,SO,abt-total,30,0,30,14,0,14,16,0,16
Audiovisuelle Techniken und Medienproduktion,SO,EFZ,30,0,30,14,0,14,16,0,16
Audiovisuelle Techniken und Medienproduktion,SO,EBA,0,0,0,0,0,0,0,0,0
Audiovisuelle Techniken und Medienproduktion,SO,nReglementiert,0,0,0,0,0,0,0,0,0
Audiovisuelle Techniken und Medienproduktion,BS,abt-total,18,0,18,8,0,8,10,0,10
Audiovisuelle Techniken und Medienproduktion,BS,EFZ,18,0,18,8,0,8,10,0,10
Audiovisuelle Techniken und Medienproduktion,BS,EBA,0,0,0,0,0,0,0,0,0
Audiovisuelle Techniken und Medienproduktion,BS,nReglementiert,0,0,0,0,0,0,0,0,0
Audiovisuelle Techniken und Medienproduktion,BL,abt-total,24,0,24,9,0,9,15,0,15
Audiovisuelle Techniken und Medienproduktion,BL,EFZ,24,0,24,9,0,9,15,0,15
Audiovisuelle Techniken und Medienproduktion,BL,EBA,0,0,0,0,0,0,0,0,0
Audiovisuelle Techniken und Medienproduktion,Bl,nReglementiert,0,0,0,0,0,0,0,0,0
Audiovisuelle Techniken und Medienproduktion,SH,abt-total,19,0,19,12,0,12,7,0,7
Audiovisuelle Techniken und Medienproduktion,SH,EFZ,19,0,19,12,0,12,7,0,7
Audiovisuelle Techniken und Medienproduktion,SH,EBA,0,0,0,0,0,0,0,0,0
Audiovisuelle Techniken und Medienproduktion,SH,nReglementiert,0,0,0,0,0,0,0,0,0
Audiovisuelle Techniken und Medienproduktion,AR,abt-total,5,0,5,2,0,2,3,0,3
Audiovisuelle Techniken und Medienproduktion,AR,EFZ,5,0,5,2,0,2,3,0,3
Audiovisuelle Techniken und Medienproduktion,AR,EBA,0,0,0,0,0,0,0,0,0
Audiovisuelle Techniken und Medienproduktion,AR,nReglementiert,0,0,0,0,0,0,0,0,0
Audiovisuelle Techniken und Medienproduktion,AI,abt-total,5,0,5,2,0,2,3,0,3
Audiovisuelle Techniken und Medienproduktion,AI,EFZ,5,0,5,2,0,2,3,0,3
Audiovisuelle Techniken und Medienproduktion,AI,EBA,0,0,0,0,0,0,0,0,0
Audiovisuelle Techniken und Medienproduktion,AI,nReglementiert,0,0,0,0,0,0,0,0,0
Audiovisuelle Techniken und Medienproduktion,SG,abt-total,88,11,77,48,2,46,40,9,31
Audiovisuelle Techniken und Medienproduktion,SG,EFZ,88,11,77,48,2,46,40,9,31
Audiovisuelle Techniken und Medienproduktion,SG,EBA,0,0,0,0,0,0,0,0,0
Audiovisuelle Techniken und Medienproduktion,SG,nReglementiert,0,0,0,0,0,0,0,0,0
Audiovisuelle Techniken und Medienproduktion,GR,abt-total,19,0,19,9,0,9,10,0,10
Audiovisuelle Techniken und Medienproduktion,GR,EFZ,19,0,19,9,0,9,10,0,10
Audiovisuelle Techniken und Medienproduktion,GR,EBA,0,0,0,0,0,0,0,0,0
Audiovisuelle Techniken und Medienproduktion,GR,nReglementiert,0,0,0,0,0,0,0,0,0
Audiovisuelle Techniken und Medienproduktion,AG,abt-total,76,0,76,44,0,44,32,0,32
Audiovisuelle Techniken und Medienproduktion,AG,EFZ,76,0,76,44,0,44,32,0,32
Audiovisuelle Techniken und Medienproduktion,AG,EBA,0,0,0,0,0,0,0,0,0
Audiovisuelle Techniken und Medienproduktion,AG,nReglementiert,0,0,0,0,0,0,0,0,0
Audiovisuelle Techniken und Medienproduktion,TG,abt-total,60,0,60,32,0,32,28,0,28
Audiovisuelle Techniken und Medienproduktion,TG,EFZ,60,0,60,32,0,32,28,0,28
Audiovisuelle Techniken und Medienproduktion,TG,EBA,0,0,0,0,0,0,0,0,0
Audiovisuelle Techniken und Medienproduktion,TG,nReglementiert,0,0,0,0,0,0,0,0,0
Audiovisuelle Techniken und Medienproduktion,TI,abt-total,49,21,28,25,7,18,24,14,10
Audiovisuelle Techniken und Medienproduktion,TI,EFZ,49,21,28,25,7,18,24,14,10
Audiovisuelle Techniken und Medienproduktion,TI,EBA,0,0,0,0,0,0,0,0,0
Audiovisuelle Techniken und Medienproduktion,TI,nReglementiert,0,0,0,0,0,0,0,0,0
Audiovisuelle Techniken und Medienproduktion,VD,abt-total,280,156,124,155,75,80,125,81,44
Audiovisuelle Techniken und Medienproduktion,VD,EFZ,280,156,124,155,75,80,125,81,44
Audiovisuelle Techniken und Medienproduktion,VD,EBA,0,0,0,0,0,0,0,0,0
Audiovisuelle Techniken und Medienproduktion,VD,nReglementiert,0,0,0,0,0,0,0,0,0
Audiovisuelle Techniken und Medienproduktion,VS,abt-total,83,31,52,44,14,30,39,17,22
Audiovisuelle Techniken und Medienproduktion,VS,EFZ,83,31,52,44,14,30,39,17,22
Audiovisuelle Techniken und Medienproduktion,VS,EBA,0,0,0,0,0,0,0,0,0
Audiovisuelle Techniken und Medienproduktion,VS,nReglementiert,0,0,0,0,0,0,0,0,0
Audiovisuelle Techniken und Medienproduktion,NE,abt-total,65,48,17,40,28,12,25,20,5
Audiovisuelle Techniken und Medienproduktion,NE,EFZ,65,48,17,40,28,12,25,20,5
Audiovisuelle Techniken und Medienproduktion,NE,EBA,0,0,0,0,0,0,0,0,0
Audiovisuelle Techniken und Medienproduktion,NE,nReglementiert,0,0,0,0,0,0,0,0,0
Audiovisuelle Techniken und Medienproduktion,GE,abt-total,81,53,28,42,22,20,39,31,8
Audiovisuelle Techniken und Medienproduktion,GE,EFZ,81,53,28,42,22,20,39,31,8
Audiovisuelle Techniken und Medienproduktion,GE,EBA,0,0,0,0,0,0,0,0,0
Audiovisuelle Techniken und Medienproduktion,GE,nReglementiert,0,0,0,0,0,0,0,0,0
Audiovisuelle Techniken und Medienproduktion,JU,abt-total,3,0,3,1,0,1,2,0,2
Audiovisuelle Techniken und Medienproduktion,JU,EFZ,3,0,3,1,0,1,2,0,2
Audiovisuelle Techniken und Medienproduktion,JU,EBA,0,0,0,0,0,0,0,0,0
Audiovisuelle Techniken und Medienproduktion,JU,nReglementiert,0,0,0,0,0,0,0,0,0
Design,,abt-total,459,54,405,162,8,154,297,46,251
Design,,EFZ,459,54,405,162,8,154,297,46,251
Design,,EBA,0,0,0,0,0,0,0,0,0
Design,,nReglementiert,0,0,0,0,0,0,0,0,0
Design,ZH,abt-total,68,0,68,21,0,21,47,0,47
Design,ZH,EFZ,68,0,68,21,0,21,47,0,47
Design,ZH,EBA,0,0,0,0,0,0,0,0,0
Design,ZH,nReglementiert,0,0,0,0,0,0,0,0,0
Design,BE,abt-total,49,0,49,16,0,16,33,0,33
Design,BE,EFZ,49,0,49,16,0,16,33,0,33
Design,BE,EBA,0,0,0,0,0,0,0,0,0
Design,BE,nReglementiert,0,0,0,0,0,0,0,0,0
Design,LU,abt-total,23,0,23,8,0,8,15,0,15
Design,LU,EFZ,23,0,23,8,0,8,15,0,15
Design,LU,EBA,0,0,0,0,0,0,0,0,0
Design,LU,nReglementiert,0,0,0,0,0,0,0,0,0
Design,UR,abt-total,2,0,2,0,0,0,2,0,2
Design,UR,EFZ,2,0,2,0,0,0,2,0,2
Design,UR,EBA,0,0,0,0,0,0,0,0,0
Design,UR,nReglementiert,0,0,0,0,0,0,0,0,0
Design,SZ,abt-total,3,0,3,2,0,2,1,0,1
Design,SZ,EFZ,3,0,3,2,0,2,1,0,1
Design,SZ,EBA,0,0,0,0,0,0,0,0,0
Design,SZ,nReglementiert,0,0,0,0,0,0,0,0,0
Design,OW,abt-total,4,0,4,1,0,1,3,0,3
Design,OW,EFZ,4,0,4,1,0,1,3,0,3
Design,OW,EBA,0,0,0,0,0,0,0,0,0
Design,OW,nReglementiert,0,0,0,0,0,0,0,0,0
Design,NW,abt-total,4,0,4,0,0,0,4,0,4
Design,NW,EFZ,4,0,4,0,0,0,4,0,4
Design,NW,EBA,0,0,0,0,0,0,0,0,0
Design,NW,nReglementiert,0,0,0,0,0,0,0,0,0
Design,GL,abt-total,0,0,0,0,0,0,0,0,0
Design,GL,EFZ,0,0,0,0,0,0,0,0,0
Design,GL,EBA,0,0,0,0,0,0,0,0,0
Design,GL,nReglementiert,0,0,0,0,0,0,0,0,0
Design,ZG,abt-total,6,0,6,3,0,3,3,0,3
Design,ZG,EFZ,6,0,6,3,0,3,3,0,3
Design,ZG,EBA,0,0,0,0,0,0,0,0,0
Design,ZG,nReglementiert,0,0,0,0,0,0,0,0,0
Design,FR,abt-total,12,0,12,5,0,5,7,0,7
Design,FR,EFZ,12,0,12,5,0,5,7,0,7
Design,FR,EBA,0,0,0,0,0,0,0,0,0
Design,FR,nReglementiert,0,0,0,0,0,0,0,0,0
Design,SO,abt-total,5,0,5,1,0,1,4,0,4
Design,SO,EFZ,5,0,5,1,0,1,4,0,4
Design,SO,EBA,0,0,0,0,0,0,0,0,0
Design,SO,nReglementiert,0,0,0,0,0,0,0,0,0
Design,BS,abt-total,11,0,11,1,0,1,10,0,10
Design,BS,EFZ,11,0,11,1,0,1,10,0,10
Design,BS,EBA,0,0,0,0,0,0,0,0,0
Design,BS,nReglementiert,0,0,0,0,0,0,0,0,0
Design,BL,abt-total,7,0,7,2,0,2,5,0,5
Design,BL,EFZ,7,0,7,2,0,2,5,0,5
Design,BL,EBA,0,0,0,0,0,0,0,0,0
Design,Bl,nReglementiert,0,0,0,0,0,0,0,0,0
Design,SH,abt-total,3,0,3,0,0,0,3,0,3
Design,SH,EFZ,3,0,3,0,0,0,3,0,3
Design,SH,EBA,0,0,0,0,0,0,0,0,0
Design,SH,nReglementiert,0,0,0,0,0,0,0,0,0
Design,AR,abt-total,1,0,1,0,0,0,1,0,1
Design,AR,EFZ,1,0,1,0,0,0,1,0,1
Design,AR,EBA,0,0,0,0,0,0,0,0,0
Design,AR,nReglementiert,0,0,0,0,0,0,0,0,0
Design,AI,abt-total,0,0,0,0,0,0,0,0,0
Design,AI,EFZ,0,0,0,0,0,0,0,0,0
Design,AI,EBA,0,0,0,0,0,0,0,0,0
Design,AI,nReglementiert,0,0,0,0,0,0,0,0,0
Design,SG,abt-total,34,0,34,11,0,11,23,0,23
Design,SG,EFZ,34,0,34,11,0,11,23,0,23
Design,SG,EBA,0,0,0,0,0,0,0,0,0
Design,SG,nReglementiert,0,0,0,0,0,0,0,0,0
Design,GR,abt-total,11,0,11,2,0,2,9,0,9
Design,GR,EFZ,11,0,11,2,0,2,9,0,9
Design,GR,EBA,0,0,0,0,0,0,0,0,0
Design,GR,nReglementiert,0,0,0,0,0,0,0,0,0
Design,AG,abt-total,32,0,32,11,0,11,21,0,21
Design,AG,EFZ,32,0,32,11,0,11,21,0,21
Design,AG,EBA,0,0,0,0,0,0,0,0,0
Design,AG,nReglementiert,0,0,0,0,0,0,0,0,0
Design,TG,abt-total,9,0,9,3,0,3,6,0,6
Design,TG,EFZ,9,0,9,3,0,3,6,0,6
Design,TG,EBA,0,0,0,0,0,0,0,0,0
Design,TG,nReglementiert,0,0,0,0,0,0,0,0,0
Design,TI,abt-total,30,20,10,13,6,7,17,14,3
Design,TI,EFZ,30,20,10,13,6,7,17,14,3
Design,TI,EBA,0,0,0,0,0,0,0,0,0
Design,TI,nReglementiert,0,0,0,0,0,0,0,0,0
Design,VD,abt-total,96,34,62,36,2,34,60,32,28
Design,VD,EFZ,96,34,62,36,2,34,60,32,28
Design,VD,EBA,0,0,0,0,0,0,0,0,0
Design,VD,nReglementiert,0,0,0,0,0,0,0,0,0
Design,VS,abt-total,11,0,11,3,0,3,8,0,8
Design,VS,EFZ,11,0,11,3,0,3,8,0,8
Design,VS,EBA,0,0,0,0,0,0,0,0,0
Design,VS,nReglementiert,0,0,0,0,0,0,0,0,0
Design,NE,abt-total,11,0,11,7,0,7,4,0,4
Design,NE,EFZ,11,0,11,7,0,7,4,0,4
Design,NE,EBA,0,0,0,0,0,0,0,0,0
Design,NE,nReglementiert,0,0,0,0,0,0,0,0,0
Design,GE,abt-total,22,0,22,15,0,15,7,0,7
Design,GE,EFZ,22,0,22,15,0,15,7,0,7
Design,GE,EBA,0,0,0,0,0,0,0,0,0
Design,GE,nReglementiert,0,0,0,0,0,0,0,0,0
Design,JU,abt-total,5,0,5,1,0,1,4,0,4
Design,JU,EFZ,5,0,5,1,0,1,4,0,4
Design,JU,EBA,0,0,0,0,0,0,0,0,0
Design,JU,nReglementiert,0,0,0,0,0,0,0,0,0
Kunstgewerbe,,abt-total,531,92,439,86,20,66,445,72,373
Kunstgewerbe,,EFZ,518,92,426,86,20,66,432,72,360
Kunstgewerbe,,EBA,13,0,13,0,0,0,13,0,13
Kunstgewerbe,,nReglementiert,0,0,0,0,0,0,0,0,0
Kunstgewerbe,ZH,abt-total,84,0,84,15,0,15,69,0,69
Kunstgewerbe,ZH,EFZ,80,0,80,15,0,15,65,0,65
Kunstgewerbe,ZH,EBA,4,0,4,0,0,0,4,0,4
Kunstgewerbe,ZH,nReglementiert,0,0,0,0,0,0,0,0,0
Kunstgewerbe,BE,abt-total,101,26,75,17,7,10,84,19,65
Kunstgewerbe,BE,EFZ,98,26,72,17,7,10,81,19,62
Kunstgewerbe,BE,EBA,3,0,3,0,0,0,3,0,3
Kunstgewerbe,BE,nReglementiert,0,0,0,0,0,0,0,0,0
Kunstgewerbe,LU,abt-total,29,0,29,3,0,3,26,0,26
Kunstgewerbe,LU,EFZ,28,0,28,3,0,3,25,0,25
Kunstgewerbe,LU,EBA,1,0,1,0,0,0,1,0,1
Kunstgewerbe,LU,nReglementiert,0,0,0,0,0,0,0,0,0
Kunstgewerbe,UR,abt-total,1,0,1,0,0,0,1,0,1
Kunstgewerbe,UR,EFZ,1,0,1,0,0,0,1,0,1
Kunstgewerbe,UR,EBA,0,0,0,0,0,0,0,0,0
Kunstgewerbe,UR,nReglementiert,0,0,0,0,0,0,0,0,0
Kunstgewerbe,SZ,abt-total,7,0,7,2,0,2,5,0,5
Kunstgewerbe,SZ,EFZ,7,0,7,2,0,2,5,0,5
Kunstgewerbe,SZ,EBA,0,0,0,0,0,0,0,0,0
Kunstgewerbe,SZ,nReglementiert,0,0,0,0,0,0,0,0,0
Kunstgewerbe,OW,abt-total,1,0,1,0,0,0,1,0,1
Kunstgewerbe,OW,EFZ,1,0,1,0,0,0,1,0,1
Kunstgewerbe,OW,EBA,0,0,0,0,0,0,0,0,0
Kunstgewerbe,OW,nReglementiert,0,0,0,0,0,0,0,0,0
Kunstgewerbe,NW,abt-total,2,0,2,0,0,0,2,0,2
Kunstgewerbe,NW,EFZ,2,0,2,0,0,0,2,0,2
Kunstgewerbe,NW,EBA,0,0,0,0,0,0,0,0,0
Kunstgewerbe,NW,nReglementiert,0,0,0,0,0,0,0,0,0
Kunstgewerbe,GL,abt-total,5,0,5,3,0,3,2,0,2
Kunstgewerbe,GL,EFZ,5,0,5,3,0,3,2,0,2
Kunstgewerbe,GL,EBA,0,0,0,0,0,0,0,0,0
Kunstgewerbe,GL,nReglementiert,0,0,0,0,0,0,0,0,0
Kunstgewerbe,ZG,abt-total,3,0,3,0,0,0,3,0,3
Kunstgewerbe,ZG,EFZ,3,0,3,0,0,0,3,0,3
Kunstgewerbe,ZG,EBA,0,0,0,0,0,0,0,0,0
Kunstgewerbe,ZG,nReglementiert,0,0,0,0,0,0,0,0,0
Kunstgewerbe,FR,abt-total,12,0,12,1,0,1,11,0,11
Kunstgewerbe,FR,EFZ,12,0,12,1,0,1,11,0,11
Kunstgewerbe,FR,EBA,0,0,0,0,0,0,0,0,0
Kunstgewerbe,FR,nReglementiert,0,0,0,0,0,0,0,0,0
Kunstgewerbe,SO,abt-total,11,0,11,1,0,1,10,0,10
Kunstgewerbe,SO,EFZ,10,0,10,1,0,1,9,0,9
Kunstgewerbe,SO,EBA,1,0,1,0,0,0,1,0,1
Kunstgewerbe,SO,nReglementiert,0,0,0,0,0,0,0,0,0
Kunstgewerbe,BS,abt-total,7,0,7,1,0,1,6,0,6
Kunstgewerbe,BS,EFZ,7,0,7,1,0,1,6,0,6
Kunstgewerbe,BS,EBA,0,0,0,0,0,0,0,0,0
Kunstgewerbe,BS,nReglementiert,0,0,0,0,0,0,0,0,0
Kunstgewerbe,BL,abt-total,11,0,11,2,0,2,9,0,9
Kunstgewerbe,BL,EFZ,11,0,11,2,0,2,9,0,9
Kunstgewerbe,BL,EBA,0,0,0,0,0,0,0,0,0
Kunstgewerbe,Bl,nReglementiert,0,0,0,0,0,0,0,0,0
Kunstgewerbe,SH,abt-total,5,0,5,1,0,1,4,0,4
Kunstgewerbe,SH,EFZ,5,0,5,1,0,1,4,0,4
Kunstgewerbe,SH,EBA,0,0,0,0,0,0,0,0,0
Kunstgewerbe,SH,nReglementiert,0,0,0,0,0,0,0,0,0
Kunstgewerbe,AR,abt-total,0,0,0,0,0,0,0,0,0
Kunstgewerbe,AR,EFZ,0,0,0,0,0,0,0,0,0
Kunstgewerbe,AR,EBA,0,0,0,0,0,0,0,0,0
Kunstgewerbe,AR,nReglementiert,0,0,0,0,0,0,0,0,0
Kunstgewerbe,AI,abt-total,2,0,2,0,0,0,2,0,2
Kunstgewerbe,AI,EFZ,2,0,2,0,0,0,2,0,2
Kunstgewerbe,AI,EBA,0,0,0,0,0,0,0,0,0
Kunstgewerbe,AI,nReglementiert,0,0,0,0,0,0,0,0,0
Kunstgewerbe,SG,abt-total,40,0,40,5,0,5,35,0,35
Kunstgewerbe,SG,EFZ,39,0,39,5,0,5,34,0,34
Kunstgewerbe,SG,EBA,1,0,1,0,0,0,1,0,1
Kunstgewerbe,SG,nReglementiert,0,0,0,0,0,0,0,0,0
Kunstgewerbe,GR,abt-total,15,0,15,1,0,1,14,0,14
Kunstgewerbe,GR,EFZ,14,0,14,1,0,1,13,0,13
Kunstgewerbe,GR,EBA,1,0,1,0,0,0,1,0,1
Kunstgewerbe,GR,nReglementiert,0,0,0,0,0,0,0,0,0
Kunstgewerbe,AG,abt-total,32,0,32,1,0,1,31,0,31
Kunstgewerbe,AG,EFZ,32,0,32,1,0,1,31,0,31
Kunstgewerbe,AG,EBA,0,0,0,0,0,0,0,0,0
Kunstgewerbe,AG,nReglementiert,0,0,0,0,0,0,0,0,0
Kunstgewerbe,TG,abt-total,22,0,22,3,0,3,19,0,19
Kunstgewerbe,TG,EFZ,22,0,22,3,0,3,19,0,19
Kunstgewerbe,TG,EBA,0,0,0,0,0,0,0,0,0
Kunstgewerbe,TG,nReglementiert,0,0,0,0,0,0,0,0,0
Kunstgewerbe,TI,abt-total,20,7,13,4,0,4,16,7,9
Kunstgewerbe,TI,EFZ,19,7,12,4,0,4,15,7,8
Kunstgewerbe,TI,EBA,1,0,1,0,0,0,1,0,1
Kunstgewerbe,TI,nReglementiert,0,0,0,0,0,0,0,0,0
Kunstgewerbe,VD,abt-total,46,8,38,7,1,6,39,7,32
Kunstgewerbe,VD,EFZ,46,8,38,7,1,6,39,7,32
Kunstgewerbe,VD,EBA,0,0,0,0,0,0,0,0,0
Kunstgewerbe,VD,nReglementiert,0,0,0,0,0,0,0,0,0
Kunstgewerbe,VS,abt-total,4,0,4,1,0,1,3,0,3
Kunstgewerbe,VS,EFZ,3,0,3,1,0,1,2,0,2
Kunstgewerbe,VS,EBA,1,0,1,0,0,0,1,0,1
Kunstgewerbe,VS,nReglementiert,0,0,0,0,0,0,0,0,0
Kunstgewerbe,NE,abt-total,20,12,8,6,3,3,14,9,5
Kunstgewerbe,NE,EFZ,20,12,8,6,3,3,14,9,5
Kunstgewerbe,NE,EBA,0,0,0,0,0,0,0,0,0
Kunstgewerbe,NE,nReglementiert,0,0,0,0,0,0,0,0,0
Kunstgewerbe,GE,abt-total,49,39,10,12,9,3,37,30,7
Kunstgewerbe,GE,EFZ,49,39,10,12,9,3,37,30,7
Kunstgewerbe,GE,EBA,0,0,0,0,0,0,0,0,0
Kunstgewerbe,GE,nReglementiert,0,0,0,0,0,0,0,0,0
Kunstgewerbe,JU,abt-total,2,0,2,0,0,0,2,0,2
Kunstgewerbe,JU,EFZ,2,0,2,0,0,0,2,0,2
Kunstgewerbe,JU,EBA,0,0,0,0,0,0,0,0,0
Kunstgewerbe,JU,nReglementiert,0,0,0,0,0,0,0,0,0
"Bibliothek, Informationswesen, Archiv",,abt-total,105,0,105,43,0,43,62,0,62
"Bibliothek, Informationswesen, Archiv",,EFZ,105,0,105,43,0,43,62,0,62
"Bibliothek, Informationswesen, Archiv",,EBA,0,0,0,0,0,0,0,0,0
"Bibliothek, Informationswesen, Archiv",,nReglementiert,0,0,0,0,0,0,0,0,0
"Bibliothek, Informationswesen, Archiv",ZH,abt-total,11,0,11,5,0,5,6,0,6
"Bibliothek, Informationswesen, Archiv",ZH,EFZ,11,0,11,5,0,5,6,0,6
"Bibliothek, Informationswesen, Archiv",ZH,EBA,0,0,0,0,0,0,0,0,0
"Bibliothek, Informationswesen, Archiv",ZH,nReglementiert,0,0,0,0,0,0,0,0,0
"Bibliothek, Informationswesen, Archiv",BE,abt-total,14,0,14,4,0,4,10,0,10
"Bibliothek, Informationswesen, Archiv",BE,EFZ,14,0,14,4,0,4,10,0,10
"Bibliothek, Informationswesen, Archiv",BE,EBA,0,0,0,0,0,0,0,0,0
"Bibliothek, Informationswesen, Archiv",BE,nReglementiert,0,0,0,0,0,0,0,0,0
"Bibliothek, Informationswesen, Archiv",LU,abt-total,2,0,2,1,0,1,1,0,1
"Bibliothek, Informationswesen, Archiv",LU,EFZ,2,0,2,1,0,1,1,0,1
"Bibliothek, Informationswesen, Archiv",LU,EBA,0,0,0,0,0,0,0,0,0
"Bibliothek, Informationswesen, Archiv",LU,nReglementiert,0,0,0,0,0,0,0,0,0
"Bibliothek, Informationswesen, Archiv",UR,abt-total,0,0,0,0,0,0,0,0,0
"Bibliothek, Informationswesen, Archiv",UR,EFZ,0,0,0,0,0,0,0,0,0
"Bibliothek, Informationswesen, Archiv",UR,EBA,0,0,0,0,0,0,0,0,0
"Bibliothek, Informationswesen, Archiv",UR,nReglementiert,0,0,0,0,0,0,0,0,0
"Bibliothek, Informationswesen, Archiv",SZ,abt-total,0,0,0,0,0,0,0,0,0
"Bibliothek, Informationswesen, Archiv",SZ,EFZ,0,0,0,0,0,0,0,0,0
"Bibliothek, Informationswesen, Archiv",SZ,EBA,0,0,0,0,0,0,0,0,0
"Bibliothek, Informationswesen, Archiv",SZ,nReglementiert,0,0,0,0,0,0,0,0,0
"Bibliothek, Informationswesen, Archiv",OW,abt-total,0,0,0,0,0,0,0,0,0
"Bibliothek, Informationswesen, Archiv",OW,EFZ,0,0,0,0,0,0,0,0,0
"Bibliothek, Informationswesen, Archiv",OW,EBA,0,0,0,0,0,0,0,0,0
"Bibliothek, Informationswesen, Archiv",OW,nReglementiert,0,0,0,0,0,0,0,0,0
"Bibliothek, Informationswesen, Archiv",NW,abt-total,0,0,0,0,0,0,0,0,0
"Bibliothek, Informationswesen, Archiv",NW,EFZ,0,0,0,0,0,0,0,0,0
"Bibliothek, Informationswesen, Archiv",NW,EBA,0,0,0,0,0,0,0,0,0
"Bibliothek, Informationswesen, Archiv",NW,nReglementiert,0,0,0,0,0,0,0,0,0
"Bibliothek, Informationswesen, Archiv",GL,abt-total,1,0,1,0,0,0,1,0,1
"Bibliothek, Informationswesen, Archiv",GL,EFZ,1,0,1,0,0,0,1,0,1
"Bibliothek, Informationswesen, Archiv",GL,EBA,0,0,0,0,0,0,0,0,0
"Bibliothek, Informationswesen, Archiv",GL,nReglementiert,0,0,0,0,0,0,0,0,0
"Bibliothek, Informationswesen, Archiv",ZG,abt-total,1,0,1,1,0,1,0,0,0
"Bibliothek, Informationswesen, Archiv",ZG,EFZ,1,0,1,1,0,1,0,0,0
"Bibliothek, Informationswesen, Archiv",ZG,EBA,0,0,0,0,0,0,0,0,0
"Bibliothek, Informationswesen, Archiv",ZG,nReglementiert,0,0,0,0,0,0,0,0,0
"Bibliothek, Informationswesen, Archiv",FR,abt-total,3,0,3,2,0,2,1,0,1
"Bibliothek, Informationswesen, Archiv",FR,EFZ,3,0,3,2,0,2,1,0,1
"Bibliothek, Informationswesen, Archiv",FR,EBA,0,0,0,0,0,0,0,0,0
"Bibliothek, Informationswesen, Archiv",FR,nReglementiert,0,0,0,0,0,0,0,0,0
"Bibliothek, Informationswesen, Archiv",SO,abt-total,1,0,1,0,0,0,1,0,1
"Bibliothek, Informationswesen, Archiv",SO,EFZ,1,0,1,0,0,0,1,0,1
"Bibliothek, Informationswesen, Archiv",SO,EBA,0,0,0,0,0,0,0,0,0
"Bibliothek, Informationswesen, Archiv",SO,nReglementiert,0,0,0,0,0,0,0,0,0
"Bibliothek, Informationswesen, Archiv",BS,abt-total,5,0,5,2,0,2,3,0,3
"Bibliothek, Informationswesen, Archiv",BS,EFZ,5,0,5,2,0,2,3,0,3
"Bibliothek, Informationswesen, Archiv",BS,EBA,0,0,0,0,0,0,0,0,0
"Bibliothek, Informationswesen, Archiv",BS,nReglementiert,0,0,0,0,0,0,0,0,0
"Bibliothek, Informationswesen, Archiv",BL,abt-total,2,0,2,1,0,1,1,0,1
"Bibliothek, Informationswesen, Archiv",BL,EFZ,2,0,2,1,0,1,1,0,1
"Bibliothek, Informationswesen, Archiv",BL,EBA,0,0,0,0,0,0,0,0,0
"Bibliothek, Informationswesen, Archiv",Bl,nReglementiert,0,0,0,0,0,0,0,0,0
"Bibliothek, Informationswesen, Archiv",SH,abt-total,2,0,2,1,0,1,1,0,1
"Bibliothek, Informationswesen, Archiv",SH,EFZ,2,0,2,1,0,1,1,0,1
"Bibliothek, Informationswesen, Archiv",SH,EBA,0,0,0,0,0,0,0,0,0
"Bibliothek, Informationswesen, Archiv",SH,nReglementiert,0,0,0,0,0,0,0,0,0
"Bibliothek, Informationswesen, Archiv",AR,abt-total,0,0,0,0,0,0,0,0,0
"Bibliothek, Informationswesen, Archiv",AR,EFZ,0,0,0,0,0,0,0,0,0
"Bibliothek, Informationswesen, Archiv",AR,EBA,0,0,0,0,0,0,0,0,0
"Bibliothek, Informationswesen, Archiv",AR,nReglementiert,0,0,0,0,0,0,0,0,0
"Bibliothek, Informationswesen, Archiv",AI,abt-total,0,0,0,0,0,0,0,0,0
"Bibliothek, Informationswesen, Archiv",AI,EFZ,0,0,0,0,0,0,0,0,0
"Bibliothek, Informationswesen, Archiv",AI,EBA,0,0,0,0,0,0,0,0,0
"Bibliothek, Informationswesen, Archiv",AI,nReglementiert,0,0,0,0,0,0,0,0,0
"Bibliothek, Informationswesen, Archiv",SG,abt-total,2,0,2,1,0,1,1,0,1
"Bibliothek, Informationswesen, Archiv",SG,EFZ,2,0,2,1,0,1,1,0,1
"Bibliothek, Informationswesen, Archiv",SG,EBA,0,0,0,0,0,0,0,0,0
"Bibliothek, Informationswesen, Archiv",SG,nReglementiert,0,0,0,0,0,0,0,0,0
"Bibliothek, Informationswesen, Archiv",GR,abt-total,1,0,1,1,0,1,0,0,0
"Bibliothek, Informationswesen, Archiv",GR,EFZ,1,0,1,1,0,1,0,0,0
"Bibliothek, Informationswesen, Archiv",GR,EBA,0,0,0,0,0,0,0,0,0
"Bibliothek, Informationswesen, Archiv",GR,nReglementiert,0,0,0,0,0,0,0,0,0
"Bibliothek, Informationswesen, Archiv",AG,abt-total,2,0,2,1,0,1,1,0,1
"Bibliothek, Informationswesen, Archiv",AG,EFZ,2,0,2,1,0,1,1,0,1
"Bibliothek, Informationswesen, Archiv",AG,EBA,0,0,0,0,0,0,0,0,0
"Bibliothek, Informationswesen, Archiv",AG,nReglementiert,0,0,0,0,0,0,0,0,0
"Bibliothek, Informationswesen, Archiv",TG,abt-total,0,0,0,0,0,0,0,0,0
"Bibliothek, Informationswesen, Archiv",TG,EFZ,0,0,0,0,0,0,0,0,0
"Bibliothek, Informationswesen, Archiv",TG,EBA,0,0,0,0,0,0,0,0,0
"Bibliothek, Informationswesen, Archiv",TG,nReglementiert,0,0,0,0,0,0,0,0,0
"Bibliothek, Informationswesen, Archiv",TI,abt-total,0,0,0,0,0,0,0,0,0
"Bibliothek, Informationswesen, Archiv",TI,EFZ,0,0,0,0,0,0,0,0,0
"Bibliothek, Informationswesen, Archiv",TI,EBA,0,0,0,0,0,0,0,0,0
"Bibliothek, Informationswesen, Archiv",TI,nReglementiert,0,0,0,0,0,0,0,0,0
"Bibliothek, Informationswesen, Archiv",VD,abt-total,29,0,29,10,0,10,19,0,19
"Bibliothek, Informationswesen, Archiv",VD,EFZ,29,0,29,10,0,10,19,0,19
"Bibliothek, Informationswesen, Archiv",VD,EBA,0,0,0,0,0,0,0,0,0
"Bibliothek, Informationswesen, Archiv",VD,nReglementiert,0,0,0,0,0,0,0,0,0
"Bibliothek, Informationswesen, Archiv",VS,abt-total,6,0,6,4,0,4,2,0,2
"Bibliothek, Informationswesen, Archiv",VS,EFZ,6,0,6,4,0,4,2,0,2
"Bibliothek, Informationswesen, Archiv",VS,EBA,0,0,0,0,0,0,0,0,0
"Bibliothek, Informationswesen, Archiv",VS,nReglementiert,0,0,0,0,0,0,0,0,0
"Bibliothek, Informationswesen, Archiv",NE,abt-total,8,0,8,3,0,3,5,0,5
"Bibliothek, Informationswesen, Archiv",NE,EFZ,8,0,8,3,0,3,5,0,5
"Bibliothek, Informationswesen, Archiv",NE,EBA,0,0,0,0,0,0,0,0,0
"Bibliothek, Informationswesen, Archiv",NE,nReglementiert,0,0,0,0,0,0,0,0,0
"Bibliothek, Informationswesen, Archiv",GE,abt-total,12,0,12,6,0,6,6,0,6
"Bibliothek, Informationswesen, Archiv",GE,EFZ,12,0,12,6,0,6,6,0,6
"Bibliothek, Informationswesen, Archiv",GE,EBA,0,0,0,0,0,0,0,0,0
"Bibliothek, Informationswesen, Archiv",GE,nReglementiert,0,0,0,0,0,0,0,0,0
"Bibliothek, Informationswesen, Archiv",JU,abt-total,3,0,3,0,0,0,3,0,3
"Bibliothek, Informationswesen, Archiv",JU,EFZ,3,0,3,0,0,0,3,0,3
"Bibliothek, Informationswesen, Archiv",JU,EBA,0,0,0,0,0,0,0,0,0
"Bibliothek, Informationswesen, Archiv",JU,nReglementiert,0,0,0,0,0,0,0,0,0
Handel,,abt-total,10231,0,10231,4029,0,4029,6202,0,6202
Handel,,EFZ,8528,0,8528,3400,0,3400,5128,0,5128
Handel,,EBA,1703,0,1703,629,0,629,1074,0,1074
Handel,,nReglementiert,0,0,0,0,0,0,0,0,0
Handel,ZH,abt-total,1848,0,1848,777,0,777,1071,0,1071
Handel,ZH,EFZ,1484,0,1484,641,0,641,843,0,843
Handel,ZH,EBA,364,0,364,136,0,136,228,0,228
Handel,ZH,nReglementiert,0,0,0,0,0,0,0,0,0
Handel,BE,abt-total,1223,0,1223,479,0,479,744,0,744
Handel,BE,EFZ,1019,0,1019,398,0,398,621,0,621
Handel,BE,EBA,204,0,204,81,0,81,123,0,123
Handel,BE,nReglementiert,0,0,0,0,0,0,0,0,0
Handel,LU,abt-total,620,0,620,218,0,218,402,0,402
Handel,LU,EFZ,513,0,513,185,0,185,328,0,328
Handel,LU,EBA,107,0,107,33,0,33,74,0,74
Handel,LU,nReglementiert,0,0,0,0,0,0,0,0,0
Handel,UR,abt-total,45,0,45,9,0,9,36,0,36
Handel,UR,EFZ,37,0,37,6,0,6,31,0,31
Handel,UR,EBA,8,0,8,3,0,3,5,0,5
Handel,UR,nReglementiert,0,0,0,0,0,0,0,0,0
Handel,SZ,abt-total,166,0,166,46,0,46,120,0,120
Handel,SZ,EFZ,136,0,136,37,0,37,99,0,99
Handel,SZ,EBA,30,0,30,9,0,9,21,0,21
Handel,SZ,nReglementiert,0,0,0,0,0,0,0,0,0
Handel,OW,abt-total,35,0,35,9,0,9,26,0,26
Handel,OW,EFZ,29,0,29,8,0,8,21,0,21
Handel,OW,EBA,6,0,6,1,0,1,5,0,5
Handel,OW,nReglementiert,0,0,0,0,0,0,0,0,0
Handel,NW,abt-total,47,0,47,11,0,11,36,0,36
Handel,NW,EFZ,42,0,42,11,0,11,31,0,31
Handel,NW,EBA,5,0,5,0,0,0,5,0,5
Handel,NW,nReglementiert,0,0,0,0,0,0,0,0,0
Handel,GL,abt-total,66,0,66,20,0,20,46,0,46
Handel,GL,EFZ,52,0,52,16,0,16,36,0,36
Handel,GL,EBA,14,0,14,4,0,4,10,0,10
Handel,GL,nReglementiert,0,0,0,0,0,0,0,0,0
Handel,ZG,abt-total,171,0,171,56,0,56,115,0,115
Handel,ZG,EFZ,147,0,147,48,0,48,99,0,99
Handel,ZG,EBA,24,0,24,8,0,8,16,0,16
Handel,ZG,nReglementiert,0,0,0,0,0,0,0,0,0
Handel,FR,abt-total,336,0,336,115,0,115,221,0,221
Handel,FR,EFZ,308,0,308,111,0,111,197,0,197
Handel,FR,EBA,28,0,28,4,0,4,24,0,24
Handel,FR,nReglementiert,0,0,0,0,0,0,0,0,0
Handel,SO,abt-total,348,0,348,143,0,143,205,0,205
Handel,SO,EFZ,260,0,260,109,0,109,151,0,151
Handel,SO,EBA,88,0,88,34,0,34,54,0,54
Handel,SO,nReglementiert,0,0,0,0,0,0,0,0,0
Handel,BS,abt-total,282,0,282,99,0,99,183,0,183
Handel,BS,EFZ,232,0,232,86,0,86,146,0,146
Handel,BS,EBA,50,0,50,13,0,13,37,0,37
Handel,BS,nReglementiert,0,0,0,0,0,0,0,0,0
Handel,BL,abt-total,268,0,268,134,0,134,134,0,134
Handel,BL,EFZ,203,0,203,102,0,102,101,0,101
Handel,BL,EBA,65,0,65,32,0,32,33,0,33
Handel,Bl,nReglementiert,0,0,0,0,0,0,0,0,0
Handel,SH,abt-total,119,0,119,53,0,53,66,0,66
Handel,SH,EFZ,108,0,108,47,0,47,61,0,61
Handel,SH,EBA,11,0,11,6,0,6,5,0,5
Handel,SH,nReglementiert,0,0,0,0,0,0,0,0,0
Handel,AR,abt-total,40,0,40,16,0,16,24,0,24
Handel,AR,EFZ,24,0,24,10,0,10,14,0,14
Handel,AR,EBA,16,0,16,6,0,6,10,0,10
Handel,AR,nReglementiert,0,0,0,0,0,0,0,0,0
Handel,AI,abt-total,20,0,20,4,0,4,16,0,16
Handel,AI,EFZ,19,0,19,4,0,4,15,0,15
Handel,AI,EBA,1,0,1,0,0,0,1,0,1
Handel,AI,nReglementiert,0,0,0,0,0,0,0,0,0
Handel,SG,abt-total,850,0,850,289,0,289,561,0,561
Handel,SG,EFZ,712,0,712,239,0,239,473,0,473
Handel,SG,EBA,138,0,138,50,0,50,88,0,88
Handel,SG,nReglementiert,0,0,0,0,0,0,0,0,0
Handel,GR,abt-total,244,0,244,76,0,76,168,0,168
Handel,GR,EFZ,204,0,204,68,0,68,136,0,136
Handel,GR,EBA,40,0,40,8,0,8,32,0,32
Handel,GR,nReglementiert,0,0,0,0,0,0,0,0,0
Handel,AG,abt-total,822,0,822,330,0,330,492,0,492
Handel,AG,EFZ,685,0,685,285,0,285,400,0,400
Handel,AG,EBA,137,0,137,45,0,45,92,0,92
Handel,AG,nReglementiert,0,0,0,0,0,0,0,0,0
Handel,TG,abt-total,319,0,319,117,0,117,202,0,202
Handel,TG,EFZ,247,0,247,95,0,95,152,0,152
Handel,TG,EBA,72,0,72,22,0,22,50,0,50
Handel,TG,nReglementiert,0,0,0,0,0,0,0,0,0
Handel,TI,abt-total,318,0,318,146,0,146,172,0,172
Handel,TI,EFZ,284,0,284,131,0,131,153,0,153
Handel,TI,EBA,34,0,34,15,0,15,19,0,19
Handel,TI,nReglementiert,0,0,0,0,0,0,0,0,0
Handel,VD,abt-total,898,0,898,389,0,389,509,0,509
Handel,VD,EFZ,786,0,786,330,0,330,456,0,456
Handel,VD,EBA,112,0,112,59,0,59,53,0,53
Handel,VD,nReglementiert,0,0,0,0,0,0,0,0,0
Handel,VS,abt-total,442,0,442,175,0,175,267,0,267
Handel,VS,EFZ,376,0,376,156,0,156,220,0,220
Handel,VS,EBA,66,0,66,19,0,19,47,0,47
Handel,VS,nReglementiert,0,0,0,0,0,0,0,0,0
Handel,NE,abt-total,192,0,192,68,0,68,124,0,124
Handel,NE,EFZ,180,0,180,62,0,62,118,0,118
Handel,NE,EBA,12,0,12,6,0,6,6,0,6
Handel,NE,nReglementiert,0,0,0,0,0,0,0,0,0
Handel,GE,abt-total,428,0,428,221,0,221,207,0,207
Handel,GE,EFZ,364,0,364,188,0,188,176,0,176
Handel,GE,EBA,64,0,64,33,0,33,31,0,31
Handel,GE,nReglementiert,0,0,0,0,0,0,0,0,0
Handel,JU,abt-total,84,0,84,29,0,29,55,0,55
Handel,JU,EFZ,77,0,77,27,0,27,50,0,50
Handel,JU,EBA,7,0,7,2,0,2,5,0,5
Handel,JU,nReglementiert,0,0,0,0,0,0,0,0,0
Sekretariats- und Büroarbeit,,abt-total,470,1,469,145,0,145,325,1,324
Sekretariats- und Büroarbeit,,EFZ,0,0,0,0,0,0,0,0,0
Sekretariats- und Büroarbeit,,EBA,470,1,469,145,0,145,325,1,324
Sekretariats- und Büroarbeit,,nReglementiert,0,0,0,0,0,0,0,0,0
Sekretariats- und Büroarbeit,ZH,abt-total,80,0,80,26,0,26,54,0,54
Sekretariats- und Büroarbeit,ZH,EFZ,0,0,0,0,0,0,0,0,0
Sekretariats- und Büroarbeit,ZH,EBA,80,0,80,26,0,26,54,0,54
Sekretariats- und Büroarbeit,ZH,nReglementiert,0,0,0,0,0,0,0,0,0
Sekretariats- und Büroarbeit,BE,abt-total,60,0,60,25,0,25,35,0,35
Sekretariats- und Büroarbeit,BE,EFZ,0,0,0,0,0,0,0,0,0
Sekretariats- und Büroarbeit,BE,EBA,60,0,60,25,0,25,35,0,35
Sekretariats- und Büroarbeit,BE,nReglementiert,0,0,0,0,0,0,0,0,0
Sekretariats- und Büroarbeit,LU,abt-total,27,0,27,4,0,4,23,0,23
Sekretariats- und Büroarbeit,LU,EFZ,0,0,0,0,0,0,0,0,0
Sekretariats- und Büroarbeit,LU,EBA,27,0,27,4,0,4,23,0,23
Sekretariats- und Büroarbeit,LU,nReglementiert,0,0,0,0,0,0,0,0,0
Sekretariats- und Büroarbeit,UR,abt-total,0,0,0,0,0,0,0,0,0
Sekretariats- und Büroarbeit,UR,EFZ,0,0,0,0,0,0,0,0,0
Sekretariats- und Büroarbeit,UR,EBA,0,0,0,0,0,0,0,0,0
Sekretariats- und Büroarbeit,UR,nReglementiert,0,0,0,0,0,0,0,0,0
Sekretariats- und Büroarbeit,SZ,abt-total,4,0,4,2,0,2,2,0,2
Sekretariats- und Büroarbeit,SZ,EFZ,0,0,0,0,0,0,0,0,0
Sekretariats- und Büroarbeit,SZ,EBA,4,0,4,2,0,2,2,0,2
Sekretariats- und Büroarbeit,SZ,nReglementiert,0,0,0,0,0,0,0,0,0
Sekretariats- und Büroarbeit,OW,abt-total,2,0,2,0,0,0,2,0,2
Sekretariats- und Büroarbeit,OW,EFZ,0,0,0,0,0,0,0,0,0
Sekretariats- und Büroarbeit,OW,EBA,2,0,2,0,0,0,2,0,2
Sekretariats- und Büroarbeit,OW,nReglementiert,0,0,0,0,0,0,0,0,0
Sekretariats- und Büroarbeit,NW,abt-total,1,0,1,0,0,0,1,0,1
Sekretariats- und Büroarbeit,NW,EFZ,0,0,0,0,0,0,0,0,0
Sekretariats- und Büroarbeit,NW,EBA,1,0,1,0,0,0,1,0,1
Sekretariats- und Büroarbeit,NW,nReglementiert,0,0,0,0,0,0,0,0,0
Sekretariats- und Büroarbeit,GL,abt-total,1,0,1,1,0,1,0,0,0
Sekretariats- und Büroarbeit,GL,EFZ,0,0,0,0,0,0,0,0,0
Sekretariats- und Büroarbeit,GL,EBA,1,0,1,1,0,1,0,0,0
Sekretariats- und Büroarbeit,GL,nReglementiert,0,0,0,0,0,0,0,0,0
Sekretariats- und Büroarbeit,ZG,abt-total,9,0,9,0,0,0,9,0,9
Sekretariats- und Büroarbeit,ZG,EFZ,0,0,0,0,0,0,0,0,0
Sekretariats- und Büroarbeit,ZG,EBA,9,0,9,0,0,0,9,0,9
Sekretariats- und Büroarbeit,ZG,nReglementiert,0,0,0,0,0,0,0,0,0
Sekretariats- und Büroarbeit,FR,abt-total,10,0,10,3,0,3,7,0,7
Sekretariats- und Büroarbeit,FR,EFZ,0,0,0,0,0,0,0,0,0
Sekretariats- und Büroarbeit,FR,EBA,10,0,10,3,0,3,7,0,7
Sekretariats- und Büroarbeit,FR,nReglementiert,0,0,0,0,0,0,0,0,0
Sekretariats- und Büroarbeit,SO,abt-total,19,0,19,6,0,6,13,0,13
Sekretariats- und Büroarbeit,SO,EFZ,0,0,0,0,0,0,0,0,0
Sekretariats- und Büroarbeit,SO,EBA,19,0,19,6,0,6,13,0,13
Sekretariats- und Büroarbeit,SO,nReglementiert,0,0,0,0,0,0,0,0,0
Sekretariats- und Büroarbeit,BS,abt-total,90,0,90,31,0,31,59,0,59
Sekretariats- und Büroarbeit,BS,EFZ,0,0,0,0,0,0,0,0,0
Sekretariats- und Büroarbeit,BS,EBA,90,0,90,31,0,31,59,0,59
Sekretariats- und Büroarbeit,BS,nReglementiert,0,0,0,0,0,0,0,0,0
Sekretariats- und Büroarbeit,BL,abt-total,33,0,33,7,0,7,26,0,26
Sekretariats- und Büroarbeit,BL,EFZ,0,0,0,0,0,0,0,0,0
Sekretariats- und Büroarbeit,BL,EBA,33,0,33,7,0,7,26,0,26
Sekretariats- und Büroarbeit,Bl,nReglementiert,0,0,0,0,0,0,0,0,0
Sekretariats- und Büroarbeit,SH,abt-total,2,0,2,1,0,1,1,0,1
Sekretariats- und Büroarbeit,SH,EFZ,0,0,0,0,0,0,0,0,0
Sekretariats- und Büroarbeit,SH,EBA,2,0,2,1,0,1,1,0,1
Sekretariats- und Büroarbeit,SH,nReglementiert,0,0,0,0,0,0,0,0,0
Sekretariats- und Büroarbeit,AR,abt-total,0,0,0,0,0,0,0,0,0
Sekretariats- und Büroarbeit,AR,EFZ,0,0,0,0,0,0,0,0,0
Sekretariats- und Büroarbeit,AR,EBA,0,0,0,0,0,0,0,0,0
Sekretariats- und Büroarbeit,AR,nReglementiert,0,0,0,0,0,0,0,0,0
Sekretariats- und Büroarbeit,AI,abt-total,0,0,0,0,0,0,0,0,0
Sekretariats- und Büroarbeit,AI,EFZ,0,0,0,0,0,0,0,0,0
Sekretariats- und Büroarbeit,AI,EBA,0,0,0,0,0,0,0,0,0
Sekretariats- und Büroarbeit,AI,nReglementiert,0,0,0,0,0,0,0,0,0
Sekretariats- und Büroarbeit,SG,abt-total,16,0,16,5,0,5,11,0,11
Sekretariats- und Büroarbeit,SG,EFZ,0,0,0,0,0,0,0,0,0
Sekretariats- und Büroarbeit,SG,EBA,16,0,16,5,0,5,11,0,11
Sekretariats- und Büroarbeit,SG,nReglementiert,0,0,0,0,0,0,0,0,0
Sekretariats- und Büroarbeit,GR,abt-total,5,0,5,3,0,3,2,0,2
Sekretariats- und Büroarbeit,GR,EFZ,0,0,0,0,0,0,0,0,0
Sekretariats- und Büroarbeit,GR,EBA,5,0,5,3,0,3,2,0,2
Sekretariats- und Büroarbeit,GR,nReglementiert,0,0,0,0,0,0,0,0,0
Sekretariats- und Büroarbeit,AG,abt-total,21,0,21,4,0,4,17,0,17
Sekretariats- und Büroarbeit,AG,EFZ,0,0,0,0,0,0,0,0,0
Sekretariats- und Büroarbeit,AG,EBA,21,0,21,4,0,4,17,0,17
Sekretariats- und Büroarbeit,AG,nReglementiert,0,0,0,0,0,0,0,0,0
Sekretariats- und Büroarbeit,TG,abt-total,9,0,9,4,0,4,5,0,5
Sekretariats- und Büroarbeit,TG,EFZ,0,0,0,0,0,0,0,0,0
Sekretariats- und Büroarbeit,TG,EBA,9,0,9,4,0,4,5,0,5
Sekretariats- und Büroarbeit,TG,nReglementiert,0,0,0,0,0,0,0,0,0
Sekretariats- und Büroarbeit,TI,abt-total,4,0,4,0,0,0,4,0,4
Sekretariats- und Büroarbeit,TI,EFZ,0,0,0,0,0,0,0,0,0
Sekretariats- und Büroarbeit,TI,EBA,4,0,4,0,0,0,4,0,4
Sekretariats- und Büroarbeit,TI,nReglementiert,0,0,0,0,0,0,0,0,0
Sekretariats- und Büroarbeit,VD,abt-total,55,1,54,16,0,16,39,1,38
Sekretariats- und Büroarbeit,VD,EFZ,0,0,0,0,0,0,0,0,0
Sekretariats- und Büroarbeit,VD,EBA,55,1,54,16,0,16,39,1,38
Sekretariats- und Büroarbeit,VD,nReglementiert,0,0,0,0,0,0,0,0,0
Sekretariats- und Büroarbeit,VS,abt-total,5,0,5,2,0,2,3,0,3
Sekretariats- und Büroarbeit,VS,EFZ,0,0,0,0,0,0,0,0,0
Sekretariats- und Büroarbeit,VS,EBA,5,0,5,2,0,2,3,0,3
Sekretariats- und Büroarbeit,VS,nReglementiert,0,0,0,0,0,0,0,0,0
Sekretariats- und Büroarbeit,NE,abt-total,2,0,2,0,0,0,2,0,2
Sekretariats- und Büroarbeit,NE,EFZ,0,0,0,0,0,0,0,0,0
Sekretariats- und Büroarbeit,NE,EBA,2,0,2,0,0,0,2,0,2
Sekretariats- und Büroarbeit,NE,nReglementiert,0,0,0,0,0,0,0,0,0
Sekretariats- und Büroarbeit,GE,abt-total,13,0,13,4,0,4,9,0,9
Sekretariats- und Büroarbeit,GE,EFZ,0,0,0,0,0,0,0,0,0
Sekretariats- und Büroarbeit,GE,EBA,13,0,13,4,0,4,9,0,9
Sekretariats- und Büroarbeit,GE,nReglementiert,0,0,0,0,0,0,0,0,0
Sekretariats- und Büroarbeit,JU,abt-total,2,0,2,1,0,1,1,0,1
Sekretariats- und Büroarbeit,JU,EFZ,0,0,0,0,0,0,0,0,0
Sekretariats- und Büroarbeit,JU,EBA,2,0,2,1,0,1,1,0,1
Sekretariats- und Büroarbeit,JU,nReglementiert,0,0,0,0,0,0,0,0,0
Wirtschaft und Verwaltung,,abt-total,12825,1704,11121,4976,951,4025,7849,753,7096
Wirtschaft und Verwaltung,,EFZ,12825,1704,11121,4976,951,4025,7849,753,7096
Wirtschaft und Verwaltung,,EBA,0,0,0,0,0,0,0,0,0
Wirtschaft und Verwaltung,,nReglementiert,0,0,0,0,0,0,0,0,0
Wirtschaft und Verwaltung,ZH,abt-total,2185,0,2185,864,0,864,1321,0,1321
Wirtschaft und Verwaltung,ZH,EFZ,2185,0,2185,864,0,864,1321,0,1321
Wirtschaft und Verwaltung,ZH,EBA,0,0,0,0,0,0,0,0,0
Wirtschaft und Verwaltung,ZH,nReglementiert,0,0,0,0,0,0,0,0,0
Wirtschaft und Verwaltung,BE,abt-total,1461,43,1418,524,12,512,937,31,906
Wirtschaft und Verwaltung,BE,EFZ,1461,43,1418,524,12,512,937,31,906
Wirtschaft und Verwaltung,BE,EBA,0,0,0,0,0,0,0,0,0
Wirtschaft und Verwaltung,BE,nReglementiert,0,0,0,0,0,0,0,0,0
Wirtschaft und Verwaltung,LU,abt-total,513,0,513,150,0,150,363,0,363
Wirtschaft und Verwaltung,LU,EFZ,513,0,513,150,0,150,363,0,363
Wirtschaft und Verwaltung,LU,EBA,0,0,0,0,0,0,0,0,0
Wirtschaft und Verwaltung,LU,nReglementiert,0,0,0,0,0,0,0,0,0
Wirtschaft und Verwaltung,UR,abt-total,49,0,49,9,0,9,40,0,40
Wirtschaft und Verwaltung,UR,EFZ,49,0,49,9,0,9,40,0,40
Wirtschaft und Verwaltung,UR,EBA,0,0,0,0,0,0,0,0,0
Wirtschaft und Verwaltung,UR,nReglementiert,0,0,0,0,0,0,0,0,0
Wirtschaft und Verwaltung,SZ,abt-total,146,0,146,49,0,49,97,0,97
Wirtschaft und Verwaltung,SZ,EFZ,146,0,146,49,0,49,97,0,97
Wirtschaft und Verwaltung,SZ,EBA,0,0,0,0,0,0,0,0,0
Wirtschaft und Verwaltung,SZ,nReglementiert,0,0,0,0,0,0,0,0,0
Wirtschaft und Verwaltung,OW,abt-total,45,0,45,11,0,11,34,0,34
Wirtschaft und Verwaltung,OW,EFZ,45,0,45,11,0,11,34,0,34
Wirtschaft und Verwaltung,OW,EBA,0,0,0,0,0,0,0,0,0
Wirtschaft und Verwaltung,OW,nReglementiert,0,0,0,0,0,0,0,0,0
Wirtschaft und Verwaltung,NW,abt-total,46,0,46,12,0,12,34,0,34
Wirtschaft und Verwaltung,NW,EFZ,46,0,46,12,0,12,34,0,34
Wirtschaft und Verwaltung,NW,EBA,0,0,0,0,0,0,0,0,0
Wirtschaft und Verwaltung,NW,nReglementiert,0,0,0,0,0,0,0,0,0
Wirtschaft und Verwaltung,GL,abt-total,78,0,78,24,0,24,54,0,54
Wirtschaft und Verwaltung,GL,EFZ,78,0,78,24,0,24,54,0,54
Wirtschaft und Verwaltung,GL,EBA,0,0,0,0,0,0,0,0,0
Wirtschaft und Verwaltung,GL,nReglementiert,0,0,0,0,0,0,0,0,0
Wirtschaft und Verwaltung,ZG,abt-total,199,0,199,74,0,74,125,0,125
Wirtschaft und Verwaltung,ZG,EFZ,199,0,199,74,0,74,125,0,125
Wirtschaft und Verwaltung,ZG,EBA,0,0,0,0,0,0,0,0,0
Wirtschaft und Verwaltung,ZG,nReglementiert,0,0,0,0,0,0,0,0,0
Wirtschaft und Verwaltung,FR,abt-total,414,0,414,133,0,133,281,0,281
Wirtschaft und Verwaltung,FR,EFZ,414,0,414,133,0,133,281,0,281
Wirtschaft und Verwaltung,FR,EBA,0,0,0,0,0,0,0,0,0
Wirtschaft und Verwaltung,FR,nReglementiert,0,0,0,0,0,0,0,0,0
Wirtschaft und Verwaltung,SO,abt-total,322,0,322,113,0,113,209,0,209
Wirtschaft und Verwaltung,SO,EFZ,322,0,322,113,0,113,209,0,209
Wirtschaft und Verwaltung,SO,EBA,0,0,0,0,0,0,0,0,0
Wirtschaft und Verwaltung,SO,nReglementiert,0,0,0,0,0,0,0,0,0
Wirtschaft und Verwaltung,BS,abt-total,384,0,384,174,0,174,210,0,210
Wirtschaft und Verwaltung,BS,EFZ,384,0,384,174,0,174,210,0,210
Wirtschaft und Verwaltung,BS,EBA,0,0,0,0,0,0,0,0,0
Wirtschaft und Verwaltung,BS,nReglementiert,0,0,0,0,0,0,0,0,0
Wirtschaft und Verwaltung,BL,abt-total,261,0,261,101,0,101,160,0,160
Wirtschaft und Verwaltung,BL,EFZ,261,0,261,101,0,101,160,0,160
Wirtschaft und Verwaltung,BL,EBA,0,0,0,0,0,0,0,0,0
Wirtschaft und Verwaltung,Bl,nReglementiert,0,0,0,0,0,0,0,0,0
Wirtschaft und Verwaltung,SH,abt-total,144,0,144,58,0,58,86,0,86
Wirtschaft und Verwaltung,SH,EFZ,144,0,144,58,0,58,86,0,86
Wirtschaft und Verwaltung,SH,EBA,0,0,0,0,0,0,0,0,0
Wirtschaft und Verwaltung,SH,nReglementiert,0,0,0,0,0,0,0,0,0
Wirtschaft und Verwaltung,AR,abt-total,65,0,65,22,0,22,43,0,43
Wirtschaft und Verwaltung,AR,EFZ,65,0,65,22,0,22,43,0,43
Wirtschaft und Verwaltung,AR,EBA,0,0,0,0,0,0,0,0,0
Wirtschaft und Verwaltung,AR,nReglementiert,0,0,0,0,0,0,0,0,0
Wirtschaft und Verwaltung,AI,abt-total,22,0,22,8,0,8,14,0,14
Wirtschaft und Verwaltung,AI,EFZ,22,0,22,8,0,8,14,0,14
Wirtschaft und Verwaltung,AI,EBA,0,0,0,0,0,0,0,0,0
Wirtschaft und Verwaltung,AI,nReglementiert,0,0,0,0,0,0,0,0,0
Wirtschaft und Verwaltung,SG,abt-total,810,0,810,260,0,260,550,0,550
Wirtschaft und Verwaltung,SG,EFZ,810,0,810,260,0,260,550,0,550
Wirtschaft und Verwaltung,SG,EBA,0,0,0,0,0,0,0,0,0
Wirtschaft und Verwaltung,SG,nReglementiert,0,0,0,0,0,0,0,0,0
Wirtschaft und Verwaltung,GR,abt-total,281,0,281,85,0,85,196,0,196
Wirtschaft und Verwaltung,GR,EFZ,281,0,281,85,0,85,196,0,196
Wirtschaft und Verwaltung,GR,EBA,0,0,0,0,0,0,0,0,0
Wirtschaft und Verwaltung,GR,nReglementiert,0,0,0,0,0,0,0,0,0
Wirtschaft und Verwaltung,AG,abt-total,885,0,885,330,0,330,555,0,555
Wirtschaft und Verwaltung,AG,EFZ,885,0,885,330,0,330,555,0,555
Wirtschaft und Verwaltung,AG,EBA,0,0,0,0,0,0,0,0,0
Wirtschaft und Verwaltung,AG,nReglementiert,0,0,0,0,0,0,0,0,0
Wirtschaft und Verwaltung,TG,abt-total,292,0,292,106,0,106,186,0,186
Wirtschaft und Verwaltung,TG,EFZ,292,0,292,106,0,106,186,0,186
Wirtschaft und Verwaltung,TG,EBA,0,0,0,0,0,0,0,0,0
Wirtschaft und Verwaltung,TG,nReglementiert,0,0,0,0,0,0,0,0,0
Wirtschaft und Verwaltung,TI,abt-total,704,399,305,312,206,106,392,193,199
Wirtschaft und Verwaltung,TI,EFZ,704,399,305,312,206,106,392,193,199
Wirtschaft und Verwaltung,TI,EBA,0,0,0,0,0,0,0,0,0
Wirtschaft und Verwaltung,TI,nReglementiert,0,0,0,0,0,0,0,0,0
Wirtschaft und Verwaltung,VD,abt-total,1321,251,1070,557,151,406,764,100,664
Wirtschaft und Verwaltung,VD,EFZ,1321,251,1070,557,151,406,764,100,664
Wirtschaft und Verwaltung,VD,EBA,0,0,0,0,0,0,0,0,0
Wirtschaft und Verwaltung,VD,nReglementiert,0,0,0,0,0,0,0,0,0
Wirtschaft und Verwaltung,VS,abt-total,347,0,347,101,0,101,246,0,246
Wirtschaft und Verwaltung,VS,EFZ,347,0,347,101,0,101,246,0,246
Wirtschaft und Verwaltung,VS,EBA,0,0,0,0,0,0,0,0,0
Wirtschaft und Verwaltung,VS,nReglementiert,0,0,0,0,0,0,0,0,0
Wirtschaft und Verwaltung,NE,abt-total,373,181,192,130,79,51,243,102,141
Wirtschaft und Verwaltung,NE,EFZ,373,181,192,130,79,51,243,102,141
Wirtschaft und Verwaltung,NE,EBA,0,0,0,0,0,0,0,0,0
Wirtschaft und Verwaltung,NE,nReglementiert,0,0,0,0,0,0,0,0,0
Wirtschaft und Verwaltung,GE,abt-total,1292,828,464,686,503,183,606,325,281
Wirtschaft und Verwaltung,GE,EFZ,1292,828,464,686,503,183,606,325,281
Wirtschaft und Verwaltung,GE,EBA,0,0,0,0,0,0,0,0,0
Wirtschaft und Verwaltung,GE,nReglementiert,0,0,0,0,0,0,0,0,0
Wirtschaft und Verwaltung,JU,abt-total,186,2,184,83,0,83,103,2,101
Wirtschaft und Verwaltung,JU,EFZ,186,2,184,83,0,83,103,2,101
Wirtschaft und Verwaltung,JU,EBA,0,0,0,0,0,0,0,0,0
Wirtschaft und Verwaltung,JU,nReglementiert,0,0,0,0,0,0,0,0,0
Informatik,,abt-total,1833,469,1364,1675,422,1253,158,47,111
Informatik,,EFZ,1737,457,1280,1590,412,1178,147,45,102
Informatik,,EBA,96,12,84,85,10,75,11,2,9
Informatik,,nReglementiert,0,0,0,0,0,0,0,0,0
Informatik,ZH,abt-total,401,5,396,365,5,360,36,0,36
Informatik,ZH,EFZ,377,5,372,345,5,340,32,0,32
Informatik,ZH,EBA,24,0,24,20,0,20,4,0,4
Informatik,ZH,nReglementiert,0,0,0,0,0,0,0,0,0
Informatik,BE,abt-total,286,41,245,258,38,220,28,3,25
Informatik,BE,EFZ,257,29,228,232,28,204,25,1,24
Informatik,BE,EBA,29,12,17,26,10,16,3,2,1
Informatik,BE,nReglementiert,0,0,0,0,0,0,0,0,0
Informatik,LU,abt-total,72,0,72,63,0,63,9,0,9
Informatik,LU,EFZ,61,0,61,55,0,55,6,0,6
Informatik,LU,EBA,11,0,11,8,0,8,3,0,3
Informatik,LU,nReglementiert,0,0,0,0,0,0,0,0,0
Informatik,UR,abt-total,3,0,3,3,0,3,0,0,0
Informatik,UR,EFZ,3,0,3,3,0,3,0,0,0
Informatik,UR,EBA,0,0,0,0,0,0,0,0,0
Informatik,UR,nReglementiert,0,0,0,0,0,0,0,0,0
Informatik,SZ,abt-total,9,0,9,9,0,9,0,0,0
Informatik,SZ,EFZ,8,0,8,8,0,8,0,0,0
Informatik,SZ,EBA,1,0,1,1,0,1,0,0,0
Informatik,SZ,nReglementiert,0,0,0,0,0,0,0,0,0
Informatik,OW,abt-total,4,0,4,4,0,4,0,0,0
Informatik,OW,EFZ,3,0,3,3,0,3,0,0,0
Informatik,OW,EBA,1,0,1,1,0,1,0,0,0
Informatik,OW,nReglementiert,0,0,0,0,0,0,0,0,0
Informatik,NW,abt-total,3,0,3,3,0,3,0,0,0
Informatik,NW,EFZ,3,0,3,3,0,3,0,0,0
Informatik,NW,EBA,0,0,0,0,0,0,0,0,0
Informatik,NW,nReglementiert,0,0,0,0,0,0,0,0,0
Informatik,GL,abt-total,5,0,5,5,0,5,0,0,0
Informatik,GL,EFZ,5,0,5,5,0,5,0,0,0
Informatik,GL,EBA,0,0,0,0,0,0,0,0,0
Informatik,GL,nReglementiert,0,0,0,0,0,0,0,0,0
Informatik,ZG,abt-total,60,0,60,58,0,58,2,0,2
Informatik,ZG,EFZ,59,0,59,57,0,57,2,0,2
Informatik,ZG,EBA,1,0,1,1,0,1,0,0,0
Informatik,ZG,nReglementiert,0,0,0,0,0,0,0,0,0
Informatik,FR,abt-total,61,38,23,60,38,22,1,0,1
Informatik,FR,EFZ,60,38,22,59,38,21,1,0,1
Informatik,FR,EBA,1,0,1,1,0,1,0,0,0
Informatik,FR,nReglementiert,0,0,0,0,0,0,0,0,0
Informatik,SO,abt-total,46,13,33,46,13,33,0,0,0
Informatik,SO,EFZ,45,13,32,45,13,32,0,0,0
Informatik,SO,EBA,1,0,1,1,0,1,0,0,0
Informatik,SO,nReglementiert,0,0,0,0,0,0,0,0,0
Informatik,BS,abt-total,51,0,51,50,0,50,1,0,1
Informatik,BS,EFZ,49,0,49,48,0,48,1,0,1
Informatik,BS,EBA,2,0,2,2,0,2,0,0,0
Informatik,BS,nReglementiert,0,0,0,0,0,0,0,0,0
Informatik,BL,abt-total,33,0,33,31,0,31,2,0,2
Informatik,BL,EFZ,32,0,32,30,0,30,2,0,2
Informatik,BL,EBA,1,0,1,1,0,1,0,0,0
Informatik,Bl,nReglementiert,0,0,0,0,0,0,0,0,0
Informatik,SH,abt-total,13,0,13,13,0,13,0,0,0
Informatik,SH,EFZ,13,0,13,13,0,13,0,0,0
Informatik,SH,EBA,0,0,0,0,0,0,0,0,0
Informatik,SH,nReglementiert,0,0,0,0,0,0,0,0,0
Informatik,AR,abt-total,3,0,3,1,0,1,2,0,2
Informatik,AR,EFZ,3,0,3,1,0,1,2,0,2
Informatik,AR,EBA,0,0,0,0,0,0,0,0,0
Informatik,AR,nReglementiert,0,0,0,0,0,0,0,0,0
Informatik,AI,abt-total,1,0,1,1,0,1,0,0,0
Informatik,AI,EFZ,1,0,1,1,0,1,0,0,0
Informatik,AI,EBA,0,0,0,0,0,0,0,0,0
Informatik,AI,nReglementiert,0,0,0,0,0,0,0,0,0
Informatik,SG,abt-total,89,0,89,82,0,82,7,0,7
Informatik,SG,EFZ,88,0,88,81,0,81,7,0,7
Informatik,SG,EBA,1,0,1,1,0,1,0,0,0
Informatik,SG,nReglementiert,0,0,0,0,0,0,0,0,0
Informatik,GR,abt-total,28,4,24,24,4,20,4,0,4
Informatik,GR,EFZ,28,4,24,24,4,20,4,0,4
Informatik,GR,EBA,0,0,0,0,0,0,0,0,0
Informatik,GR,nReglementiert,0,0,0,0,0,0,0,0,0
Informatik,AG,abt-total,90,0,90,85,0,85,5,0,5
Informatik,AG,EFZ,88,0,88,83,0,83,5,0,5
Informatik,AG,EBA,2,0,2,2,0,2,0,0,0
Informatik,AG,nReglementiert,0,0,0,0,0,0,0,0,0
Informatik,TG,abt-total,27,0,27,25,0,25,2,0,2
Informatik,TG,EFZ,26,0,26,24,0,24,2,0,2
Informatik,TG,EBA,1,0,1,1,0,1,0,0,0
Informatik,TG,nReglementiert,0,0,0,0,0,0,0,0,0
Informatik,TI,abt-total,55,24,31,51,21,30,4,3,1
Informatik,TI,EFZ,52,24,28,48,21,27,4,3,1
Informatik,TI,EBA,3,0,3,3,0,3,0,0,0
Informatik,TI,nReglementiert,0,0,0,0,0,0,0,0,0
Informatik,VD,abt-total,179,102,77,158,90,68,21,12,9
Informatik,VD,EFZ,167,102,65,147,90,57,20,12,8
Informatik,VD,EBA,12,0,12,11,0,11,1,0,1
Informatik,VD,nReglementiert,0,0,0,0,0,0,0,0,0
Informatik,VS,abt-total,63,38,25,60,37,23,3,1,2
Informatik,VS,EFZ,60,38,22,57,37,20,3,1,2
Informatik,VS,EBA,3,0,3,3,0,3,0,0,0
Informatik,VS,nReglementiert,0,0,0,0,0,0,0,0,0
Informatik,NE,abt-total,121,104,17,111,95,16,10,9,1
Informatik,NE,EFZ,121,104,17,111,95,16,10,9,1
Informatik,NE,EBA,0,0,0,0,0,0,0,0,0
Informatik,NE,nReglementiert,0,0,0,0,0,0,0,0,0
Informatik,GE,abt-total,98,74,24,87,64,23,11,10,1
Informatik,GE,EFZ,96,74,22,85,64,21,11,10,1
Informatik,GE,EBA,2,0,2,2,0,2,0,0,0
Informatik,GE,nReglementiert,0,0,0,0,0,0,0,0,0
Informatik,JU,abt-total,32,26,6,22,17,5,10,9,1
Informatik,JU,EFZ,32,26,6,22,17,5,10,9,1
Informatik,JU,EBA,0,0,0,0,0,0,0,0,0
Informatik,JU,nReglementiert,0,0,0,0,0,0,0,0,0
Maschinenbau und Metallverarbeitung,,abt-total,4719,577,4142,4342,494,3848,377,83,294
Maschinenbau und Metallverarbeitung,,EFZ,4311,516,3795,3992,436,3556,319,80,239
Maschinenbau und Metallverarbeitung,,EBA,408,61,347,350,58,292,58,3,55
Maschinenbau und Metallverarbeitung,,nReglementiert,0,0,0,0,0,0,0,0,0
Maschinenbau und Metallverarbeitung,ZH,abt-total,605,19,586,576,19,557,29,0,29
Maschinenbau und Metallverarbeitung,ZH,EFZ,565,18,547,536,18,518,29,0,29
Maschinenbau und Metallverarbeitung,ZH,EBA,40,1,39,40,1,39,0,0,0
Maschinenbau und Metallverarbeitung,ZH,nReglementiert,0,0,0,0,0,0,0,0,0
Maschinenbau und Metallverarbeitung,BE,abt-total,739,161,578,698,147,551,41,14,27
Maschinenbau und Metallverarbeitung,BE,EFZ,644,102,542,610,91,519,34,11,23
Maschinenbau und Metallverarbeitung,BE,EBA,95,59,36,88,56,32,7,3,4
Maschinenbau und Metallverarbeitung,BE,nReglementiert,0,0,0,0,0,0,0,0,0
Maschinenbau und Metallverarbeitung,LU,abt-total,210,0,210,197,0,197,13,0,13
Maschinenbau und Metallverarbeitung,LU,EFZ,193,0,193,181,0,181,12,0,12
Maschinenbau und Metallverarbeitung,LU,EBA,17,0,17,16,0,16,1,0,1
Maschinenbau und Metallverarbeitung,LU,nReglementiert,0,0,0,0,0,0,0,0,0
Maschinenbau und Metallverarbeitung,UR,abt-total,40,0,40,36,0,36,4,0,4
Maschinenbau und Metallverarbeitung,UR,EFZ,39,0,39,35,0,35,4,0,4
Maschinenbau und Metallverarbeitung,UR,EBA,1,0,1,1,0,1,0,0,0
Maschinenbau und Metallverarbeitung,UR,nReglementiert,0,0,0,0,0,0,0,0,0
Maschinenbau und Metallverarbeitung,SZ,abt-total,69,0,69,63,0,63,6,0,6
Maschinenbau und Metallverarbeitung,SZ,EFZ,67,0,67,62,0,62,5,0,5
Maschinenbau und Metallverarbeitung,SZ,EBA,2,0,2,1,0,1,1,0,1
Maschinenbau und Metallverarbeitung,SZ,nReglementiert,0,0,0,0,0,0,0,0,0
Maschinenbau und Metallverarbeitung,OW,abt-total,28,0,28,26,0,26,2,0,2
Maschinenbau und Metallverarbeitung,OW,EFZ,28,0,28,26,0,26,2,0,2
Maschinenbau und Metallverarbeitung,OW,EBA,0,0,0,0,0,0,0,0,0
Maschinenbau und Metallverarbeitung,OW,nReglementiert,0,0,0,0,0,0,0,0,0
Maschinenbau und Metallverarbeitung,NW,abt-total,37,0,37,35,0,35,2,0,2
Maschinenbau und Metallverarbeitung,NW,EFZ,37,0,37,35,0,35,2,0,2
Maschinenbau und Metallverarbeitung,NW,EBA,0,0,0,0,0,0,0,0,0
Maschinenbau und Metallverarbeitung,NW,nReglementiert,0,0,0,0,0,0,0,0,0
Maschinenbau und Metallverarbeitung,GL,abt-total,32,0,32,31,0,31,1,0,1
Maschinenbau und Metallverarbeitung,GL,EFZ,31,0,31,30,0,30,1,0,1
Maschinenbau und Metallverarbeitung,GL,EBA,1,0,1,1,0,1,0,0,0
Maschinenbau und Metallverarbeitung,GL,nReglementiert,0,0,0,0,0,0,0,0,0
Maschinenbau und Metallverarbeitung,ZG,abt-total,48,0,48,47,0,47,1,0,1
Maschinenbau und Metallverarbeitung,ZG,EFZ,47,0,47,46,0,46,1,0,1
Maschinenbau und Metallverarbeitung,ZG,EBA,1,0,1,1,0,1,0,0,0
Maschinenbau und Metallverarbeitung,ZG,nReglementiert,0,0,0,0,0,0,0,0,0
Maschinenbau und Metallverarbeitung,FR,abt-total,133,14,119,127,14,113,6,0,6
Maschinenbau und Metallverarbeitung,FR,EFZ,131,14,117,125,14,111,6,0,6
Maschinenbau und Metallverarbeitung,FR,EBA,2,0,2,2,0,2,0,0,0
Maschinenbau und Metallverarbeitung,FR,nReglementiert,0,0,0,0,0,0,0,0,0
Maschinenbau und Metallverarbeitung,SO,abt-total,242,14,228,221,12,209,21,2,19
Maschinenbau und Metallverarbeitung,SO,EFZ,221,14,207,204,12,192,17,2,15
Maschinenbau und Metallverarbeitung,SO,EBA,21,0,21,17,0,17,4,0,4
Maschinenbau und Metallverarbeitung,SO,nReglementiert,0,0,0,0,0,0,0,0,0
Maschinenbau und Metallverarbeitung,BS,abt-total,62,26,36,60,24,36,2,2,0
Maschinenbau und Metallverarbeitung,BS,EFZ,56,25,31,54,23,31,2,2,0
Maschinenbau und Metallverarbeitung,BS,EBA,6,1,5,6,1,5,0,0,0
Maschinenbau und Metallverarbeitung,BS,nReglementiert,0,0,0,0,0,0,0,0,0
Maschinenbau und Metallverarbeitung,BL,abt-total,134,0,134,124,0,124,10,0,10
Maschinenbau und Metallverarbeitung,BL,EFZ,123,0,123,114,0,114,9,0,9
Maschinenbau und Metallverarbeitung,BL,EBA,11,0,11,10,0,10,1,0,1
Maschinenbau und Metallverarbeitung,Bl,nReglementiert,0,0,0,0,0,0,0,0,0
Maschinenbau und Metallverarbeitung,SH,abt-total,59,0,59,53,0,53,6,0,6
Maschinenbau und Metallverarbeitung,SH,EFZ,56,0,56,50,0,50,6,0,6
Maschinenbau und Metallverarbeitung,SH,EBA,3,0,3,3,0,3,0,0,0
Maschinenbau und Metallverarbeitung,SH,nReglementiert,0,0,0,0,0,0,0,0,0
Maschinenbau und Metallverarbeitung,AR,abt-total,26,0,26,25,0,25,1,0,1
Maschinenbau und Metallverarbeitung,AR,EFZ,23,0,23,22,0,22,1,0,1
Maschinenbau und Metallverarbeitung,AR,EBA,3,0,3,3,0,3,0,0,0
Maschinenbau und Metallverarbeitung,AR,nReglementiert,0,0,0,0,0,0,0,0,0
Maschinenbau und Metallverarbeitung,AI,abt-total,14,0,14,13,0,13,1,0,1
Maschinenbau und Metallverarbeitung,AI,EFZ,13,0,13,12,0,12,1,0,1
Maschinenbau und Metallverarbeitung,AI,EBA,1,0,1,1,0,1,0,0,0
Maschinenbau und Metallverarbeitung,AI,nReglementiert,0,0,0,0,0,0,0,0,0
Maschinenbau und Metallverarbeitung,SG,abt-total,510,0,510,476,0,476,34,0,34
Maschinenbau und Metallverarbeitung,SG,EFZ,465,0,465,437,0,437,28,0,28
Maschinenbau und Metallverarbeitung,SG,EBA,45,0,45,39,0,39,6,0,6
Maschinenbau und Metallverarbeitung,SG,nReglementiert,0,0,0,0,0,0,0,0,0
Maschinenbau und Metallverarbeitung,GR,abt-total,85,0,85,83,0,83,2,0,2
Maschinenbau und Metallverarbeitung,GR,EFZ,84,0,84,82,0,82,2,0,2
Maschinenbau und Metallverarbeitung,GR,EBA,1,0,1,1,0,1,0,0,0
Maschinenbau und Metallverarbeitung,GR,nReglementiert,0,0,0,0,0,0,0,0,0
Maschinenbau und Metallverarbeitung,AG,abt-total,340,0,340,323,0,323,17,0,17
Maschinenbau und Metallverarbeitung,AG,EFZ,323,0,323,307,0,307,16,0,16
Maschinenbau und Metallverarbeitung,AG,EBA,17,0,17,16,0,16,1,0,1
Maschinenbau und Metallverarbeitung,AG,nReglementiert,0,0,0,0,0,0,0,0,0
Maschinenbau und Metallverarbeitung,TG,abt-total,155,0,155,147,0,147,8,0,8
Maschinenbau und Metallverarbeitung,TG,EFZ,142,0,142,135,0,135,7,0,7
Maschinenbau und Metallverarbeitung,TG,EBA,13,0,13,12,0,12,1,0,1
Maschinenbau und Metallverarbeitung,TG,nReglementiert,0,0,0,0,0,0,0,0,0
Maschinenbau und Metallverarbeitung,TI,abt-total,117,34,83,115,33,82,2,1,1
Maschinenbau und Metallverarbeitung,TI,EFZ,108,34,74,107,33,74,1,1,0
Maschinenbau und Metallverarbeitung,TI,EBA,9,0,9,8,0,8,1,0,1
Maschinenbau und Metallverarbeitung,TI,nReglementiert,0,0,0,0,0,0,0,0,0
Maschinenbau und Metallverarbeitung,VD,abt-total,330,94,236,286,72,214,44,22,22
Maschinenbau und Metallverarbeitung,VD,EFZ,300,94,206,264,72,192,36,22,14
Maschinenbau und Metallverarbeitung,VD,EBA,30,0,30,22,0,22,8,0,8
Maschinenbau und Metallverarbeitung,VD,nReglementiert,0,0,0,0,0,0,0,0,0
Maschinenbau und Metallverarbeitung,VS,abt-total,132,0,132,130,0,130,2,0,2
Maschinenbau und Metallverarbeitung,VS,EFZ,125,0,125,123,0,123,2,0,2
Maschinenbau und Metallverarbeitung,VS,EBA,7,0,7,7,0,7,0,0,0
Maschinenbau und Metallverarbeitung,VS,nReglementiert,0,0,0,0,0,0,0,0,0
Maschinenbau und Metallverarbeitung,NE,abt-total,308,84,224,229,69,160,79,15,64
Maschinenbau und Metallverarbeitung,NE,EFZ,243,84,159,190,69,121,53,15,38
Maschinenbau und Metallverarbeitung,NE,EBA,65,0,65,39,0,39,26,0,26
Maschinenbau und Metallverarbeitung,NE,nReglementiert,0,0,0,0,0,0,0,0,0
Maschinenbau und Metallverarbeitung,GE,abt-total,154,94,60,129,78,51,25,16,9
Maschinenbau und Metallverarbeitung,GE,EFZ,148,94,54,123,78,45,25,16,9
Maschinenbau und Metallverarbeitung,GE,EBA,6,0,6,6,0,6,0,0,0
Maschinenbau und Metallverarbeitung,GE,nReglementiert,0,0,0,0,0,0,0,0,0
Maschinenbau und Metallverarbeitung,JU,abt-total,110,37,73,92,26,66,18,11,7
Maschinenbau und Metallverarbeitung,JU,EFZ,99,37,62,82,26,56,17,11,6
Maschinenbau und Metallverarbeitung,JU,EBA,11,0,11,10,0,10,1,0,1
Maschinenbau und Metallverarbeitung,JU,nReglementiert,0,0,0,0,0,0,0,0,0
Elektrizität und Energie,,abt-total,4086,5,4081,4007,4,4003,79,1,78
Elektrizität und Energie,,EFZ,3853,0,3853,3775,0,3775,78,0,78
Elektrizität und Energie,,EBA,233,5,228,232,4,228,1,1,0
Elektrizität und Energie,,nReglementiert,0,0,0,0,0,0,0,0,0
Elektrizität und Energie,ZH,abt-total,712,0,712,707,0,707,5,0,5
Elektrizität und Energie,ZH,EFZ,680,0,680,675,0,675,5,0,5
Elektrizität und Energie,ZH,EBA,32,0,32,32,0,32,0,0,0
Elektrizität und Energie,ZH,nReglementiert,0,0,0,0,0,0,0,0,0
Elektrizität und Energie,BE,abt-total,484,5,479,470,4,466,14,1,13
Elektrizität und Energie,BE,EFZ,464,0,464,451,0,451,13,0,13
Elektrizität und Energie,BE,EBA,20,5,15,19,4,15,1,1,0
Elektrizität und Energie,BE,nReglementiert,0,0,0,0,0,0,0,0,0
Elektrizität und Energie,LU,abt-total,262,0,262,261,0,261,1,0,1
Elektrizität und Energie,LU,EFZ,237,0,237,236,0,236,1,0,1
Elektrizität und Energie,LU,EBA,25,0,25,25,0,25,0,0,0
Elektrizität und Energie,LU,nReglementiert,0,0,0,0,0,0,0,0,0
Elektrizität und Energie,UR,abt-total,30,0,30,30,0,30,0,0,0
Elektrizität und Energie,UR,EFZ,29,0,29,29,0,29,0,0,0
Elektrizität und Energie,UR,EBA,1,0,1,1,0,1,0,0,0
Elektrizität und Energie,UR,nReglementiert,0,0,0,0,0,0,0,0,0
Elektrizität und Energie,SZ,abt-total,71,0,71,69,0,69,2,0,2
Elektrizität und Energie,SZ,EFZ,62,0,62,60,0,60,2,0,2
Elektrizität und Energie,SZ,EBA,9,0,9,9,0,9,0,0,0
Elektrizität und Energie,SZ,nReglementiert,0,0,0,0,0,0,0,0,0
Elektrizität und Energie,OW,abt-total,24,0,24,22,0,22,2,0,2
Elektrizität und Energie,OW,EFZ,23,0,23,21,0,21,2,0,2
Elektrizität und Energie,OW,EBA,1,0,1,1,0,1,0,0,0
Elektrizität und Energie,OW,nReglementiert,0,0,0,0,0,0,0,0,0
Elektrizität und Energie,NW,abt-total,19,0,19,18,0,18,1,0,1
Elektrizität und Energie,NW,EFZ,19,0,19,18,0,18,1,0,1
Elektrizität und Energie,NW,EBA,0,0,0,0,0,0,0,0,0
Elektrizität und Energie,NW,nReglementiert,0,0,0,0,0,0,0,0,0
Elektrizität und Energie,GL,abt-total,29,0,29,29,0,29,0,0,0
Elektrizität und Energie,GL,EFZ,26,0,26,26,0,26,0,0,0
Elektrizität und Energie,GL,EBA,3,0,3,3,0,3,0,0,0
Elektrizität und Energie,GL,nReglementiert,0,0,0,0,0,0,0,0,0
Elektrizität und Energie,ZG,abt-total,84,0,84,84,0,84,0,0,0
Elektrizität und Energie,ZG,EFZ,83,0,83,83,0,83,0,0,0
Elektrizität und Energie,ZG,EBA,1,0,1,1,0,1,0,0,0
Elektrizität und Energie,ZG,nReglementiert,0,0,0,0,0,0,0,0,0
Elektrizität und Energie,FR,abt-total,139,0,139,135,0,135,4,0,4
Elektrizität und Energie,FR,EFZ,131,0,131,127,0,127,4,0,4
Elektrizität und Energie,FR,EBA,8,0,8,8,0,8,0,0,0
Elektrizität und Energie,FR,nReglementiert,0,0,0,0,0,0,0,0,0
Elektrizität und Energie,SO,abt-total,117,0,117,114,0,114,3,0,3
Elektrizität und Energie,SO,EFZ,104,0,104,101,0,101,3,0,3
Elektrizität und Energie,SO,EBA,13,0,13,13,0,13,0,0,0
Elektrizität und Energie,SO,nReglementiert,0,0,0,0,0,0,0,0,0
Elektrizität und Energie,BS,abt-total,151,0,151,147,0,147,4,0,4
Elektrizität und Energie,BS,EFZ,139,0,139,135,0,135,4,0,4
Elektrizität und Energie,BS,EBA,12,0,12,12,0,12,0,0,0
Elektrizität und Energie,BS,nReglementiert,0,0,0,0,0,0,0,0,0
Elektrizität und Energie,BL,abt-total,122,0,122,118,0,118,4,0,4
Elektrizität und Energie,BL,EFZ,115,0,115,111,0,111,4,0,4
Elektrizität und Energie,BL,EBA,7,0,7,7,0,7,0,0,0
Elektrizität und Energie,Bl,nReglementiert,0,0,0,0,0,0,0,0,0
Elektrizität und Energie,SH,abt-total,37,0,37,35,0,35,2,0,2
Elektrizität und Energie,SH,EFZ,35,0,35,33,0,33,2,0,2
Elektrizität und Energie,SH,EBA,2,0,2,2,0,2,0,0,0
Elektrizität und Energie,SH,nReglementiert,0,0,0,0,0,0,0,0,0
Elektrizität und Energie,AR,abt-total,21,0,21,20,0,20,1,0,1
Elektrizität und Energie,AR,EFZ,21,0,21,20,0,20,1,0,1
Elektrizität und Energie,AR,EBA,0,0,0,0,0,0,0,0,0
Elektrizität und Energie,AR,nReglementiert,0,0,0,0,0,0,0,0,0
Elektrizität und Energie,AI,abt-total,8,0,8,8,0,8,0,0,0
Elektrizität und Energie,AI,EFZ,7,0,7,7,0,7,0,0,0
Elektrizität und Energie,AI,EBA,1,0,1,1,0,1,0,0,0
Elektrizität und Energie,AI,nReglementiert,0,0,0,0,0,0,0,0,0
Elektrizität und Energie,SG,abt-total,296,0,296,289,0,289,7,0,7
Elektrizität und Energie,SG,EFZ,275,0,275,268,0,268,7,0,7
Elektrizität und Energie,SG,EBA,21,0,21,21,0,21,0,0,0
Elektrizität und Energie,SG,nReglementiert,0,0,0,0,0,0,0,0,0
Elektrizität und Energie,GR,abt-total,137,0,137,136,0,136,1,0,1
Elektrizität und Energie,GR,EFZ,127,0,127,126,0,126,1,0,1
Elektrizität und Energie,GR,EBA,10,0,10,10,0,10,0,0,0
Elektrizität und Energie,GR,nReglementiert,0,0,0,0,0,0,0,0,0
Elektrizität und Energie,AG,abt-total,304,0,304,293,0,293,11,0,11
Elektrizität und Energie,AG,EFZ,304,0,304,293,0,293,11,0,11
Elektrizität und Energie,AG,EBA,0,0,0,0,0,0,0,0,0
Elektrizität und Energie,AG,nReglementiert,0,0,0,0,0,0,0,0,0
Elektrizität und Energie,TG,abt-total,139,0,139,137,0,137,2,0,2
Elektrizität und Energie,TG,EFZ,127,0,127,125,0,125,2,0,2
Elektrizität und Energie,TG,EBA,12,0,12,12,0,12,0,0,0
Elektrizität und Energie,TG,nReglementiert,0,0,0,0,0,0,0,0,0
Elektrizität und Energie,TI,abt-total,182,0,182,182,0,182,0,0,0
Elektrizität und Energie,TI,EFZ,174,0,174,174,0,174,0,0,0
Elektrizität und Energie,TI,EBA,8,0,8,8,0,8,0,0,0
Elektrizität und Energie,TI,nReglementiert,0,0,0,0,0,0,0,0,0
Elektrizität und Energie,VD,abt-total,343,0,343,332,0,332,11,0,11
Elektrizität und Energie,VD,EFZ,317,0,317,306,0,306,11,0,11
Elektrizität und Energie,VD,EBA,26,0,26,26,0,26,0,0,0
Elektrizität und Energie,VD,nReglementiert,0,0,0,0,0,0,0,0,0
Elektrizität und Energie,VS,abt-total,213,0,213,211,0,211,2,0,2
Elektrizität und Energie,VS,EFZ,196,0,196,194,0,194,2,0,2
Elektrizität und Energie,VS,EBA,17,0,17,17,0,17,0,0,0
Elektrizität und Energie,VS,nReglementiert,0,0,0,0,0,0,0,0,0
Elektrizität und Energie,NE,abt-total,65,0,65,64,0,64,1,0,1
Elektrizität und Energie,NE,EFZ,64,0,64,63,0,63,1,0,1
Elektrizität und Energie,NE,EBA,1,0,1,1,0,1,0,0,0
Elektrizität und Energie,NE,nReglementiert,0,0,0,0,0,0,0,0,0
Elektrizität und Energie,GE,abt-total,61,0,61,61,0,61,0,0,0
Elektrizität und Energie,GE,EFZ,58,0,58,58,0,58,0,0,0
Elektrizität und Energie,GE,EBA,3,0,3,3,0,3,0,0,0
Elektrizität und Energie,GE,nReglementiert,0,0,0,0,0,0,0,0,0
Elektrizität und Energie,JU,abt-total,36,0,36,35,0,35,1,0,1
Elektrizität und Energie,JU,EFZ,36,0,36,35,0,35,1,0,1
Elektrizität und Energie,JU,EBA,0,0,0,0,0,0,0,0,0
Elektrizität und Energie,JU,nReglementiert,0,0,0,0,0,0,0,0,0
Elektronik und Automation,,abt-total,1954,555,1399,1901,540,1361,53,15,38
Elektronik und Automation,,EFZ,1954,555,1399,1901,540,1361,53,15,38
Elektronik und Automation,,EBA,0,0,0,0,0,0,0,0,0
Elektronik und Automation,,nReglementiert,0,0,0,0,0,0,0,0,0
Elektronik und Automation,ZH,abt-total,244,35,209,239,33,206,5,2,3
Elektronik und Automation,ZH,EFZ,244,35,209,239,33,206,5,2,3
Elektronik und Automation,ZH,EBA,0,0,0,0,0,0,0,0,0
Elektronik und Automation,ZH,nReglementiert,0,0,0,0,0,0,0,0,0
Elektronik und Automation,BE,abt-total,215,71,144,204,68,136,11,3,8
Elektronik und Automation,BE,EFZ,215,71,144,204,68,136,11,3,8
Elektronik und Automation,BE,EBA,0,0,0,0,0,0,0,0,0
Elektronik und Automation,BE,nReglementiert,0,0,0,0,0,0,0,0,0
Elektronik und Automation,LU,abt-total,77,0,77,72,0,72,5,0,5
Elektronik und Automation,LU,EFZ,77,0,77,72,0,72,5,0,5
Elektronik und Automation,LU,EBA,0,0,0,0,0,0,0,0,0
Elektronik und Automation,LU,nReglementiert,0,0,0,0,0,0,0,0,0
Elektronik und Automation,UR,abt-total,5,0,5,5,0,5,0,0,0
Elektronik und Automation,UR,EFZ,5,0,5,5,0,5,0,0,0
Elektronik und Automation,UR,EBA,0,0,0,0,0,0,0,0,0
Elektronik und Automation,UR,nReglementiert,0,0,0,0,0,0,0,0,0
Elektronik und Automation,SZ,abt-total,24,0,24,24,0,24,0,0,0
Elektronik und Automation,SZ,EFZ,24,0,24,24,0,24,0,0,0
Elektronik und Automation,SZ,EBA,0,0,0,0,0,0,0,0,0
Elektronik und Automation,SZ,nReglementiert,0,0,0,0,0,0,0,0,0
Elektronik und Automation,OW,abt-total,6,0,6,6,0,6,0,0,0
Elektronik und Automation,OW,EFZ,6,0,6,6,0,6,0,0,0
Elektronik und Automation,OW,EBA,0,0,0,0,0,0,0,0,0
Elektronik und Automation,OW,nReglementiert,0,0,0,0,0,0,0,0,0
Elektronik und Automation,NW,abt-total,5,0,5,5,0,5,0,0,0
Elektronik und Automation,NW,EFZ,5,0,5,5,0,5,0,0,0
Elektronik und Automation,NW,EBA,0,0,0,0,0,0,0,0,0
Elektronik und Automation,NW,nReglementiert,0,0,0,0,0,0,0,0,0
Elektronik und Automation,GL,abt-total,13,0,13,13,0,13,0,0,0
Elektronik und Automation,GL,EFZ,13,0,13,13,0,13,0,0,0
Elektronik und Automation,GL,EBA,0,0,0,0,0,0,0,0,0
Elektronik und Automation,GL,nReglementiert,0,0,0,0,0,0,0,0,0
Elektronik und Automation,ZG,abt-total,39,0,39,39,0,39,0,0,0
Elektronik und Automation,ZG,EFZ,39,0,39,39,0,39,0,0,0
Elektronik und Automation,ZG,EBA,0,0,0,0,0,0,0,0,0
Elektronik und Automation,ZG,nReglementiert,0,0,0,0,0,0,0,0,0
Elektronik und Automation,FR,abt-total,98,40,58,95,40,55,3,0,3
Elektronik und Automation,FR,EFZ,98,40,58,95,40,55,3,0,3
Elektronik und Automation,FR,EBA,0,0,0,0,0,0,0,0,0
Elektronik und Automation,FR,nReglementiert,0,0,0,0,0,0,0,0,0
Elektronik und Automation,SO,abt-total,51,0,51,49,0,49,2,0,2
Elektronik und Automation,SO,EFZ,51,0,51,49,0,49,2,0,2
Elektronik und Automation,SO,EBA,0,0,0,0,0,0,0,0,0
Elektronik und Automation,SO,nReglementiert,0,0,0,0,0,0,0,0,0
Elektronik und Automation,BS,abt-total,31,0,31,30,0,30,1,0,1
Elektronik und Automation,BS,EFZ,31,0,31,30,0,30,1,0,1
Elektronik und Automation,BS,EBA,0,0,0,0,0,0,0,0,0
Elektronik und Automation,BS,nReglementiert,0,0,0,0,0,0,0,0,0
Elektronik und Automation,BL,abt-total,23,0,23,23,0,23,0,0,0
Elektronik und Automation,BL,EFZ,23,0,23,23,0,23,0,0,0
Elektronik und Automation,BL,EBA,0,0,0,0,0,0,0,0,0
Elektronik und Automation,Bl,nReglementiert,0,0,0,0,0,0,0,0,0
Elektronik und Automation,SH,abt-total,26,0,26,24,0,24,2,0,2
Elektronik und Automation,SH,EFZ,26,0,26,24,0,24,2,0,2
Elektronik und Automation,SH,EBA,0,0,0,0,0,0,0,0,0
Elektronik und Automation,SH,nReglementiert,0,0,0,0,0,0,0,0,0
Elektronik und Automation,AR,abt-total,8,0,8,8,0,8,0,0,0
Elektronik und Automation,AR,EFZ,8,0,8,8,0,8,0,0,0
Elektronik und Automation,AR,EBA,0,0,0,0,0,0,0,0,0
Elektronik und Automation,AR,nReglementiert,0,0,0,0,0,0,0,0,0
Elektronik und Automation,AI,abt-total,2,0,2,2,0,2,0,0,0
Elektronik und Automation,AI,EFZ,2,0,2,2,0,2,0,0,0
Elektronik und Automation,AI,EBA,0,0,0,0,0,0,0,0,0
Elektronik und Automation,AI,nReglementiert,0,0,0,0,0,0,0,0,0
Elektronik und Automation,SG,abt-total,102,0,102,99,0,99,3,0,3
Elektronik und Automation,SG,EFZ,102,0,102,99,0,99,3,0,3
Elektronik und Automation,SG,EBA,0,0,0,0,0,0,0,0,0
Elektronik und Automation,SG,nReglementiert,0,0,0,0,0,0,0,0,0
Elektronik und Automation,GR,abt-total,47,0,47,46,0,46,1,0,1
Elektronik und Automation,GR,EFZ,47,0,47,46,0,46,1,0,1
Elektronik und Automation,GR,EBA,0,0,0,0,0,0,0,0,0
Elektronik und Automation,GR,nReglementiert,0,0,0,0,0,0,0,0,0
Elektronik und Automation,AG,abt-total,151,0,151,148,0,148,3,0,3
Elektronik und Automation,AG,EFZ,151,0,151,148,0,148,3,0,3
Elektronik und Automation,AG,EBA,0,0,0,0,0,0,0,0,0
Elektronik und Automation,AG,nReglementiert,0,0,0,0,0,0,0,0,0
Elektronik und Automation,TG,abt-total,44,0,44,44,0,44,0,0,0
Elektronik und Automation,TG,EFZ,44,0,44,44,0,44,0,0,0
Elektronik und Automation,TG,EBA,0,0,0,0,0,0,0,0,0
Elektronik und Automation,TG,nReglementiert,0,0,0,0,0,0,0,0,0
Elektronik und Automation,TI,abt-total,103,72,31,102,72,30,1,0,1
Elektronik und Automation,TI,EFZ,103,72,31,102,72,30,1,0,1
Elektronik und Automation,TI,EBA,0,0,0,0,0,0,0,0,0
Elektronik und Automation,TI,nReglementiert,0,0,0,0,0,0,0,0,0
Elektronik und Automation,VD,abt-total,210,120,90,206,117,89,4,3,1
Elektronik und Automation,VD,EFZ,210,120,90,206,117,89,4,3,1
Elektronik und Automation,VD,EBA,0,0,0,0,0,0,0,0,0
Elektronik und Automation,VD,nReglementiert,0,0,0,0,0,0,0,0,0
Elektronik und Automation,VS,abt-total,79,36,43,77,35,42,2,1,1
Elektronik und Automation,VS,EFZ,79,36,43,77,35,42,2,1,1
Elektronik und Automation,VS,EBA,0,0,0,0,0,0,0,0,0
Elektronik und Automation,VS,nReglementiert,0,0,0,0,0,0,0,0,0
Elektronik und Automation,NE,abt-total,96,80,16,91,78,13,5,2,3
Elektronik und Automation,NE,EFZ,96,80,16,91,78,13,5,2,3
Elektronik und Automation,NE,EBA,0,0,0,0,0,0,0,0,0
Elektronik und Automation,NE,nReglementiert,0,0,0,0,0,0,0,0,0
Elektronik und Automation,GE,abt-total,223,79,144,219,75,144,4,4,0
Elektronik und Automation,GE,EFZ,223,79,144,219,75,144,4,4,0
Elektronik und Automation,GE,EBA,0,0,0,0,0,0,0,0,0
Elektronik und Automation,GE,nReglementiert,0,0,0,0,0,0,0,0,0
Elektronik und Automation,JU,abt-total,32,22,10,31,22,9,1,0,1
Elektronik und Automation,JU,EFZ,32,22,10,31,22,9,1,0,1
Elektronik und Automation,JU,EBA,0,0,0,0,0,0,0,0,0
Elektronik und Automation,JU,nReglementiert,0,0,0,0,0,0,0,0,0
Chemie und Verfahrenstechnik,,abt-total,669,55,614,447,35,412,222,20,202
Chemie und Verfahrenstechnik,,EFZ,669,55,614,447,35,412,222,20,202
Chemie und Verfahrenstechnik,,EBA,0,0,0,0,0,0,0,0,0
Chemie und Verfahrenstechnik,,nReglementiert,0,0,0,0,0,0,0,0,0
Chemie und Verfahrenstechnik,ZH,abt-total,66,0,66,46,0,46,20,0,20
Chemie und Verfahrenstechnik,ZH,EFZ,66,0,66,46,0,46,20,0,20
Chemie und Verfahrenstechnik,ZH,EBA,0,0,0,0,0,0,0,0,0
Chemie und Verfahrenstechnik,ZH,nReglementiert,0,0,0,0,0,0,0,0,0
Chemie und Verfahrenstechnik,BE,abt-total,36,0,36,22,0,22,14,0,14
Chemie und Verfahrenstechnik,BE,EFZ,36,0,36,22,0,22,14,0,14
Chemie und Verfahrenstechnik,BE,EBA,0,0,0,0,0,0,0,0,0
Chemie und Verfahrenstechnik,BE,nReglementiert,0,0,0,0,0,0,0,0,0
Chemie und Verfahrenstechnik,LU,abt-total,11,0,11,8,0,8,3,0,3
Chemie und Verfahrenstechnik,LU,EFZ,11,0,11,8,0,8,3,0,3
Chemie und Verfahrenstechnik,LU,EBA,0,0,0,0,0,0,0,0,0
Chemie und Verfahrenstechnik,LU,nReglementiert,0,0,0,0,0,0,0,0,0
Chemie und Verfahrenstechnik,UR,abt-total,1,0,1,1,0,1,0,0,0
Chemie und Verfahrenstechnik,UR,EFZ,1,0,1,1,0,1,0,0,0
Chemie und Verfahrenstechnik,UR,EBA,0,0,0,0,0,0,0,0,0
Chemie und Verfahrenstechnik,UR,nReglementiert,0,0,0,0,0,0,0,0,0
Chemie und Verfahrenstechnik,SZ,abt-total,2,0,2,2,0,2,0,0,0
Chemie und Verfahrenstechnik,SZ,EFZ,2,0,2,2,0,2,0,0,0
Chemie und Verfahrenstechnik,SZ,EBA,0,0,0,0,0,0,0,0,0
Chemie und Verfahrenstechnik,SZ,nReglementiert,0,0,0,0,0,0,0,0,0
Chemie und Verfahrenstechnik,OW,abt-total,0,0,0,0,0,0,0,0,0
Chemie und Verfahrenstechnik,OW,EFZ,0,0,0,0,0,0,0,0,0
Chemie und Verfahrenstechnik,OW,EBA,0,0,0,0,0,0,0,0,0
Chemie und Verfahrenstechnik,OW,nReglementiert,0,0,0,0,0,0,0,0,0
Chemie und Verfahrenstechnik,NW,abt-total,0,0,0,0,0,0,0,0,0
Chemie und Verfahrenstechnik,NW,EFZ,0,0,0,0,0,0,0,0,0
Chemie und Verfahrenstechnik,NW,EBA,0,0,0,0,0,0,0,0,0
Chemie und Verfahrenstechnik,NW,nReglementiert,0,0,0,0,0,0,0,0,0
Chemie und Verfahrenstechnik,GL,abt-total,1,0,1,1,0,1,0,0,0
Chemie und Verfahrenstechnik,GL,EFZ,1,0,1,1,0,1,0,0,0
Chemie und Verfahrenstechnik,GL,EBA,0,0,0,0,0,0,0,0,0
Chemie und Verfahrenstechnik,GL,nReglementiert,0,0,0,0,0,0,0,0,0
Chemie und Verfahrenstechnik,ZG,abt-total,6,0,6,4,0,4,2,0,2
Chemie und Verfahrenstechnik,ZG,EFZ,6,0,6,4,0,4,2,0,2
Chemie und Verfahrenstechnik,ZG,EBA,0,0,0,0,0,0,0,0,0
Chemie und Verfahrenstechnik,ZG,nReglementiert,0,0,0,0,0,0,0,0,0
Chemie und Verfahrenstechnik,FR,abt-total,27,0,27,8,0,8,19,0,19
Chemie und Verfahrenstechnik,FR,EFZ,27,0,27,8,0,8,19,0,19
Chemie und Verfahrenstechnik,FR,EBA,0,0,0,0,0,0,0,0,0
Chemie und Verfahrenstechnik,FR,nReglementiert,0,0,0,0,0,0,0,0,0
Chemie und Verfahrenstechnik,SO,abt-total,1,0,1,1,0,1,0,0,0
Chemie und Verfahrenstechnik,SO,EFZ,1,0,1,1,0,1,0,0,0
Chemie und Verfahrenstechnik,SO,EBA,0,0,0,0,0,0,0,0,0
Chemie und Verfahrenstechnik,SO,nReglementiert,0,0,0,0,0,0,0,0,0
Chemie und Verfahrenstechnik,BS,abt-total,79,0,79,57,0,57,22,0,22
Chemie und Verfahrenstechnik,BS,EFZ,79,0,79,57,0,57,22,0,22
Chemie und Verfahrenstechnik,BS,EBA,0,0,0,0,0,0,0,0,0
Chemie und Verfahrenstechnik,BS,nReglementiert,0,0,0,0,0,0,0,0,0
Chemie und Verfahrenstechnik,BL,abt-total,105,0,105,73,0,73,32,0,32
Chemie und Verfahrenstechnik,BL,EFZ,105,0,105,73,0,73,32,0,32
Chemie und Verfahrenstechnik,BL,EBA,0,0,0,0,0,0,0,0,0
Chemie und Verfahrenstechnik,Bl,nReglementiert,0,0,0,0,0,0,0,0,0
Chemie und Verfahrenstechnik,SH,abt-total,14,0,14,10,0,10,4,0,4
Chemie und Verfahrenstechnik,SH,EFZ,14,0,14,10,0,10,4,0,4
Chemie und Verfahrenstechnik,SH,EBA,0,0,0,0,0,0,0,0,0
Chemie und Verfahrenstechnik,SH,nReglementiert,0,0,0,0,0,0,0,0,0
Chemie und Verfahrenstechnik,AR,abt-total,6,0,6,3,0,3,3,0,3
Chemie und Verfahrenstechnik,AR,EFZ,6,0,6,3,0,3,3,0,3
Chemie und Verfahrenstechnik,AR,EBA,0,0,0,0,0,0,0,0,0
Chemie und Verfahrenstechnik,AR,nReglementiert,0,0,0,0,0,0,0,0,0
Chemie und Verfahrenstechnik,AI,abt-total,0,0,0,0,0,0,0,0,0
Chemie und Verfahrenstechnik,AI,EFZ,0,0,0,0,0,0,0,0,0
Chemie und Verfahrenstechnik,AI,EBA,0,0,0,0,0,0,0,0,0
Chemie und Verfahrenstechnik,AI,nReglementiert,0,0,0,0,0,0,0,0,0
Chemie und Verfahrenstechnik,SG,abt-total,24,0,24,17,0,17,7,0,7
Chemie und Verfahrenstechnik,SG,EFZ,24,0,24,17,0,17,7,0,7
Chemie und Verfahrenstechnik,SG,EBA,0,0,0,0,0,0,0,0,0
Chemie und Verfahrenstechnik,SG,nReglementiert,0,0,0,0,0,0,0,0,0
Chemie und Verfahrenstechnik,GR,abt-total,14,0,14,8,0,8,6,0,6
Chemie und Verfahrenstechnik,GR,EFZ,14,0,14,8,0,8,6,0,6
Chemie und Verfahrenstechnik,GR,EBA,0,0,0,0,0,0,0,0,0
Chemie und Verfahrenstechnik,GR,nReglementiert,0,0,0,0,0,0,0,0,0
Chemie und Verfahrenstechnik,AG,abt-total,56,0,56,40,0,40,16,0,16
Chemie und Verfahrenstechnik,AG,EFZ,56,0,56,40,0,40,16,0,16
Chemie und Verfahrenstechnik,AG,EBA,0,0,0,0,0,0,0,0,0
Chemie und Verfahrenstechnik,AG,nReglementiert,0,0,0,0,0,0,0,0,0
Chemie und Verfahrenstechnik,TG,abt-total,5,0,5,2,0,2,3,0,3
Chemie und Verfahrenstechnik,TG,EFZ,5,0,5,2,0,2,3,0,3
Chemie und Verfahrenstechnik,TG,EBA,0,0,0,0,0,0,0,0,0
Chemie und Verfahrenstechnik,TG,nReglementiert,0,0,0,0,0,0,0,0,0
Chemie und Verfahrenstechnik,TI,abt-total,25,1,24,18,1,17,7,0,7
Chemie und Verfahrenstechnik,TI,EFZ,25,1,24,18,1,17,7,0,7
Chemie und Verfahrenstechnik,TI,EBA,0,0,0,0,0,0,0,0,0
Chemie und Verfahrenstechnik,TI,nReglementiert,0,0,0,0,0,0,0,0,0
Chemie und Verfahrenstechnik,VD,abt-total,62,17,45,38,9,29,24,8,16
Chemie und Verfahrenstechnik,VD,EFZ,62,17,45,38,9,29,24,8,16
Chemie und Verfahrenstechnik,VD,EBA,0,0,0,0,0,0,0,0,0
Chemie und Verfahrenstechnik,VD,nReglementiert,0,0,0,0,0,0,0,0,0
Chemie und Verfahrenstechnik,VS,abt-total,74,35,39,57,23,34,17,12,5
Chemie und Verfahrenstechnik,VS,EFZ,74,35,39,57,23,34,17,12,5
Chemie und Verfahrenstechnik,VS,EBA,0,0,0,0,0,0,0,0,0
Chemie und Verfahrenstechnik,VS,nReglementiert,0,0,0,0,0,0,0,0,0
Chemie und Verfahrenstechnik,NE,abt-total,10,0,10,6,0,6,4,0,4
Chemie und Verfahrenstechnik,NE,EFZ,10,0,10,6,0,6,4,0,4
Chemie und Verfahrenstechnik,NE,EBA,0,0,0,0,0,0,0,0,0
Chemie und Verfahrenstechnik,NE,nReglementiert,0,0,0,0,0,0,0,0,0
Chemie und Verfahrenstechnik,GE,abt-total,38,0,38,21,0,21,17,0,17
Chemie und Verfahrenstechnik,GE,EFZ,38,0,38,21,0,21,17,0,17
Chemie und Verfahrenstechnik,GE,EBA,0,0,0,0,0,0,0,0,0
Chemie und Verfahrenstechnik,GE,nReglementiert,0,0,0,0,0,0,0,0,0
Chemie und Verfahrenstechnik,JU,abt-total,6,2,4,4,2,2,2,0,2
Chemie und Verfahrenstechnik,JU,EFZ,6,2,4,4,2,2,2,0,2
Chemie und Verfahrenstechnik,JU,EBA,0,0,0,0,0,0,0,0,0
Chemie und Verfahrenstechnik,JU,nReglementiert,0,0,0,0,0,0,0,0,0
"Kraftfahrzeuge, Schiffe und Flugzeuge",,abt-total,4397,31,4366,4165,28,4137,232,3,229
"Kraftfahrzeuge, Schiffe und Flugzeuge",,EFZ,3804,31,3773,3583,28,3555,221,3,218
"Kraftfahrzeuge, Schiffe und Flugzeuge",,EBA,593,0,593,582,0,582,11,0,11
"Kraftfahrzeuge, Schiffe und Flugzeuge",,nReglementiert,0,0,0,0,0,0,0,0,0
"Kraftfahrzeuge, Schiffe und Flugzeuge",ZH,abt-total,637,0,637,610,0,610,27,0,27
"Kraftfahrzeuge, Schiffe und Flugzeuge",ZH,EFZ,547,0,547,522,0,522,25,0,25
"Kraftfahrzeuge, Schiffe und Flugzeuge",ZH,EBA,90,0,90,88,0,88,2,0,2
"Kraftfahrzeuge, Schiffe und Flugzeuge",ZH,nReglementiert,0,0,0,0,0,0,0,0,0
"Kraftfahrzeuge, Schiffe und Flugzeuge",BE,abt-total,569,0,569,521,0,521,48,0,48
"Kraftfahrzeuge, Schiffe und Flugzeuge",BE,EFZ,499,0,499,452,0,452,47,0,47
"Kraftfahrzeuge, Schiffe und Flugzeuge",BE,EBA,70,0,70,69,0,69,1,0,1
"Kraftfahrzeuge, Schiffe und Flugzeuge",BE,nReglementiert,0,0,0,0,0,0,0,0,0
"Kraftfahrzeuge, Schiffe und Flugzeuge",LU,abt-total,274,0,274,258,0,258,16,0,16
"Kraftfahrzeuge, Schiffe und Flugzeuge",LU,EFZ,230,0,230,215,0,215,15,0,15
"Kraftfahrzeuge, Schiffe und Flugzeuge",LU,EBA,44,0,44,43,0,43,1,0,1
"Kraftfahrzeuge, Schiffe und Flugzeuge",LU,nReglementiert,0,0,0,0,0,0,0,0,0
"Kraftfahrzeuge, Schiffe und Flugzeuge",UR,abt-total,28,0,28,26,0,26,2,0,2
"Kraftfahrzeuge, Schiffe und Flugzeuge",UR,EFZ,27,0,27,25,0,25,2,0,2
"Kraftfahrzeuge, Schiffe und Flugzeuge",UR,EBA,1,0,1,1,0,1,0,0,0
"Kraftfahrzeuge, Schiffe und Flugzeuge",UR,nReglementiert,0,0,0,0,0,0,0,0,0
"Kraftfahrzeuge, Schiffe und Flugzeuge",SZ,abt-total,83,0,83,80,0,80,3,0,3
"Kraftfahrzeuge, Schiffe und Flugzeuge",SZ,EFZ,74,0,74,71,0,71,3,0,3
"Kraftfahrzeuge, Schiffe und Flugzeuge",SZ,EBA,9,0,9,9,0,9,0,0,0
"Kraftfahrzeuge, Schiffe und Flugzeuge",SZ,nReglementiert,0,0,0,0,0,0,0,0,0
"Kraftfahrzeuge, Schiffe und Flugzeuge",OW,abt-total,17,0,17,16,0,16,1,0,1
"Kraftfahrzeuge, Schiffe und Flugzeuge",OW,EFZ,17,0,17,16,0,16,1,0,1
"Kraftfahrzeuge, Schiffe und Flugzeuge",OW,EBA,0,0,0,0,0,0,0,0,0
"Kraftfahrzeuge, Schiffe und Flugzeuge",OW,nReglementiert,0,0,0,0,0,0,0,0,0
"Kraftfahrzeuge, Schiffe und Flugzeuge",NW,abt-total,16,0,16,15,0,15,1,0,1
"Kraftfahrzeuge, Schiffe und Flugzeuge",NW,EFZ,16,0,16,15,0,15,1,0,1
"Kraftfahrzeuge, Schiffe und Flugzeuge",NW,EBA,0,0,0,0,0,0,0,0,0
"Kraftfahrzeuge, Schiffe und Flugzeuge",NW,nReglementiert,0,0,0,0,0,0,0,0,0
"Kraftfahrzeuge, Schiffe und Flugzeuge",GL,abt-total,31,0,31,27,0,27,4,0,4
"Kraftfahrzeuge, Schiffe und Flugzeuge",GL,EFZ,28,0,28,25,0,25,3,0,3
"Kraftfahrzeuge, Schiffe und Flugzeuge",GL,EBA,3,0,3,2,0,2,1,0,1
"Kraftfahrzeuge, Schiffe und Flugzeuge",GL,nReglementiert,0,0,0,0,0,0,0,0,0
"Kraftfahrzeuge, Schiffe und Flugzeuge",ZG,abt-total,57,0,57,54,0,54,3,0,3
"Kraftfahrzeuge, Schiffe und Flugzeuge",ZG,EFZ,52,0,52,49,0,49,3,0,3
"Kraftfahrzeuge, Schiffe und Flugzeuge",ZG,EBA,5,0,5,5,0,5,0,0,0
"Kraftfahrzeuge, Schiffe und Flugzeuge",ZG,nReglementiert,0,0,0,0,0,0,0,0,0
"Kraftfahrzeuge, Schiffe und Flugzeuge",FR,abt-total,180,0,180,173,0,173,7,0,7
"Kraftfahrzeuge, Schiffe und Flugzeuge",FR,EFZ,168,0,168,161,0,161,7,0,7
"Kraftfahrzeuge, Schiffe und Flugzeuge",FR,EBA,12,0,12,12,0,12,0,0,0
"Kraftfahrzeuge, Schiffe und Flugzeuge",FR,nReglementiert,0,0,0,0,0,0,0,0,0
"Kraftfahrzeuge, Schiffe und Flugzeuge",SO,abt-total,147,0,147,139,0,139,8,0,8
"Kraftfahrzeuge, Schiffe und Flugzeuge",SO,EFZ,111,0,111,103,0,103,8,0,8
"Kraftfahrzeuge, Schiffe und Flugzeuge",SO,EBA,36,0,36,36,0,36,0,0,0
"Kraftfahrzeuge, Schiffe und Flugzeuge",SO,nReglementiert,0,0,0,0,0,0,0,0,0
"Kraftfahrzeuge, Schiffe und Flugzeuge",BS,abt-total,58,0,58,55,0,55,3,0,3
"Kraftfahrzeuge, Schiffe und Flugzeuge",BS,EFZ,52,0,52,49,0,49,3,0,3
"Kraftfahrzeuge, Schiffe und Flugzeuge",BS,EBA,6,0,6,6,0,6,0,0,0
"Kraftfahrzeuge, Schiffe und Flugzeuge",BS,nReglementiert,0,0,0,0,0,0,0,0,0
"Kraftfahrzeuge, Schiffe und Flugzeuge",BL,abt-total,115,0,115,107,0,107,8,0,8
"Kraftfahrzeuge, Schiffe und Flugzeuge",BL,EFZ,91,0,91,84,0,84,7,0,7
"Kraftfahrzeuge, Schiffe und Flugzeuge",BL,EBA,24,0,24,23,0,23,1,0,1
"Kraftfahrzeuge, Schiffe und Flugzeuge",Bl,nReglementiert,0,0,0,0,0,0,0,0,0
"Kraftfahrzeuge, Schiffe und Flugzeuge",SH,abt-total,34,0,34,31,0,31,3,0,3
"Kraftfahrzeuge, Schiffe und Flugzeuge",SH,EFZ,29,0,29,26,0,26,3,0,3
"Kraftfahrzeuge, Schiffe und Flugzeuge",SH,EBA,5,0,5,5,0,5,0,0,0
"Kraftfahrzeuge, Schiffe und Flugzeuge",SH,nReglementiert,0,0,0,0,0,0,0,0,0
"Kraftfahrzeuge, Schiffe und Flugzeuge",AR,abt-total,23,0,23,22,0,22,1,0,1
"Kraftfahrzeuge, Schiffe und Flugzeuge",AR,EFZ,19,0,19,19,0,19,0,0,0
"Kraftfahrzeuge, Schiffe und Flugzeuge",AR,EBA,4,0,4,3,0,3,1,0,1
"Kraftfahrzeuge, Schiffe und Flugzeuge",AR,nReglementiert,0,0,0,0,0,0,0,0,0
"Kraftfahrzeuge, Schiffe und Flugzeuge",AI,abt-total,10,0,10,10,0,10,0,0,0
"Kraftfahrzeuge, Schiffe und Flugzeuge",AI,EFZ,10,0,10,10,0,10,0,0,0
"Kraftfahrzeuge, Schiffe und Flugzeuge",AI,EBA,0,0,0,0,0,0,0,0,0
"Kraftfahrzeuge, Schiffe und Flugzeuge",AI,nReglementiert,0,0,0,0,0,0,0,0,0
"Kraftfahrzeuge, Schiffe und Flugzeuge",SG,abt-total,317,0,317,300,0,300,17,0,17
"Kraftfahrzeuge, Schiffe und Flugzeuge",SG,EFZ,272,0,272,255,0,255,17,0,17
"Kraftfahrzeuge, Schiffe und Flugzeuge",SG,EBA,45,0,45,45,0,45,0,0,0
"Kraftfahrzeuge, Schiffe und Flugzeuge",SG,nReglementiert,0,0,0,0,0,0,0,0,0
"Kraftfahrzeuge, Schiffe und Flugzeuge",GR,abt-total,134,0,134,127,0,127,7,0,7
"Kraftfahrzeuge, Schiffe und Flugzeuge",GR,EFZ,117,0,117,110,0,110,7,0,7
"Kraftfahrzeuge, Schiffe und Flugzeuge",GR,EBA,17,0,17,17,0,17,0,0,0
"Kraftfahrzeuge, Schiffe und Flugzeuge",GR,nReglementiert,0,0,0,0,0,0,0,0,0
"Kraftfahrzeuge, Schiffe und Flugzeuge",AG,abt-total,364,0,364,350,0,350,14,0,14
"Kraftfahrzeuge, Schiffe und Flugzeuge",AG,EFZ,306,0,306,295,0,295,11,0,11
"Kraftfahrzeuge, Schiffe und Flugzeuge",AG,EBA,58,0,58,55,0,55,3,0,3
"Kraftfahrzeuge, Schiffe und Flugzeuge",AG,nReglementiert,0,0,0,0,0,0,0,0,0
"Kraftfahrzeuge, Schiffe und Flugzeuge",TG,abt-total,193,0,193,185,0,185,8,0,8
"Kraftfahrzeuge, Schiffe und Flugzeuge",TG,EFZ,166,0,166,158,0,158,8,0,8
"Kraftfahrzeuge, Schiffe und Flugzeuge",TG,EBA,27,0,27,27,0,27,0,0,0
"Kraftfahrzeuge, Schiffe und Flugzeuge",TG,nReglementiert,0,0,0,0,0,0,0,0,0
"Kraftfahrzeuge, Schiffe und Flugzeuge",TI,abt-total,191,0,191,190,0,190,1,0,1
"Kraftfahrzeuge, Schiffe und Flugzeuge",TI,EFZ,151,0,151,150,0,150,1,0,1
"Kraftfahrzeuge, Schiffe und Flugzeuge",TI,EBA,40,0,40,40,0,40,0,0,0
"Kraftfahrzeuge, Schiffe und Flugzeuge",TI,nReglementiert,0,0,0,0,0,0,0,0,0
"Kraftfahrzeuge, Schiffe und Flugzeuge",VD,abt-total,383,14,369,364,12,352,19,2,17
"Kraftfahrzeuge, Schiffe und Flugzeuge",VD,EFZ,338,14,324,319,12,307,19,2,17
"Kraftfahrzeuge, Schiffe und Flugzeuge",VD,EBA,45,0,45,45,0,45,0,0,0
"Kraftfahrzeuge, Schiffe und Flugzeuge",VD,nReglementiert,0,0,0,0,0,0,0,0,0
"Kraftfahrzeuge, Schiffe und Flugzeuge",VS,abt-total,225,0,225,210,0,210,15,0,15
"Kraftfahrzeuge, Schiffe und Flugzeuge",VS,EFZ,197,0,197,183,0,183,14,0,14
"Kraftfahrzeuge, Schiffe und Flugzeuge",VS,EBA,28,0,28,27,0,27,1,0,1
"Kraftfahrzeuge, Schiffe und Flugzeuge",VS,nReglementiert,0,0,0,0,0,0,0,0,0
"Kraftfahrzeuge, Schiffe und Flugzeuge",NE,abt-total,92,0,92,85,0,85,7,0,7
"Kraftfahrzeuge, Schiffe und Flugzeuge",NE,EFZ,87,0,87,80,0,80,7,0,7
"Kraftfahrzeuge, Schiffe und Flugzeuge",NE,EBA,5,0,5,5,0,5,0,0,0
"Kraftfahrzeuge, Schiffe und Flugzeuge",NE,nReglementiert,0,0,0,0,0,0,0,0,0
"Kraftfahrzeuge, Schiffe und Flugzeuge",GE,abt-total,180,17,163,172,16,156,8,1,7
"Kraftfahrzeuge, Schiffe und Flugzeuge",GE,EFZ,164,17,147,156,16,140,8,1,7
"Kraftfahrzeuge, Schiffe und Flugzeuge",GE,EBA,16,0,16,16,0,16,0,0,0
"Kraftfahrzeuge, Schiffe und Flugzeuge",GE,nReglementiert,0,0,0,0,0,0,0,0,0
"Kraftfahrzeuge, Schiffe und Flugzeuge",JU,abt-total,39,0,39,38,0,38,1,0,1
"Kraftfahrzeuge, Schiffe und Flugzeuge",JU,EFZ,36,0,36,35,0,35,1,0,1
"Kraftfahrzeuge, Schiffe und Flugzeuge",JU,EBA,3,0,3,3,0,3,0,0,0
"Kraftfahrzeuge, Schiffe und Flugzeuge",JU,nReglementiert,0,0,0,0,0,0,0,0,0
Ernährungsgewerbe,,abt-total,1594,0,1594,908,0,908,686,0,686
Ernährungsgewerbe,,EFZ,1390,0,1390,762,0,762,628,0,628
Ernährungsgewerbe,,EBA,204,0,204,146,0,146,58,0,58
Ernährungsgewerbe,,nReglementiert,0,0,0,0,0,0,0,0,0
Ernährungsgewerbe,ZH,abt-total,154,0,154,91,0,91,63,0,63
Ernährungsgewerbe,ZH,EFZ,128,0,128,75,0,75,53,0,53
Ernährungsgewerbe,ZH,EBA,26,0,26,16,0,16,10,0,10
Ernährungsgewerbe,ZH,nReglementiert,0,0,0,0,0,0,0,0,0
Ernährungsgewerbe,BE,abt-total,227,0,227,115,0,115,112,0,112
Ernährungsgewerbe,BE,EFZ,206,0,206,100,0,100,106,0,106
Ernährungsgewerbe,BE,EBA,21,0,21,15,0,15,6,0,6
Ernährungsgewerbe,BE,nReglementiert,0,0,0,0,0,0,0,0,0
Ernährungsgewerbe,LU,abt-total,123,0,123,48,0,48,75,0,75
Ernährungsgewerbe,LU,EFZ,97,0,97,37,0,37,60,0,60
Ernährungsgewerbe,LU,EBA,26,0,26,11,0,11,15,0,15
Ernährungsgewerbe,LU,nReglementiert,0,0,0,0,0,0,0,0,0
Ernährungsgewerbe,UR,abt-total,11,0,11,6,0,6,5,0,5
Ernährungsgewerbe,UR,EFZ,11,0,11,6,0,6,5,0,5
Ernährungsgewerbe,UR,EBA,0,0,0,0,0,0,0,0,0
Ernährungsgewerbe,UR,nReglementiert,0,0,0,0,0,0,0,0,0
Ernährungsgewerbe,SZ,abt-total,46,0,46,17,0,17,29,0,29
Ernährungsgewerbe,SZ,EFZ,40,0,40,12,0,12,28,0,28
Ernährungsgewerbe,SZ,EBA,6,0,6,5,0,5,1,0,1
Ernährungsgewerbe,SZ,nReglementiert,0,0,0,0,0,0,0,0,0
Ernährungsgewerbe,OW,abt-total,9,0,9,6,0,6,3,0,3
Ernährungsgewerbe,OW,EFZ,9,0,9,6,0,6,3,0,3
Ernährungsgewerbe,OW,EBA,0,0,0,0,0,0,0,0,0
Ernährungsgewerbe,OW,nReglementiert,0,0,0,0,0,0,0,0,0
Ernährungsgewerbe,NW,abt-total,7,0,7,4,0,4,3,0,3
Ernährungsgewerbe,NW,EFZ,7,0,7,4,0,4,3,0,3
Ernährungsgewerbe,NW,EBA,0,0,0,0,0,0,0,0,0
Ernährungsgewerbe,NW,nReglementiert,0,0,0,0,0,0,0,0,0
Ernährungsgewerbe,GL,abt-total,10,0,10,5,0,5,5,0,5
Ernährungsgewerbe,GL,EFZ,8,0,8,4,0,4,4,0,4
Ernährungsgewerbe,GL,EBA,2,0,2,1,0,1,1,0,1
Ernährungsgewerbe,GL,nReglementiert,0,0,0,0,0,0,0,0,0
Ernährungsgewerbe,ZG,abt-total,26,0,26,10,0,10,16,0,16
Ernährungsgewerbe,ZG,EFZ,22,0,22,7,0,7,15,0,15
Ernährungsgewerbe,ZG,EBA,4,0,4,3,0,3,1,0,1
Ernährungsgewerbe,ZG,nReglementiert,0,0,0,0,0,0,0,0,0
Ernährungsgewerbe,FR,abt-total,143,0,143,107,0,107,36,0,36
Ernährungsgewerbe,FR,EFZ,132,0,132,96,0,96,36,0,36
Ernährungsgewerbe,FR,EBA,11,0,11,11,0,11,0,0,0
Ernährungsgewerbe,FR,nReglementiert,0,0,0,0,0,0,0,0,0
Ernährungsgewerbe,SO,abt-total,34,0,34,22,0,22,12,0,12
Ernährungsgewerbe,SO,EFZ,27,0,27,17,0,17,10,0,10
Ernährungsgewerbe,SO,EBA,7,0,7,5,0,5,2,0,2
Ernährungsgewerbe,SO,nReglementiert,0,0,0,0,0,0,0,0,0
Ernährungsgewerbe,BS,abt-total,18,0,18,10,0,10,8,0,8
Ernährungsgewerbe,BS,EFZ,16,0,16,8,0,8,8,0,8
Ernährungsgewerbe,BS,EBA,2,0,2,2,0,2,0,0,0
Ernährungsgewerbe,BS,nReglementiert,0,0,0,0,0,0,0,0,0
Ernährungsgewerbe,BL,abt-total,39,0,39,21,0,21,18,0,18
Ernährungsgewerbe,BL,EFZ,34,0,34,19,0,19,15,0,15
Ernährungsgewerbe,BL,EBA,5,0,5,2,0,2,3,0,3
Ernährungsgewerbe,Bl,nReglementiert,0,0,0,0,0,0,0,0,0
Ernährungsgewerbe,SH,abt-total,17,0,17,8,0,8,9,0,9
Ernährungsgewerbe,SH,EFZ,14,0,14,6,0,6,8,0,8
Ernährungsgewerbe,SH,EBA,3,0,3,2,0,2,1,0,1
Ernährungsgewerbe,SH,nReglementiert,0,0,0,0,0,0,0,0,0
Ernährungsgewerbe,AR,abt-total,13,0,13,7,0,7,6,0,6
Ernährungsgewerbe,AR,EFZ,10,0,10,5,0,5,5,0,5
Ernährungsgewerbe,AR,EBA,3,0,3,2,0,2,1,0,1
Ernährungsgewerbe,AR,nReglementiert,0,0,0,0,0,0,0,0,0
Ernährungsgewerbe,AI,abt-total,14,0,14,8,0,8,6,0,6
Ernährungsgewerbe,AI,EFZ,13,0,13,8,0,8,5,0,5
Ernährungsgewerbe,AI,EBA,1,0,1,0,0,0,1,0,1
Ernährungsgewerbe,AI,nReglementiert,0,0,0,0,0,0,0,0,0
Ernährungsgewerbe,SG,abt-total,150,0,150,81,0,81,69,0,69
Ernährungsgewerbe,SG,EFZ,128,0,128,61,0,61,67,0,67
Ernährungsgewerbe,SG,EBA,22,0,22,20,0,20,2,0,2
Ernährungsgewerbe,SG,nReglementiert,0,0,0,0,0,0,0,0,0
Ernährungsgewerbe,GR,abt-total,36,0,36,17,0,17,19,0,19
Ernährungsgewerbe,GR,EFZ,33,0,33,15,0,15,18,0,18
Ernährungsgewerbe,GR,EBA,3,0,3,2,0,2,1,0,1
Ernährungsgewerbe,GR,nReglementiert,0,0,0,0,0,0,0,0,0
Ernährungsgewerbe,AG,abt-total,132,0,132,67,0,67,65,0,65
Ernährungsgewerbe,AG,EFZ,111,0,111,55,0,55,56,0,56
Ernährungsgewerbe,AG,EBA,21,0,21,12,0,12,9,0,9
Ernährungsgewerbe,AG,nReglementiert,0,0,0,0,0,0,0,0,0
Ernährungsgewerbe,TG,abt-total,59,0,59,33,0,33,26,0,26
Ernährungsgewerbe,TG,EFZ,43,0,43,21,0,21,22,0,22
Ernährungsgewerbe,TG,EBA,16,0,16,12,0,12,4,0,4
Ernährungsgewerbe,TG,nReglementiert,0,0,0,0,0,0,0,0,0
Ernährungsgewerbe,TI,abt-total,39,0,39,25,0,25,14,0,14
Ernährungsgewerbe,TI,EFZ,38,0,38,24,0,24,14,0,14
Ernährungsgewerbe,TI,EBA,1,0,1,1,0,1,0,0,0
Ernährungsgewerbe,TI,nReglementiert,0,0,0,0,0,0,0,0,0
Ernährungsgewerbe,VD,abt-total,143,0,143,104,0,104,39,0,39
Ernährungsgewerbe,VD,EFZ,127,0,127,88,0,88,39,0,39
Ernährungsgewerbe,VD,EBA,16,0,16,16,0,16,0,0,0
Ernährungsgewerbe,VD,nReglementiert,0,0,0,0,0,0,0,0,0
Ernährungsgewerbe,VS,abt-total,52,0,52,30,0,30,22,0,22
Ernährungsgewerbe,VS,EFZ,50,0,50,28,0,28,22,0,22
Ernährungsgewerbe,VS,EBA,2,0,2,2,0,2,0,0,0
Ernährungsgewerbe,VS,nReglementiert,0,0,0,0,0,0,0,0,0
Ernährungsgewerbe,NE,abt-total,37,0,37,28,0,28,9,0,9
Ernährungsgewerbe,NE,EFZ,35,0,35,26,0,26,9,0,9
Ernährungsgewerbe,NE,EBA,2,0,2,2,0,2,0,0,0
Ernährungsgewerbe,NE,nReglementiert,0,0,0,0,0,0,0,0,0
Ernährungsgewerbe,GE,abt-total,37,0,37,25,0,25,12,0,12
Ernährungsgewerbe,GE,EFZ,34,0,34,22,0,22,12,0,12
Ernährungsgewerbe,GE,EBA,3,0,3,3,0,3,0,0,0
Ernährungsgewerbe,GE,nReglementiert,0,0,0,0,0,0,0,0,0
Ernährungsgewerbe,JU,abt-total,18,0,18,13,0,13,5,0,5
Ernährungsgewerbe,JU,EFZ,17,0,17,12,0,12,5,0,5
Ernährungsgewerbe,JU,EBA,1,0,1,1,0,1,0,0,0
Ernährungsgewerbe,JU,nReglementiert,0,0,0,0,0,0,0,0,0
"Textil, Bekleidung, Schuhe, Leder",,abt-total,457,302,155,70,11,59,387,291,96
"Textil, Bekleidung, Schuhe, Leder",,EFZ,457,302,155,70,11,59,387,291,96
"Textil, Bekleidung, Schuhe, Leder",,EBA,0,0,0,0,0,0,0,0,0
"Textil, Bekleidung, Schuhe, Leder",,nReglementiert,0,0,0,0,0,0,0,0,0
"Textil, Bekleidung, Schuhe, Leder",ZH,abt-total,58,38,20,9,1,8,49,37,12
"Textil, Bekleidung, Schuhe, Leder",ZH,EFZ,58,38,20,9,1,8,49,37,12
"Textil, Bekleidung, Schuhe, Leder",ZH,EBA,0,0,0,0,0,0,0,0,0
"Textil, Bekleidung, Schuhe, Leder",ZH,nReglementiert,0,0,0,0,0,0,0,0,0
"Textil, Bekleidung, Schuhe, Leder",BE,abt-total,54,37,17,10,1,9,44,36,8
"Textil, Bekleidung, Schuhe, Leder",BE,EFZ,54,37,17,10,1,9,44,36,8
"Textil, Bekleidung, Schuhe, Leder",BE,EBA,0,0,0,0,0,0,0,0,0
"Textil, Bekleidung, Schuhe, Leder",BE,nReglementiert,0,0,0,0,0,0,0,0,0
"Textil, Bekleidung, Schuhe, Leder",LU,abt-total,6,0,6,3,0,3,3,0,3
"Textil, Bekleidung, Schuhe, Leder",LU,EFZ,6,0,6,3,0,3,3,0,3
"Textil, Bekleidung, Schuhe, Leder",LU,EBA,0,0,0,0,0,0,0,0,0
"Textil, Bekleidung, Schuhe, Leder",LU,nReglementiert,0,0,0,0,0,0,0,0,0
"Textil, Bekleidung, Schuhe, Leder",UR,abt-total,3,0,3,0,0,0,3,0,3
"Textil, Bekleidung, Schuhe, Leder",UR,EFZ,3,0,3,0,0,0,3,0,3
"Textil, Bekleidung, Schuhe, Leder",UR,EBA,0,0,0,0,0,0,0,0,0
"Textil, Bekleidung, Schuhe, Leder",UR,nReglementiert,0,0,0,0,0,0,0,0,0
"Textil, Bekleidung, Schuhe, Leder",SZ,abt-total,6,0,6,1,0,1,5,0,5
"Textil, Bekleidung, Schuhe, Leder",SZ,EFZ,6,0,6,1,0,1,5,0,5
"Textil, Bekleidung, Schuhe, Leder",SZ,EBA,0,0,0,0,0,0,0,0,0
"Textil, Bekleidung, Schuhe, Leder",SZ,nReglementiert,0,0,0,0,0,0,0,0,0
"Textil, Bekleidung, Schuhe, Leder",OW,abt-total,1,0,1,0,0,0,1,0,1
"Textil, Bekleidung, Schuhe, Leder",OW,EFZ,1,0,1,0,0,0,1,0,1
"Textil, Bekleidung, Schuhe, Leder",OW,EBA,0,0,0,0,0,0,0,0,0
"Textil, Bekleidung, Schuhe, Leder",OW,nReglementiert,0,0,0,0,0,0,0,0,0
"Textil, Bekleidung, Schuhe, Leder",NW,abt-total,6,0,6,1,0,1,5,0,5
"Textil, Bekleidung, Schuhe, Leder",NW,EFZ,6,0,6,1,0,1,5,0,5
"Textil, Bekleidung, Schuhe, Leder",NW,EBA,0,0,0,0,0,0,0,0,0
"Textil, Bekleidung, Schuhe, Leder",NW,nReglementiert,0,0,0,0,0,0,0,0,0
"Textil, Bekleidung, Schuhe, Leder",GL,abt-total,4,0,4,4,0,4,0,0,0
"Textil, Bekleidung, Schuhe, Leder",GL,EFZ,4,0,4,4,0,4,0,0,0
"Textil, Bekleidung, Schuhe, Leder",GL,EBA,0,0,0,0,0,0,0,0,0
"Textil, Bekleidung, Schuhe, Leder",GL,nReglementiert,0,0,0,0,0,0,0,0,0
"Textil, Bekleidung, Schuhe, Leder",ZG,abt-total,1,0,1,0,0,0,1,0,1
"Textil, Bekleidung, Schuhe, Leder",ZG,EFZ,1,0,1,0,0,0,1,0,1
"Textil, Bekleidung, Schuhe, Leder",ZG,EBA,0,0,0,0,0,0,0,0,0
"Textil, Bekleidung, Schuhe, Leder",ZG,nReglementiert,0,0,0,0,0,0,0,0,0
"Textil, Bekleidung, Schuhe, Leder",FR,abt-total,13,10,3,0,0,0,13,10,3
"Textil, Bekleidung, Schuhe, Leder",FR,EFZ,13,10,3,0,0,0,13,10,3
"Textil, Bekleidung, Schuhe, Leder",FR,EBA,0,0,0,0,0,0,0,0,0
"Textil, Bekleidung, Schuhe, Leder",FR,nReglementiert,0,0,0,0,0,0,0,0,0
"Textil, Bekleidung, Schuhe, Leder",SO,abt-total,18,16,2,3,1,2,15,15,0
"Textil, Bekleidung, Schuhe, Leder",SO,EFZ,18,16,2,3,1,2,15,15,0
"Textil, Bekleidung, Schuhe, Leder",SO,EBA,0,0,0,0,0,0,0,0,0
"Textil, Bekleidung, Schuhe, Leder",SO,nReglementiert,0,0,0,0,0,0,0,0,0
"Textil, Bekleidung, Schuhe, Leder",BS,abt-total,15,9,6,3,1,2,12,8,4
"Textil, Bekleidung, Schuhe, Leder",BS,EFZ,15,9,6,3,1,2,12,8,4
"Textil, Bekleidung, Schuhe, Leder",BS,EBA,0,0,0,0,0,0,0,0,0
"Textil, Bekleidung, Schuhe, Leder",BS,nReglementiert,0,0,0,0,0,0,0,0,0
"Textil, Bekleidung, Schuhe, Leder",BL,abt-total,2,0,2,1,0,1,1,0,1
"Textil, Bekleidung, Schuhe, Leder",BL,EFZ,2,0,2,1,0,1,1,0,1
"Textil, Bekleidung, Schuhe, Leder",BL,EBA,0,0,0,0,0,0,0,0,0
"Textil, Bekleidung, Schuhe, Leder",Bl,nReglementiert,0,0,0,0,0,0,0,0,0
"Textil, Bekleidung, Schuhe, Leder",SH,abt-total,3,0,3,2,0,2,1,0,1
"Textil, Bekleidung, Schuhe, Leder",SH,EFZ,3,0,3,2,0,2,1,0,1
"Textil, Bekleidung, Schuhe, Leder",SH,EBA,0,0,0,0,0,0,0,0,0
"Textil, Bekleidung, Schuhe, Leder",SH,nReglementiert,0,0,0,0,0,0,0,0,0
"Textil, Bekleidung, Schuhe, Leder",AR,abt-total,8,0,8,5,0,5,3,0,3
"Textil, Bekleidung, Schuhe, Leder",AR,EFZ,8,0,8,5,0,5,3,0,3
"Textil, Bekleidung, Schuhe, Leder",AR,EBA,0,0,0,0,0,0,0,0,0
"Textil, Bekleidung, Schuhe, Leder",AR,nReglementiert,0,0,0,0,0,0,0,0,0
"Textil, Bekleidung, Schuhe, Leder",AI,abt-total,0,0,0,0,0,0,0,0,0
"Textil, Bekleidung, Schuhe, Leder",AI,EFZ,0,0,0,0,0,0,0,0,0
"Textil, Bekleidung, Schuhe, Leder",AI,EBA,0,0,0,0,0,0,0,0,0
"Textil, Bekleidung, Schuhe, Leder",AI,nReglementiert,0,0,0,0,0,0,0,0,0
"Textil, Bekleidung, Schuhe, Leder",SG,abt-total,19,6,13,4,0,4,15,6,9
"Textil, Bekleidung, Schuhe, Leder",SG,EFZ,19,6,13,4,0,4,15,6,9
"Textil, Bekleidung, Schuhe, Leder",SG,EBA,0,0,0,0,0,0,0,0,0
"Textil, Bekleidung, Schuhe, Leder",SG,nReglementiert,0,0,0,0,0,0,0,0,0
"Textil, Bekleidung, Schuhe, Leder",GR,abt-total,4,0,4,1,0,1,3,0,3
"Textil, Bekleidung, Schuhe, Leder",GR,EFZ,4,0,4,1,0,1,3,0,3
"Textil, Bekleidung, Schuhe, Leder",GR,EBA,0,0,0,0,0,0,0,0,0
"Textil, Bekleidung, Schuhe, Leder",GR,nReglementiert,0,0,0,0,0,0,0,0,0
"Textil, Bekleidung, Schuhe, Leder",AG,abt-total,20,0,20,7,0,7,13,0,13
"Textil, Bekleidung, Schuhe, Leder",AG,EFZ,20,0,20,7,0,7,13,0,13
"Textil, Bekleidung, Schuhe, Leder",AG,EBA,0,0,0,0,0,0,0,0,0
"Textil, Bekleidung, Schuhe, Leder",AG,nReglementiert,0,0,0,0,0,0,0,0,0
"Textil, Bekleidung, Schuhe, Leder",TG,abt-total,9,0,9,1,0,1,8,0,8
"Textil, Bekleidung, Schuhe, Leder",TG,EFZ,9,0,9,1,0,1,8,0,8
"Textil, Bekleidung, Schuhe, Leder",TG,EBA,0,0,0,0,0,0,0,0,0
"Textil, Bekleidung, Schuhe, Leder",TG,nReglementiert,0,0,0,0,0,0,0,0,0
"Textil, Bekleidung, Schuhe, Leder",TI,abt-total,92,89,3,5,4,1,87,85,2
"Textil, Bekleidung, Schuhe, Leder",TI,EFZ,92,89,3,5,4,1,87,85,2
"Textil, Bekleidung, Schuhe, Leder",TI,EBA,0,0,0,0,0,0,0,0,0
"Textil, Bekleidung, Schuhe, Leder",TI,nReglementiert,0,0,0,0,0,0,0,0,0
"Textil, Bekleidung, Schuhe, Leder",VD,abt-total,62,47,15,7,1,6,55,46,9
"Textil, Bekleidung, Schuhe, Leder",VD,EFZ,62,47,15,7,1,6,55,46,9
"Textil, Bekleidung, Schuhe, Leder",VD,EBA,0,0,0,0,0,0,0,0,0
"Textil, Bekleidung, Schuhe, Leder",VD,nReglementiert,0,0,0,0,0,0,0,0,0
"Textil, Bekleidung, Schuhe, Leder",VS,abt-total,20,20,0,0,0,0,20,20,0
"Textil, Bekleidung, Schuhe, Leder",VS,EFZ,20,20,0,0,0,0,20,20,0
"Textil, Bekleidung, Schuhe, Leder",VS,EBA,0,0,0,0,0,0,0,0,0
"Textil, Bekleidung, Schuhe, Leder",VS,nReglementiert,0,0,0,0,0,0,0,0,0
"Textil, Bekleidung, Schuhe, Leder",NE,abt-total,20,19,1,1,1,0,19,18,1
"Textil, Bekleidung, Schuhe, Leder",NE,EFZ,20,19,1,1,1,0,19,18,1
"Textil, Bekleidung, Schuhe, Leder",NE,EBA,0,0,0,0,0,0,0,0,0
"Textil, Bekleidung, Schuhe, Leder",NE,nReglementiert,0,0,0,0,0,0,0,0,0
"Textil, Bekleidung, Schuhe, Leder",GE,abt-total,13,11,2,2,1,1,11,10,1
"Textil, Bekleidung, Schuhe, Leder",GE,EFZ,13,11,2,2,1,1,11,10,1
"Textil, Bekleidung, Schuhe, Leder",GE,EBA,0,0,0,0,0,0,0,0,0
"Textil, Bekleidung, Schuhe, Leder",GE,nReglementiert,0,0,0,0,0,0,0,0,0
"Textil, Bekleidung, Schuhe, Leder",JU,abt-total,0,0,0,0,0,0,0,0,0
"Textil, Bekleidung, Schuhe, Leder",JU,EFZ,0,0,0,0,0,0,0,0,0
"Textil, Bekleidung, Schuhe, Leder",JU,EBA,0,0,0,0,0,0,0,0,0
"Textil, Bekleidung, Schuhe, Leder",JU,nReglementiert,0,0,0,0,0,0,0,0,0
"Werkstoffe (Holz, Papier, Kunststoff, Glas)",,abt-total,1995,141,1854,1814,117,1697,181,24,157
"Werkstoffe (Holz, Papier, Kunststoff, Glas)",,EFZ,1630,121,1509,1472,101,1371,158,20,138
"Werkstoffe (Holz, Papier, Kunststoff, Glas)",,EBA,365,20,345,342,16,326,23,4,19
"Werkstoffe (Holz, Papier, Kunststoff, Glas)",,nReglementiert,0,0,0,0,0,0,0,0,0
"Werkstoffe (Holz, Papier, Kunststoff, Glas)",ZH,abt-total,216,19,197,200,18,182,16,1,15
"Werkstoffe (Holz, Papier, Kunststoff, Glas)",ZH,EFZ,153,17,136,138,16,122,15,1,14
"Werkstoffe (Holz, Papier, Kunststoff, Glas)",ZH,EBA,63,2,61,62,2,60,1,0,1
"Werkstoffe (Holz, Papier, Kunststoff, Glas)",ZH,nReglementiert,0,0,0,0,0,0,0,0,0
"Werkstoffe (Holz, Papier, Kunststoff, Glas)",BE,abt-total,298,39,259,263,29,234,35,10,25
"Werkstoffe (Holz, Papier, Kunststoff, Glas)",BE,EFZ,241,22,219,214,16,198,27,6,21
"Werkstoffe (Holz, Papier, Kunststoff, Glas)",BE,EBA,57,17,40,49,13,36,8,4,4
"Werkstoffe (Holz, Papier, Kunststoff, Glas)",BE,nReglementiert,0,0,0,0,0,0,0,0,0
"Werkstoffe (Holz, Papier, Kunststoff, Glas)",LU,abt-total,125,0,125,116,0,116,9,0,9
"Werkstoffe (Holz, Papier, Kunststoff, Glas)",LU,EFZ,97,0,97,91,0,91,6,0,6
"Werkstoffe (Holz, Papier, Kunststoff, Glas)",LU,EBA,28,0,28,25,0,25,3,0,3
"Werkstoffe (Holz, Papier, Kunststoff, Glas)",LU,nReglementiert,0,0,0,0,0,0,0,0,0
"Werkstoffe (Holz, Papier, Kunststoff, Glas)",UR,abt-total,10,0,10,6,0,6,4,0,4
"Werkstoffe (Holz, Papier, Kunststoff, Glas)",UR,EFZ,10,0,10,6,0,6,4,0,4
"Werkstoffe (Holz, Papier, Kunststoff, Glas)",UR,EBA,0,0,0,0,0,0,0,0,0
"Werkstoffe (Holz, Papier, Kunststoff, Glas)",UR,nReglementiert,0,0,0,0,0,0,0,0,0
"Werkstoffe (Holz, Papier, Kunststoff, Glas)",SZ,abt-total,54,0,54,50,0,50,4,0,4
"Werkstoffe (Holz, Papier, Kunststoff, Glas)",SZ,EFZ,46,0,46,42,0,42,4,0,4
"Werkstoffe (Holz, Papier, Kunststoff, Glas)",SZ,EBA,8,0,8,8,0,8,0,0,0
"Werkstoffe (Holz, Papier, Kunststoff, Glas)",SZ,nReglementiert,0,0,0,0,0,0,0,0,0
"Werkstoffe (Holz, Papier, Kunststoff, Glas)",OW,abt-total,18,0,18,15,0,15,3,0,3
"Werkstoffe (Holz, Papier, Kunststoff, Glas)",OW,EFZ,13,0,13,10,0,10,3,0,3
"Werkstoffe (Holz, Papier, Kunststoff, Glas)",OW,EBA,5,0,5,5,0,5,0,0,0
"Werkstoffe (Holz, Papier, Kunststoff, Glas)",OW,nReglementiert,0,0,0,0,0,0,0,0,0
"Werkstoffe (Holz, Papier, Kunststoff, Glas)",NW,abt-total,12,0,12,11,0,11,1,0,1
"Werkstoffe (Holz, Papier, Kunststoff, Glas)",NW,EFZ,12,0,12,11,0,11,1,0,1
"Werkstoffe (Holz, Papier, Kunststoff, Glas)",NW,EBA,0,0,0,0,0,0,0,0,0
"Werkstoffe (Holz, Papier, Kunststoff, Glas)",NW,nReglementiert,0,0,0,0,0,0,0,0,0
"Werkstoffe (Holz, Papier, Kunststoff, Glas)",GL,abt-total,12,0,12,11,0,11,1,0,1
"Werkstoffe (Holz, Papier, Kunststoff, Glas)",GL,EFZ,10,0,10,9,0,9,1,0,1
"Werkstoffe (Holz, Papier, Kunststoff, Glas)",GL,EBA,2,0,2,2,0,2,0,0,0
"Werkstoffe (Holz, Papier, Kunststoff, Glas)",GL,nReglementiert,0,0,0,0,0,0,0,0,0
"Werkstoffe (Holz, Papier, Kunststoff, Glas)",ZG,abt-total,32,0,32,30,0,30,2,0,2
"Werkstoffe (Holz, Papier, Kunststoff, Glas)",ZG,EFZ,27,0,27,25,0,25,2,0,2
"Werkstoffe (Holz, Papier, Kunststoff, Glas)",ZG,EBA,5,0,5,5,0,5,0,0,0
"Werkstoffe (Holz, Papier, Kunststoff, Glas)",ZG,nReglementiert,0,0,0,0,0,0,0,0,0
"Werkstoffe (Holz, Papier, Kunststoff, Glas)",FR,abt-total,101,0,101,93,0,93,8,0,8
"Werkstoffe (Holz, Papier, Kunststoff, Glas)",FR,EFZ,86,0,86,79,0,79,7,0,7
"Werkstoffe (Holz, Papier, Kunststoff, Glas)",FR,EBA,15,0,15,14,0,14,1,0,1
"Werkstoffe (Holz, Papier, Kunststoff, Glas)",FR,nReglementiert,0,0,0,0,0,0,0,0,0
"Werkstoffe (Holz, Papier, Kunststoff, Glas)",SO,abt-total,55,0,55,48,0,48,7,0,7
"Werkstoffe (Holz, Papier, Kunststoff, Glas)",SO,EFZ,43,0,43,38,0,38,5,0,5
"Werkstoffe (Holz, Papier, Kunststoff, Glas)",SO,EBA,12,0,12,10,0,10,2,0,2
"Werkstoffe (Holz, Papier, Kunststoff, Glas)",SO,nReglementiert,0,0,0,0,0,0,0,0,0
"Werkstoffe (Holz, Papier, Kunststoff, Glas)",BS,abt-total,18,4,14,13,2,11,5,2,3
"Werkstoffe (Holz, Papier, Kunststoff, Glas)",BS,EFZ,14,4,10,9,2,7,5,2,3
"Werkstoffe (Holz, Papier, Kunststoff, Glas)",BS,EBA,4,0,4,4,0,4,0,0,0
"Werkstoffe (Holz, Papier, Kunststoff, Glas)",BS,nReglementiert,0,0,0,0,0,0,0,0,0
"Werkstoffe (Holz, Papier, Kunststoff, Glas)",BL,abt-total,40,0,40,37,0,37,3,0,3
"Werkstoffe (Holz, Papier, Kunststoff, Glas)",BL,EFZ,29,0,29,27,0,27,2,0,2
"Werkstoffe (Holz, Papier, Kunststoff, Glas)",BL,EBA,11,0,11,10,0,10,1,0,1
"Werkstoffe (Holz, Papier, Kunststoff, Glas)",Bl,nReglementiert,0,0,0,0,0,0,0,0,0
"Werkstoffe (Holz, Papier, Kunststoff, Glas)",SH,abt-total,21,0,21,17,0,17,4,0,4
"Werkstoffe (Holz, Papier, Kunststoff, Glas)",SH,EFZ,17,0,17,14,0,14,3,0,3
"Werkstoffe (Holz, Papier, Kunststoff, Glas)",SH,EBA,4,0,4,3,0,3,1,0,1
"Werkstoffe (Holz, Papier, Kunststoff, Glas)",SH,nReglementiert,0,0,0,0,0,0,0,0,0
"Werkstoffe (Holz, Papier, Kunststoff, Glas)",AR,abt-total,24,0,24,21,0,21,3,0,3
"Werkstoffe (Holz, Papier, Kunststoff, Glas)",AR,EFZ,22,0,22,19,0,19,3,0,3
"Werkstoffe (Holz, Papier, Kunststoff, Glas)",AR,EBA,2,0,2,2,0,2,0,0,0
"Werkstoffe (Holz, Papier, Kunststoff, Glas)",AR,nReglementiert,0,0,0,0,0,0,0,0,0
"Werkstoffe (Holz, Papier, Kunststoff, Glas)",AI,abt-total,9,0,9,6,0,6,3,0,3
"Werkstoffe (Holz, Papier, Kunststoff, Glas)",AI,EFZ,7,0,7,4,0,4,3,0,3
"Werkstoffe (Holz, Papier, Kunststoff, Glas)",AI,EBA,2,0,2,2,0,2,0,0,0
"Werkstoffe (Holz, Papier, Kunststoff, Glas)",AI,nReglementiert,0,0,0,0,0,0,0,0,0
"Werkstoffe (Holz, Papier, Kunststoff, Glas)",SG,abt-total,164,0,164,153,0,153,11,0,11
"Werkstoffe (Holz, Papier, Kunststoff, Glas)",SG,EFZ,115,0,115,107,0,107,8,0,8
"Werkstoffe (Holz, Papier, Kunststoff, Glas)",SG,EBA,49,0,49,46,0,46,3,0,3
"Werkstoffe (Holz, Papier, Kunststoff, Glas)",SG,nReglementiert,0,0,0,0,0,0,0,0,0
"Werkstoffe (Holz, Papier, Kunststoff, Glas)",GR,abt-total,75,6,69,66,6,60,9,0,9
"Werkstoffe (Holz, Papier, Kunststoff, Glas)",GR,EFZ,60,5,55,51,5,46,9,0,9
"Werkstoffe (Holz, Papier, Kunststoff, Glas)",GR,EBA,15,1,14,15,1,14,0,0,0
"Werkstoffe (Holz, Papier, Kunststoff, Glas)",GR,nReglementiert,0,0,0,0,0,0,0,0,0
"Werkstoffe (Holz, Papier, Kunststoff, Glas)",AG,abt-total,159,0,159,149,0,149,10,0,10
"Werkstoffe (Holz, Papier, Kunststoff, Glas)",AG,EFZ,125,0,125,116,0,116,9,0,9
"Werkstoffe (Holz, Papier, Kunststoff, Glas)",AG,EBA,34,0,34,33,0,33,1,0,1
"Werkstoffe (Holz, Papier, Kunststoff, Glas)",AG,nReglementiert,0,0,0,0,0,0,0,0,0
"Werkstoffe (Holz, Papier, Kunststoff, Glas)",TG,abt-total,97,0,97,89,0,89,8,0,8
"Werkstoffe (Holz, Papier, Kunststoff, Glas)",TG,EFZ,76,0,76,70,0,70,6,0,6
"Werkstoffe (Holz, Papier, Kunststoff, Glas)",TG,EBA,21,0,21,19,0,19,2,0,2
"Werkstoffe (Holz, Papier, Kunststoff, Glas)",TG,nReglementiert,0,0,0,0,0,0,0,0,0
"Werkstoffe (Holz, Papier, Kunststoff, Glas)",TI,abt-total,38,0,38,38,0,38,0,0,0
"Werkstoffe (Holz, Papier, Kunststoff, Glas)",TI,EFZ,31,0,31,31,0,31,0,0,0
"Werkstoffe (Holz, Papier, Kunststoff, Glas)",TI,EBA,7,0,7,7,0,7,0,0,0
"Werkstoffe (Holz, Papier, Kunststoff, Glas)",TI,nReglementiert,0,0,0,0,0,0,0,0,0
"Werkstoffe (Holz, Papier, Kunststoff, Glas)",VD,abt-total,155,27,128,135,21,114,20,6,14
"Werkstoffe (Holz, Papier, Kunststoff, Glas)",VD,EFZ,151,27,124,131,21,110,20,6,14
"Werkstoffe (Holz, Papier, Kunststoff, Glas)",VD,EBA,4,0,4,4,0,4,0,0,0
"Werkstoffe (Holz, Papier, Kunststoff, Glas)",VD,nReglementiert,0,0,0,0,0,0,0,0,0
"Werkstoffe (Holz, Papier, Kunststoff, Glas)",VS,abt-total,128,0,128,120,0,120,8,0,8
"Werkstoffe (Holz, Papier, Kunststoff, Glas)",VS,EFZ,117,0,117,109,0,109,8,0,8
"Werkstoffe (Holz, Papier, Kunststoff, Glas)",VS,EBA,11,0,11,11,0,11,0,0,0
"Werkstoffe (Holz, Papier, Kunststoff, Glas)",VS,nReglementiert,0,0,0,0,0,0,0,0,0
"Werkstoffe (Holz, Papier, Kunststoff, Glas)",NE,abt-total,42,0,42,42,0,42,0,0,0
"Werkstoffe (Holz, Papier, Kunststoff, Glas)",NE,EFZ,41,0,41,41,0,41,0,0,0
"Werkstoffe (Holz, Papier, Kunststoff, Glas)",NE,EBA,1,0,1,1,0,1,0,0,0
"Werkstoffe (Holz, Papier, Kunststoff, Glas)",NE,nReglementiert,0,0,0,0,0,0,0,0,0
"Werkstoffe (Holz, Papier, Kunststoff, Glas)",GE,abt-total,74,46,28,68,41,27,6,5,1
"Werkstoffe (Holz, Papier, Kunststoff, Glas)",GE,EFZ,69,46,23,63,41,22,6,5,1
"Werkstoffe (Holz, Papier, Kunststoff, Glas)",GE,EBA,5,0,5,5,0,5,0,0,0
"Werkstoffe (Holz, Papier, Kunststoff, Glas)",GE,nReglementiert,0,0,0,0,0,0,0,0,0
"Werkstoffe (Holz, Papier, Kunststoff, Glas)",JU,abt-total,18,0,18,17,0,17,1,0,1
"Werkstoffe (Holz, Papier, Kunststoff, Glas)",JU,EFZ,18,0,18,17,0,17,1,0,1
"Werkstoffe (Holz, Papier, Kunststoff, Glas)",JU,EBA,0,0,0,0,0,0,0,0,0
"Werkstoffe (Holz, Papier, Kunststoff, Glas)",JU,nReglementiert,0,0,0,0,0,0,0,0,0
Architektur und Städteplanung,,abt-total,1791,123,1668,1260,82,1178,531,41,490
Architektur und Städteplanung,,EFZ,1791,123,1668,1260,82,1178,531,41,490
Architektur und Städteplanung,,EBA,0,0,0,0,0,0,0,0,0
Architektur und Städteplanung,,nReglementiert,0,0,0,0,0,0,0,0,0
Architektur und Städteplanung,ZH,abt-total,260,0,260,183,0,183,77,0,77
Architektur und Städteplanung,ZH,EFZ,260,0,260,183,0,183,77,0,77
Architektur und Städteplanung,ZH,EBA,0,0,0,0,0,0,0,0,0
Architektur und Städteplanung,ZH,nReglementiert,0,0,0,0,0,0,0,0,0
Architektur und Städteplanung,BE,abt-total,236,2,234,166,1,165,70,1,69
Architektur und Städteplanung,BE,EFZ,236,2,234,166,1,165,70,1,69
Architektur und Städteplanung,BE,EBA,0,0,0,0,0,0,0,0,0
Architektur und Städteplanung,BE,nReglementiert,0,0,0,0,0,0,0,0,0
Architektur und Städteplanung,LU,abt-total,93,0,93,62,0,62,31,0,31
Architektur und Städteplanung,LU,EFZ,93,0,93,62,0,62,31,0,31
Architektur und Städteplanung,LU,EBA,0,0,0,0,0,0,0,0,0
Architektur und Städteplanung,LU,nReglementiert,0,0,0,0,0,0,0,0,0
Architektur und Städteplanung,UR,abt-total,8,0,8,6,0,6,2,0,2
Architektur und Städteplanung,UR,EFZ,8,0,8,6,0,6,2,0,2
Architektur und Städteplanung,UR,EBA,0,0,0,0,0,0,0,0,0
Architektur und Städteplanung,UR,nReglementiert,0,0,0,0,0,0,0,0,0
Architektur und Städteplanung,SZ,abt-total,36,0,36,28,0,28,8,0,8
Architektur und Städteplanung,SZ,EFZ,36,0,36,28,0,28,8,0,8
Architektur und Städteplanung,SZ,EBA,0,0,0,0,0,0,0,0,0
Architektur und Städteplanung,SZ,nReglementiert,0,0,0,0,0,0,0,0,0
Architektur und Städteplanung,OW,abt-total,8,0,8,5,0,5,3,0,3
Architektur und Städteplanung,OW,EFZ,8,0,8,5,0,5,3,0,3
Architektur und Städteplanung,OW,EBA,0,0,0,0,0,0,0,0,0
Architektur und Städteplanung,OW,nReglementiert,0,0,0,0,0,0,0,0,0
Architektur und Städteplanung,NW,abt-total,7,0,7,5,0,5,2,0,2
Architektur und Städteplanung,NW,EFZ,7,0,7,5,0,5,2,0,2
Architektur und Städteplanung,NW,EBA,0,0,0,0,0,0,0,0,0
Architektur und Städteplanung,NW,nReglementiert,0,0,0,0,0,0,0,0,0
Architektur und Städteplanung,GL,abt-total,8,0,8,4,0,4,4,0,4
Architektur und Städteplanung,GL,EFZ,8,0,8,4,0,4,4,0,4
Architektur und Städteplanung,GL,EBA,0,0,0,0,0,0,0,0,0
Architektur und Städteplanung,GL,nReglementiert,0,0,0,0,0,0,0,0,0
Architektur und Städteplanung,ZG,abt-total,38,0,38,26,0,26,12,0,12
Architektur und Städteplanung,ZG,EFZ,38,0,38,26,0,26,12,0,12
Architektur und Städteplanung,ZG,EBA,0,0,0,0,0,0,0,0,0
Architektur und Städteplanung,ZG,nReglementiert,0,0,0,0,0,0,0,0,0
Architektur und Städteplanung,FR,abt-total,75,0,75,60,0,60,15,0,15
Architektur und Städteplanung,FR,EFZ,75,0,75,60,0,60,15,0,15
Architektur und Städteplanung,FR,EBA,0,0,0,0,0,0,0,0,0
Architektur und Städteplanung,FR,nReglementiert,0,0,0,0,0,0,0,0,0
Architektur und Städteplanung,SO,abt-total,37,0,37,28,0,28,9,0,9
Architektur und Städteplanung,SO,EFZ,37,0,37,28,0,28,9,0,9
Architektur und Städteplanung,SO,EBA,0,0,0,0,0,0,0,0,0
Architektur und Städteplanung,SO,nReglementiert,0,0,0,0,0,0,0,0,0
Architektur und Städteplanung,BS,abt-total,42,0,42,30,0,30,12,0,12
Architektur und Städteplanung,BS,EFZ,42,0,42,30,0,30,12,0,12
Architektur und Städteplanung,BS,EBA,0,0,0,0,0,0,0,0,0
Architektur und Städteplanung,BS,nReglementiert,0,0,0,0,0,0,0,0,0
Architektur und Städteplanung,BL,abt-total,38,0,38,28,0,28,10,0,10
Architektur und Städteplanung,BL,EFZ,38,0,38,28,0,28,10,0,10
Architektur und Städteplanung,BL,EBA,0,0,0,0,0,0,0,0,0
Architektur und Städteplanung,Bl,nReglementiert,0,0,0,0,0,0,0,0,0
Architektur und Städteplanung,SH,abt-total,13,0,13,6,0,6,7,0,7
Architektur und Städteplanung,SH,EFZ,13,0,13,6,0,6,7,0,7
Architektur und Städteplanung,SH,EBA,0,0,0,0,0,0,0,0,0
Architektur und Städteplanung,SH,nReglementiert,0,0,0,0,0,0,0,0,0
Architektur und Städteplanung,AR,abt-total,12,0,12,8,0,8,4,0,4
Architektur und Städteplanung,AR,EFZ,12,0,12,8,0,8,4,0,4
Architektur und Städteplanung,AR,EBA,0,0,0,0,0,0,0,0,0
Architektur und Städteplanung,AR,nReglementiert,0,0,0,0,0,0,0,0,0
Architektur und Städteplanung,AI,abt-total,3,0,3,2,0,2,1,0,1
Architektur und Städteplanung,AI,EFZ,3,0,3,2,0,2,1,0,1
Architektur und Städteplanung,AI,EBA,0,0,0,0,0,0,0,0,0
Architektur und Städteplanung,AI,nReglementiert,0,0,0,0,0,0,0,0,0
Architektur und Städteplanung,SG,abt-total,120,0,120,75,0,75,45,0,45
Architektur und Städteplanung,SG,EFZ,120,0,120,75,0,75,45,0,45
Architektur und Städteplanung,SG,EBA,0,0,0,0,0,0,0,0,0
Architektur und Städteplanung,SG,nReglementiert,0,0,0,0,0,0,0,0,0
Architektur und Städteplanung,GR,abt-total,58,0,58,36,0,36,22,0,22
Architektur und Städteplanung,GR,EFZ,58,0,58,36,0,36,22,0,22
Architektur und Städteplanung,GR,EBA,0,0,0,0,0,0,0,0,0
Architektur und Städteplanung,GR,nReglementiert,0,0,0,0,0,0,0,0,0
Architektur und Städteplanung,AG,abt-total,124,0,124,78,0,78,46,0,46
Architektur und Städteplanung,AG,EFZ,124,0,124,78,0,78,46,0,46
Architektur und Städteplanung,AG,EBA,0,0,0,0,0,0,0,0,0
Architektur und Städteplanung,AG,nReglementiert,0,0,0,0,0,0,0,0,0
Architektur und Städteplanung,TG,abt-total,52,0,52,35,0,35,17,0,17
Architektur und Städteplanung,TG,EFZ,52,0,52,35,0,35,17,0,17
Architektur und Städteplanung,TG,EBA,0,0,0,0,0,0,0,0,0
Architektur und Städteplanung,TG,nReglementiert,0,0,0,0,0,0,0,0,0
Architektur und Städteplanung,TI,abt-total,101,42,59,73,25,48,28,17,11
Architektur und Städteplanung,TI,EFZ,101,42,59,73,25,48,28,17,11
Architektur und Städteplanung,TI,EBA,0,0,0,0,0,0,0,0,0
Architektur und Städteplanung,TI,nReglementiert,0,0,0,0,0,0,0,0,0
Architektur und Städteplanung,VD,abt-total,148,0,148,117,0,117,31,0,31
Architektur und Städteplanung,VD,EFZ,148,0,148,117,0,117,31,0,31
Architektur und Städteplanung,VD,EBA,0,0,0,0,0,0,0,0,0
Architektur und Städteplanung,VD,nReglementiert,0,0,0,0,0,0,0,0,0
Architektur und Städteplanung,VS,abt-total,94,0,94,70,0,70,24,0,24
Architektur und Städteplanung,VS,EFZ,94,0,94,70,0,70,24,0,24
Architektur und Städteplanung,VS,EBA,0,0,0,0,0,0,0,0,0
Architektur und Städteplanung,VS,nReglementiert,0,0,0,0,0,0,0,0,0
Architektur und Städteplanung,NE,abt-total,34,0,34,23,0,23,11,0,11
Architektur und Städteplanung,NE,EFZ,34,0,34,23,0,23,11,0,11
Architektur und Städteplanung,NE,EBA,0,0,0,0,0,0,0,0,0
Architektur und Städteplanung,NE,nReglementiert,0,0,0,0,0,0,0,0,0
Architektur und Städteplanung,GE,abt-total,123,79,44,89,56,33,34,23,11
Architektur und Städteplanung,GE,EFZ,123,79,44,89,56,33,34,23,11
Architektur und Städteplanung,GE,EBA,0,0,0,0,0,0,0,0,0
Architektur und Städteplanung,GE,nReglementiert,0,0,0,0,0,0,0,0,0
Architektur und Städteplanung,JU,abt-total,23,0,23,17,0,17,6,0,6
Architektur und Städteplanung,JU,EFZ,23,0,23,17,0,17,6,0,6
Architektur und Städteplanung,JU,EBA,0,0,0,0,0,0,0,0,0
Architektur und Städteplanung,JU,nReglementiert,0,0,0,0,0,0,0,0,0
"Baugewerbe, Hoch- und Tiefbau",,abt-total,6877,34,6843,6381,34,6347,496,0,496
"Baugewerbe, Hoch- und Tiefbau",,EFZ,6648,34,6614,6155,34,6121,493,0,493
"Baugewerbe, Hoch- und Tiefbau",,EBA,229,0,229,226,0,226,3,0,3
"Baugewerbe, Hoch- und Tiefbau",,nReglementiert,0,0,0,0,0,0,0,0,0
"Baugewerbe, Hoch- und Tiefbau",ZH,abt-total,886,3,883,815,3,812,71,0,71
"Baugewerbe, Hoch- und Tiefbau",ZH,EFZ,854,3,851,785,3,782,69,0,69
"Baugewerbe, Hoch- und Tiefbau",ZH,EBA,32,0,32,30,0,30,2,0,2
"Baugewerbe, Hoch- und Tiefbau",ZH,nReglementiert,0,0,0,0,0,0,0,0,0
"Baugewerbe, Hoch- und Tiefbau",BE,abt-total,1007,15,992,904,15,889,103,0,103
"Baugewerbe, Hoch- und Tiefbau",BE,EFZ,967,15,952,865,15,850,102,0,102
"Baugewerbe, Hoch- und Tiefbau",BE,EBA,40,0,40,39,0,39,1,0,1
"Baugewerbe, Hoch- und Tiefbau",BE,nReglementiert,0,0,0,0,0,0,0,0,0
"Baugewerbe, Hoch- und Tiefbau",LU,abt-total,405,0,405,374,0,374,31,0,31
"Baugewerbe, Hoch- und Tiefbau",LU,EFZ,393,0,393,362,0,362,31,0,31
"Baugewerbe, Hoch- und Tiefbau",LU,EBA,12,0,12,12,0,12,0,0,0
"Baugewerbe, Hoch- und Tiefbau",LU,nReglementiert,0,0,0,0,0,0,0,0,0
"Baugewerbe, Hoch- und Tiefbau",UR,abt-total,78,0,78,71,0,71,7,0,7
"Baugewerbe, Hoch- und Tiefbau",UR,EFZ,75,0,75,68,0,68,7,0,7
"Baugewerbe, Hoch- und Tiefbau",UR,EBA,3,0,3,3,0,3,0,0,0
"Baugewerbe, Hoch- und Tiefbau",UR,nReglementiert,0,0,0,0,0,0,0,0,0
"Baugewerbe, Hoch- und Tiefbau",SZ,abt-total,159,0,159,151,0,151,8,0,8
"Baugewerbe, Hoch- und Tiefbau",SZ,EFZ,152,0,152,144,0,144,8,0,8
"Baugewerbe, Hoch- und Tiefbau",SZ,EBA,7,0,7,7,0,7,0,0,0
"Baugewerbe, Hoch- und Tiefbau",SZ,nReglementiert,0,0,0,0,0,0,0,0,0
"Baugewerbe, Hoch- und Tiefbau",OW,abt-total,54,0,54,49,0,49,5,0,5
"Baugewerbe, Hoch- und Tiefbau",OW,EFZ,52,0,52,47,0,47,5,0,5
"Baugewerbe, Hoch- und Tiefbau",OW,EBA,2,0,2,2,0,2,0,0,0
"Baugewerbe, Hoch- und Tiefbau",OW,nReglementiert,0,0,0,0,0,0,0,0,0
"Baugewerbe, Hoch- und Tiefbau",NW,abt-total,51,0,51,48,0,48,3,0,3
"Baugewerbe, Hoch- und Tiefbau",NW,EFZ,51,0,51,48,0,48,3,0,3
"Baugewerbe, Hoch- und Tiefbau",NW,EBA,0,0,0,0,0,0,0,0,0
"Baugewerbe, Hoch- und Tiefbau",NW,nReglementiert,0,0,0,0,0,0,0,0,0
"Baugewerbe, Hoch- und Tiefbau",GL,abt-total,78,0,78,73,0,73,5,0,5
"Baugewerbe, Hoch- und Tiefbau",GL,EFZ,70,0,70,65,0,65,5,0,5
"Baugewerbe, Hoch- und Tiefbau",GL,EBA,8,0,8,8,0,8,0,0,0
"Baugewerbe, Hoch- und Tiefbau",GL,nReglementiert,0,0,0,0,0,0,0,0,0
"Baugewerbe, Hoch- und Tiefbau",ZG,abt-total,122,0,122,113,0,113,9,0,9
"Baugewerbe, Hoch- und Tiefbau",ZG,EFZ,113,0,113,104,0,104,9,0,9
"Baugewerbe, Hoch- und Tiefbau",ZG,EBA,9,0,9,9,0,9,0,0,0
"Baugewerbe, Hoch- und Tiefbau",ZG,nReglementiert,0,0,0,0,0,0,0,0,0
"Baugewerbe, Hoch- und Tiefbau",FR,abt-total,285,0,285,275,0,275,10,0,10
"Baugewerbe, Hoch- und Tiefbau",FR,EFZ,281,0,281,271,0,271,10,0,10
"Baugewerbe, Hoch- und Tiefbau",FR,EBA,4,0,4,4,0,4,0,0,0
"Baugewerbe, Hoch- und Tiefbau",FR,nReglementiert,0,0,0,0,0,0,0,0,0
"Baugewerbe, Hoch- und Tiefbau",SO,abt-total,185,0,185,172,0,172,13,0,13
"Baugewerbe, Hoch- und Tiefbau",SO,EFZ,179,0,179,166,0,166,13,0,13
"Baugewerbe, Hoch- und Tiefbau",SO,EBA,6,0,6,6,0,6,0,0,0
"Baugewerbe, Hoch- und Tiefbau",SO,nReglementiert,0,0,0,0,0,0,0,0,0
"Baugewerbe, Hoch- und Tiefbau",BS,abt-total,106,0,106,90,0,90,16,0,16
"Baugewerbe, Hoch- und Tiefbau",BS,EFZ,103,0,103,87,0,87,16,0,16
"Baugewerbe, Hoch- und Tiefbau",BS,EBA,3,0,3,3,0,3,0,0,0
"Baugewerbe, Hoch- und Tiefbau",BS,nReglementiert,0,0,0,0,0,0,0,0,0
"Baugewerbe, Hoch- und Tiefbau",BL,abt-total,225,0,225,212,0,212,13,0,13
"Baugewerbe, Hoch- und Tiefbau",BL,EFZ,218,0,218,205,0,205,13,0,13
"Baugewerbe, Hoch- und Tiefbau",BL,EBA,7,0,7,7,0,7,0,0,0
"Baugewerbe, Hoch- und Tiefbau",Bl,nReglementiert,0,0,0,0,0,0,0,0,0
"Baugewerbe, Hoch- und Tiefbau",SH,abt-total,83,0,83,77,0,77,6,0,6
"Baugewerbe, Hoch- und Tiefbau",SH,EFZ,75,0,75,69,0,69,6,0,6
"Baugewerbe, Hoch- und Tiefbau",SH,EBA,8,0,8,8,0,8,0,0,0
"Baugewerbe, Hoch- und Tiefbau",SH,nReglementiert,0,0,0,0,0,0,0,0,0
"Baugewerbe, Hoch- und Tiefbau",AR,abt-total,49,0,49,44,0,44,5,0,5
"Baugewerbe, Hoch- und Tiefbau",AR,EFZ,47,0,47,42,0,42,5,0,5
"Baugewerbe, Hoch- und Tiefbau",AR,EBA,2,0,2,2,0,2,0,0,0
"Baugewerbe, Hoch- und Tiefbau",AR,nReglementiert,0,0,0,0,0,0,0,0,0
"Baugewerbe, Hoch- und Tiefbau",AI,abt-total,29,0,29,28,0,28,1,0,1
"Baugewerbe, Hoch- und Tiefbau",AI,EFZ,29,0,29,28,0,28,1,0,1
"Baugewerbe, Hoch- und Tiefbau",AI,EBA,0,0,0,0,0,0,0,0,0
"Baugewerbe, Hoch- und Tiefbau",AI,nReglementiert,0,0,0,0,0,0,0,0,0
"Baugewerbe, Hoch- und Tiefbau",SG,abt-total,570,0,570,521,0,521,49,0,49
"Baugewerbe, Hoch- und Tiefbau",SG,EFZ,552,0,552,503,0,503,49,0,49
"Baugewerbe, Hoch- und Tiefbau",SG,EBA,18,0,18,18,0,18,0,0,0
"Baugewerbe, Hoch- und Tiefbau",SG,nReglementiert,0,0,0,0,0,0,0,0,0
"Baugewerbe, Hoch- und Tiefbau",GR,abt-total,214,0,214,190,0,190,24,0,24
"Baugewerbe, Hoch- und Tiefbau",GR,EFZ,200,0,200,176,0,176,24,0,24
"Baugewerbe, Hoch- und Tiefbau",GR,EBA,14,0,14,14,0,14,0,0,0
"Baugewerbe, Hoch- und Tiefbau",GR,nReglementiert,0,0,0,0,0,0,0,0,0
"Baugewerbe, Hoch- und Tiefbau",AG,abt-total,477,0,477,438,0,438,39,0,39
"Baugewerbe, Hoch- und Tiefbau",AG,EFZ,464,0,464,425,0,425,39,0,39
"Baugewerbe, Hoch- und Tiefbau",AG,EBA,13,0,13,13,0,13,0,0,0
"Baugewerbe, Hoch- und Tiefbau",AG,nReglementiert,0,0,0,0,0,0,0,0,0
"Baugewerbe, Hoch- und Tiefbau",TG,abt-total,262,0,262,244,0,244,18,0,18
"Baugewerbe, Hoch- und Tiefbau",TG,EFZ,259,0,259,241,0,241,18,0,18
"Baugewerbe, Hoch- und Tiefbau",TG,EBA,3,0,3,3,0,3,0,0,0
"Baugewerbe, Hoch- und Tiefbau",TG,nReglementiert,0,0,0,0,0,0,0,0,0
"Baugewerbe, Hoch- und Tiefbau",TI,abt-total,296,0,296,295,0,295,1,0,1
"Baugewerbe, Hoch- und Tiefbau",TI,EFZ,288,0,288,287,0,287,1,0,1
"Baugewerbe, Hoch- und Tiefbau",TI,EBA,8,0,8,8,0,8,0,0,0
"Baugewerbe, Hoch- und Tiefbau",TI,nReglementiert,0,0,0,0,0,0,0,0,0
"Baugewerbe, Hoch- und Tiefbau",VD,abt-total,504,0,504,479,0,479,25,0,25
"Baugewerbe, Hoch- und Tiefbau",VD,EFZ,496,0,496,471,0,471,25,0,25
"Baugewerbe, Hoch- und Tiefbau",VD,EBA,8,0,8,8,0,8,0,0,0
"Baugewerbe, Hoch- und Tiefbau",VD,nReglementiert,0,0,0,0,0,0,0,0,0
"Baugewerbe, Hoch- und Tiefbau",VS,abt-total,365,0,365,347,0,347,18,0,18
"Baugewerbe, Hoch- und Tiefbau",VS,EFZ,350,0,350,332,0,332,18,0,18
"Baugewerbe, Hoch- und Tiefbau",VS,EBA,15,0,15,15,0,15,0,0,0
"Baugewerbe, Hoch- und Tiefbau",VS,nReglementiert,0,0,0,0,0,0,0,0,0
"Baugewerbe, Hoch- und Tiefbau",NE,abt-total,130,0,130,121,0,121,9,0,9
"Baugewerbe, Hoch- und Tiefbau",NE,EFZ,130,0,130,121,0,121,9,0,9
"Baugewerbe, Hoch- und Tiefbau",NE,EBA,0,0,0,0,0,0,0,0,0
"Baugewerbe, Hoch- und Tiefbau",NE,nReglementiert,0,0,0,0,0,0,0,0,0
"Baugewerbe, Hoch- und Tiefbau",GE,abt-total,189,16,173,186,16,170,3,0,3
"Baugewerbe, Hoch- und Tiefbau",GE,EFZ,182,16,166,179,16,163,3,0,3
"Baugewerbe, Hoch- und Tiefbau",GE,EBA,7,0,7,7,0,7,0,0,0
"Baugewerbe, Hoch- und Tiefbau",GE,nReglementiert,0,0,0,0,0,0,0,0,0
"Baugewerbe, Hoch- und Tiefbau",JU,abt-total,68,0,68,64,0,64,4,0,4
"Baugewerbe, Hoch- und Tiefbau",JU,EFZ,68,0,68,64,0,64,4,0,4
"Baugewerbe, Hoch- und Tiefbau",JU,EBA,0,0,0,0,0,0,0,0,0
"Baugewerbe, Hoch- und Tiefbau",JU,nReglementiert,0,0,0,0,0,0,0,0,0
Pflanzenbau und Tierzucht,,abt-total,1761,3,1758,1317,3,1314,444,0,444
Pflanzenbau und Tierzucht,,EFZ,1566,2,1564,1191,2,1189,375,0,375
Pflanzenbau und Tierzucht,,EBA,195,1,194,126,1,125,69,0,69
Pflanzenbau und Tierzucht,,nReglementiert,0,0,0,0,0,0,0,0,0
Pflanzenbau und Tierzucht,ZH,abt-total,134,0,134,83,0,83,51,0,51
Pflanzenbau und Tierzucht,ZH,EFZ,113,0,113,68,0,68,45,0,45
Pflanzenbau und Tierzucht,ZH,EBA,21,0,21,15,0,15,6,0,6
Pflanzenbau und Tierzucht,ZH,nReglementiert,0,0,0,0,0,0,0,0,0
Pflanzenbau und Tierzucht,BE,abt-total,318,1,317,242,1,241,76,0,76
Pflanzenbau und Tierzucht,BE,EFZ,272,0,272,204,0,204,68,0,68
Pflanzenbau und Tierzucht,BE,EBA,46,1,45,38,1,37,8,0,8
Pflanzenbau und Tierzucht,BE,nReglementiert,0,0,0,0,0,0,0,0,0
Pflanzenbau und Tierzucht,LU,abt-total,126,0,126,98,0,98,28,0,28
Pflanzenbau und Tierzucht,LU,EFZ,109,0,109,91,0,91,18,0,18
Pflanzenbau und Tierzucht,LU,EBA,17,0,17,7,0,7,10,0,10
Pflanzenbau und Tierzucht,LU,nReglementiert,0,0,0,0,0,0,0,0,0
Pflanzenbau und Tierzucht,UR,abt-total,15,0,15,12,0,12,3,0,3
Pflanzenbau und Tierzucht,UR,EFZ,14,0,14,12,0,12,2,0,2
Pflanzenbau und Tierzucht,UR,EBA,1,0,1,0,0,0,1,0,1
Pflanzenbau und Tierzucht,UR,nReglementiert,0,0,0,0,0,0,0,0,0
Pflanzenbau und Tierzucht,SZ,abt-total,48,0,48,42,0,42,6,0,6
Pflanzenbau und Tierzucht,SZ,EFZ,46,0,46,41,0,41,5,0,5
Pflanzenbau und Tierzucht,SZ,EBA,2,0,2,1,0,1,1,0,1
Pflanzenbau und Tierzucht,SZ,nReglementiert,0,0,0,0,0,0,0,0,0
Pflanzenbau und Tierzucht,OW,abt-total,16,0,16,16,0,16,0,0,0
Pflanzenbau und Tierzucht,OW,EFZ,15,0,15,15,0,15,0,0,0
Pflanzenbau und Tierzucht,OW,EBA,1,0,1,1,0,1,0,0,0
Pflanzenbau und Tierzucht,OW,nReglementiert,0,0,0,0,0,0,0,0,0
Pflanzenbau und Tierzucht,NW,abt-total,9,0,9,9,0,9,0,0,0
Pflanzenbau und Tierzucht,NW,EFZ,9,0,9,9,0,9,0,0,0
Pflanzenbau und Tierzucht,NW,EBA,0,0,0,0,0,0,0,0,0
Pflanzenbau und Tierzucht,NW,nReglementiert,0,0,0,0,0,0,0,0,0
Pflanzenbau und Tierzucht,GL,abt-total,6,0,6,6,0,6,0,0,0
Pflanzenbau und Tierzucht,GL,EFZ,5,0,5,5,0,5,0,0,0
Pflanzenbau und Tierzucht,GL,EBA,1,0,1,1,0,1,0,0,0
Pflanzenbau und Tierzucht,GL,nReglementiert,0,0,0,0,0,0,0,0,0
Pflanzenbau und Tierzucht,ZG,abt-total,42,0,42,32,0,32,10,0,10
Pflanzenbau und Tierzucht,ZG,EFZ,39,0,39,31,0,31,8,0,8
Pflanzenbau und Tierzucht,ZG,EBA,3,0,3,1,0,1,2,0,2
Pflanzenbau und Tierzucht,ZG,nReglementiert,0,0,0,0,0,0,0,0,0
Pflanzenbau und Tierzucht,FR,abt-total,118,2,116,101,2,99,17,0,17
Pflanzenbau und Tierzucht,FR,EFZ,104,2,102,87,2,85,17,0,17
Pflanzenbau und Tierzucht,FR,EBA,14,0,14,14,0,14,0,0,0
Pflanzenbau und Tierzucht,FR,nReglementiert,0,0,0,0,0,0,0,0,0
Pflanzenbau und Tierzucht,SO,abt-total,30,0,30,18,0,18,12,0,12
Pflanzenbau und Tierzucht,SO,EFZ,26,0,26,18,0,18,8,0,8
Pflanzenbau und Tierzucht,SO,EBA,4,0,4,0,0,0,4,0,4
Pflanzenbau und Tierzucht,SO,nReglementiert,0,0,0,0,0,0,0,0,0
Pflanzenbau und Tierzucht,BS,abt-total,3,0,3,2,0,2,1,0,1
Pflanzenbau und Tierzucht,BS,EFZ,3,0,3,2,0,2,1,0,1
Pflanzenbau und Tierzucht,BS,EBA,0,0,0,0,0,0,0,0,0
Pflanzenbau und Tierzucht,BS,nReglementiert,0,0,0,0,0,0,0,0,0
Pflanzenbau und Tierzucht,BL,abt-total,62,0,62,43,0,43,19,0,19
Pflanzenbau und Tierzucht,BL,EFZ,52,0,52,38,0,38,14,0,14
Pflanzenbau und Tierzucht,BL,EBA,10,0,10,5,0,5,5,0,5
Pflanzenbau und Tierzucht,Bl,nReglementiert,0,0,0,0,0,0,0,0,0
Pflanzenbau und Tierzucht,SH,abt-total,15,0,15,10,0,10,5,0,5
Pflanzenbau und Tierzucht,SH,EFZ,12,0,12,8,0,8,4,0,4
Pflanzenbau und Tierzucht,SH,EBA,3,0,3,2,0,2,1,0,1
Pflanzenbau und Tierzucht,SH,nReglementiert,0,0,0,0,0,0,0,0,0
Pflanzenbau und Tierzucht,AR,abt-total,2,0,2,2,0,2,0,0,0
Pflanzenbau und Tierzucht,AR,EFZ,2,0,2,2,0,2,0,0,0
Pflanzenbau und Tierzucht,AR,EBA,0,0,0,0,0,0,0,0,0
Pflanzenbau und Tierzucht,AR,nReglementiert,0,0,0,0,0,0,0,0,0
Pflanzenbau und Tierzucht,AI,abt-total,3,0,3,3,0,3,0,0,0
Pflanzenbau und Tierzucht,AI,EFZ,3,0,3,3,0,3,0,0,0
Pflanzenbau und Tierzucht,AI,EBA,0,0,0,0,0,0,0,0,0
Pflanzenbau und Tierzucht,AI,nReglementiert,0,0,0,0,0,0,0,0,0
Pflanzenbau und Tierzucht,SG,abt-total,122,0,122,91,0,91,31,0,31
Pflanzenbau und Tierzucht,SG,EFZ,105,0,105,83,0,83,22,0,22
Pflanzenbau und Tierzucht,SG,EBA,17,0,17,8,0,8,9,0,9
Pflanzenbau und Tierzucht,SG,nReglementiert,0,0,0,0,0,0,0,0,0
Pflanzenbau und Tierzucht,GR,abt-total,71,0,71,54,0,54,17,0,17
Pflanzenbau und Tierzucht,GR,EFZ,62,0,62,48,0,48,14,0,14
Pflanzenbau und Tierzucht,GR,EBA,9,0,9,6,0,6,3,0,3
Pflanzenbau und Tierzucht,GR,nReglementiert,0,0,0,0,0,0,0,0,0
Pflanzenbau und Tierzucht,AG,abt-total,138,0,138,101,0,101,37,0,37
Pflanzenbau und Tierzucht,AG,EFZ,123,0,123,94,0,94,29,0,29
Pflanzenbau und Tierzucht,AG,EBA,15,0,15,7,0,7,8,0,8
Pflanzenbau und Tierzucht,AG,nReglementiert,0,0,0,0,0,0,0,0,0
Pflanzenbau und Tierzucht,TG,abt-total,94,0,94,73,0,73,21,0,21
Pflanzenbau und Tierzucht,TG,EFZ,84,0,84,70,0,70,14,0,14
Pflanzenbau und Tierzucht,TG,EBA,10,0,10,3,0,3,7,0,7
Pflanzenbau und Tierzucht,TG,nReglementiert,0,0,0,0,0,0,0,0,0
Pflanzenbau und Tierzucht,TI,abt-total,22,0,22,17,0,17,5,0,5
Pflanzenbau und Tierzucht,TI,EFZ,19,0,19,14,0,14,5,0,5
Pflanzenbau und Tierzucht,TI,EBA,3,0,3,3,0,3,0,0,0
Pflanzenbau und Tierzucht,TI,nReglementiert,0,0,0,0,0,0,0,0,0
Pflanzenbau und Tierzucht,VD,abt-total,159,0,159,98,0,98,61,0,61
Pflanzenbau und Tierzucht,VD,EFZ,152,0,152,94,0,94,58,0,58
Pflanzenbau und Tierzucht,VD,EBA,7,0,7,4,0,4,3,0,3
Pflanzenbau und Tierzucht,VD,nReglementiert,0,0,0,0,0,0,0,0,0
Pflanzenbau und Tierzucht,VS,abt-total,49,0,49,36,0,36,13,0,13
Pflanzenbau und Tierzucht,VS,EFZ,49,0,49,36,0,36,13,0,13
Pflanzenbau und Tierzucht,VS,EBA,0,0,0,0,0,0,0,0,0
Pflanzenbau und Tierzucht,VS,nReglementiert,0,0,0,0,0,0,0,0,0
Pflanzenbau und Tierzucht,NE,abt-total,55,0,55,41,0,41,14,0,14
Pflanzenbau und Tierzucht,NE,EFZ,53,0,53,40,0,40,13,0,13
Pflanzenbau und Tierzucht,NE,EBA,2,0,2,1,0,1,1,0,1
Pflanzenbau und Tierzucht,NE,nReglementiert,0,0,0,0,0,0,0,0,0
Pflanzenbau und Tierzucht,GE,abt-total,28,0,28,20,0,20,8,0,8
Pflanzenbau und Tierzucht,GE,EFZ,27,0,27,19,0,19,8,0,8
Pflanzenbau und Tierzucht,GE,EBA,1,0,1,1,0,1,0,0,0
Pflanzenbau und Tierzucht,GE,nReglementiert,0,0,0,0,0,0,0,0,0
Pflanzenbau und Tierzucht,JU,abt-total,76,0,76,67,0,67,9,0,9
Pflanzenbau und Tierzucht,JU,EFZ,68,0,68,59,0,59,9,0,9
Pflanzenbau und Tierzucht,JU,EBA,8,0,8,8,0,8,0,0,0
Pflanzenbau und Tierzucht,JU,nReglementiert,0,0,0,0,0,0,0,0,0
Gartenbau,,abt-total,1342,47,1295,1040,30,1010,302,17,285
Gartenbau,,EFZ,1342,47,1295,1040,30,1010,302,17,285
Gartenbau,,EBA,0,0,0,0,0,0,0,0,0
Gartenbau,,nReglementiert,0,0,0,0,0,0,0,0,0
Gartenbau,ZH,abt-total,205,1,204,159,1,158,46,0,46
Gartenbau,ZH,EFZ,205,1,204,159,1,158,46,0,46
Gartenbau,ZH,EBA,0,0,0,0,0,0,0,0,0
Gartenbau,ZH,nReglementiert,0,0,0,0,0,0,0,0,0
Gartenbau,BE,abt-total,247,39,208,167,24,143,80,15,65
Gartenbau,BE,EFZ,247,39,208,167,24,143,80,15,65
Gartenbau,BE,EBA,0,0,0,0,0,0,0,0,0
Gartenbau,BE,nReglementiert,0,0,0,0,0,0,0,0,0
Gartenbau,LU,abt-total,69,0,69,57,0,57,12,0,12
Gartenbau,LU,EFZ,69,0,69,57,0,57,12,0,12
Gartenbau,LU,EBA,0,0,0,0,0,0,0,0,0
Gartenbau,LU,nReglementiert,0,0,0,0,0,0,0,0,0
Gartenbau,UR,abt-total,4,0,4,3,0,3,1,0,1
Gartenbau,UR,EFZ,4,0,4,3,0,3,1,0,1
Gartenbau,UR,EBA,0,0,0,0,0,0,0,0,0
Gartenbau,UR,nReglementiert,0,0,0,0,0,0,0,0,0
Gartenbau,SZ,abt-total,14,0,14,8,0,8,6,0,6
Gartenbau,SZ,EFZ,14,0,14,8,0,8,6,0,6
Gartenbau,SZ,EBA,0,0,0,0,0,0,0,0,0
Gartenbau,SZ,nReglementiert,0,0,0,0,0,0,0,0,0
Gartenbau,OW,abt-total,8,0,8,6,0,6,2,0,2
Gartenbau,OW,EFZ,8,0,8,6,0,6,2,0,2
Gartenbau,OW,EBA,0,0,0,0,0,0,0,0,0
Gartenbau,OW,nReglementiert,0,0,0,0,0,0,0,0,0
Gartenbau,NW,abt-total,4,0,4,3,0,3,1,0,1
Gartenbau,NW,EFZ,4,0,4,3,0,3,1,0,1
Gartenbau,NW,EBA,0,0,0,0,0,0,0,0,0
Gartenbau,NW,nReglementiert,0,0,0,0,0,0,0,0,0
Gartenbau,GL,abt-total,7,0,7,7,0,7,0,0,0
Gartenbau,GL,EFZ,7,0,7,7,0,7,0,0,0
Gartenbau,GL,EBA,0,0,0,0,0,0,0,0,0
Gartenbau,GL,nReglementiert,0,0,0,0,0,0,0,0,0
Gartenbau,ZG,abt-total,16,0,16,12,0,12,4,0,4
Gartenbau,ZG,EFZ,16,0,16,12,0,12,4,0,4
Gartenbau,ZG,EBA,0,0,0,0,0,0,0,0,0
Gartenbau,ZG,nReglementiert,0,0,0,0,0,0,0,0,0
Gartenbau,FR,abt-total,53,0,53,40,0,40,13,0,13
Gartenbau,FR,EFZ,53,0,53,40,0,40,13,0,13
Gartenbau,FR,EBA,0,0,0,0,0,0,0,0,0
Gartenbau,FR,nReglementiert,0,0,0,0,0,0,0,0,0
Gartenbau,SO,abt-total,32,0,32,28,0,28,4,0,4
Gartenbau,SO,EFZ,32,0,32,28,0,28,4,0,4
Gartenbau,SO,EBA,0,0,0,0,0,0,0,0,0
Gartenbau,SO,nReglementiert,0,0,0,0,0,0,0,0,0
Gartenbau,BS,abt-total,14,6,8,12,4,8,2,2,0
Gartenbau,BS,EFZ,14,6,8,12,4,8,2,2,0
Gartenbau,BS,EBA,0,0,0,0,0,0,0,0,0
Gartenbau,BS,nReglementiert,0,0,0,0,0,0,0,0,0
Gartenbau,BL,abt-total,51,0,51,40,0,40,11,0,11
Gartenbau,BL,EFZ,51,0,51,40,0,40,11,0,11
Gartenbau,BL,EBA,0,0,0,0,0,0,0,0,0
Gartenbau,Bl,nReglementiert,0,0,0,0,0,0,0,0,0
Gartenbau,SH,abt-total,15,0,15,10,0,10,5,0,5
Gartenbau,SH,EFZ,15,0,15,10,0,10,5,0,5
Gartenbau,SH,EBA,0,0,0,0,0,0,0,0,0
Gartenbau,SH,nReglementiert,0,0,0,0,0,0,0,0,0
Gartenbau,AR,abt-total,8,0,8,7,0,7,1,0,1
Gartenbau,AR,EFZ,8,0,8,7,0,7,1,0,1
Gartenbau,AR,EBA,0,0,0,0,0,0,0,0,0
Gartenbau,AR,nReglementiert,0,0,0,0,0,0,0,0,0
Gartenbau,AI,abt-total,2,0,2,2,0,2,0,0,0
Gartenbau,AI,EFZ,2,0,2,2,0,2,0,0,0
Gartenbau,AI,EBA,0,0,0,0,0,0,0,0,0
Gartenbau,AI,nReglementiert,0,0,0,0,0,0,0,0,0
Gartenbau,SG,abt-total,86,0,86,62,0,62,24,0,24
Gartenbau,SG,EFZ,86,0,86,62,0,62,24,0,24
Gartenbau,SG,EBA,0,0,0,0,0,0,0,0,0
Gartenbau,SG,nReglementiert,0,0,0,0,0,0,0,0,0
Gartenbau,GR,abt-total,23,0,23,16,0,16,7,0,7
Gartenbau,GR,EFZ,23,0,23,16,0,16,7,0,7
Gartenbau,GR,EBA,0,0,0,0,0,0,0,0,0
Gartenbau,GR,nReglementiert,0,0,0,0,0,0,0,0,0
Gartenbau,AG,abt-total,127,0,127,101,0,101,26,0,26
Gartenbau,AG,EFZ,127,0,127,101,0,101,26,0,26
Gartenbau,AG,EBA,0,0,0,0,0,0,0,0,0
Gartenbau,AG,nReglementiert,0,0,0,0,0,0,0,0,0
Gartenbau,TG,abt-total,66,0,66,48,0,48,18,0,18
Gartenbau,TG,EFZ,66,0,66,48,0,48,18,0,18
Gartenbau,TG,EBA,0,0,0,0,0,0,0,0,0
Gartenbau,TG,nReglementiert,0,0,0,0,0,0,0,0,0
Gartenbau,TI,abt-total,66,0,66,64,0,64,2,0,2
Gartenbau,TI,EFZ,66,0,66,64,0,64,2,0,2
Gartenbau,TI,EBA,0,0,0,0,0,0,0,0,0
Gartenbau,TI,nReglementiert,0,0,0,0,0,0,0,0,0
Gartenbau,VD,abt-total,105,0,105,83,0,83,22,0,22
Gartenbau,VD,EFZ,105,0,105,83,0,83,22,0,22
Gartenbau,VD,EBA,0,0,0,0,0,0,0,0,0
Gartenbau,VD,nReglementiert,0,0,0,0,0,0,0,0,0
Gartenbau,VS,abt-total,30,0,30,29,0,29,1,0,1
Gartenbau,VS,EFZ,30,0,30,29,0,29,1,0,1
Gartenbau,VS,EBA,0,0,0,0,0,0,0,0,0
Gartenbau,VS,nReglementiert,0,0,0,0,0,0,0,0,0
Gartenbau,NE,abt-total,27,0,27,19,0,19,8,0,8
Gartenbau,NE,EFZ,27,0,27,19,0,19,8,0,8
Gartenbau,NE,EBA,0,0,0,0,0,0,0,0,0
Gartenbau,NE,nReglementiert,0,0,0,0,0,0,0,0,0
Gartenbau,GE,abt-total,51,1,50,46,1,45,5,0,5
Gartenbau,GE,EFZ,51,1,50,46,1,45,5,0,5
Gartenbau,GE,EBA,0,0,0,0,0,0,0,0,0
Gartenbau,GE,nReglementiert,0,0,0,0,0,0,0,0,0
Gartenbau,JU,abt-total,12,0,12,11,0,11,1,0,1
Gartenbau,JU,EFZ,12,0,12,11,0,11,1,0,1
Gartenbau,JU,EBA,0,0,0,0,0,0,0,0,0
Gartenbau,JU,nReglementiert,0,0,0,0,0,0,0,0,0
Forstwirtschaft,,abt-total,336,0,336,330,0,330,6,0,6
Forstwirtschaft,,EFZ,336,0,336,330,0,330,6,0,6
Forstwirtschaft,,EBA,0,0,0,0,0,0,0,0,0
Forstwirtschaft,,nReglementiert,0,0,0,0,0,0,0,0,0
Forstwirtschaft,ZH,abt-total,21,0,21,21,0,21,0,0,0
Forstwirtschaft,ZH,EFZ,21,0,21,21,0,21,0,0,0
Forstwirtschaft,ZH,EBA,0,0,0,0,0,0,0,0,0
Forstwirtschaft,ZH,nReglementiert,0,0,0,0,0,0,0,0,0
Forstwirtschaft,BE,abt-total,31,0,31,31,0,31,0,0,0
Forstwirtschaft,BE,EFZ,31,0,31,31,0,31,0,0,0
Forstwirtschaft,BE,EBA,0,0,0,0,0,0,0,0,0
Forstwirtschaft,BE,nReglementiert,0,0,0,0,0,0,0,0,0
Forstwirtschaft,LU,abt-total,3,0,3,3,0,3,0,0,0
Forstwirtschaft,LU,EFZ,3,0,3,3,0,3,0,0,0
Forstwirtschaft,LU,EBA,0,0,0,0,0,0,0,0,0
Forstwirtschaft,LU,nReglementiert,0,0,0,0,0,0,0,0,0
Forstwirtschaft,UR,abt-total,1,0,1,1,0,1,0,0,0
Forstwirtschaft,UR,EFZ,1,0,1,1,0,1,0,0,0
Forstwirtschaft,UR,EBA,0,0,0,0,0,0,0,0,0
Forstwirtschaft,UR,nReglementiert,0,0,0,0,0,0,0,0,0
Forstwirtschaft,SZ,abt-total,4,0,4,4,0,4,0,0,0
Forstwirtschaft,SZ,EFZ,4,0,4,4,0,4,0,0,0
Forstwirtschaft,SZ,EBA,0,0,0,0,0,0,0,0,0
Forstwirtschaft,SZ,nReglementiert,0,0,0,0,0,0,0,0,0
Forstwirtschaft,OW,abt-total,6,0,6,6,0,6,0,0,0
Forstwirtschaft,OW,EFZ,6,0,6,6,0,6,0,0,0
Forstwirtschaft,OW,EBA,0,0,0,0,0,0,0,0,0
Forstwirtschaft,OW,nReglementiert,0,0,0,0,0,0,0,0,0
Forstwirtschaft,NW,abt-total,6,0,6,6,0,6,0,0,0
Forstwirtschaft,NW,EFZ,6,0,6,6,0,6,0,0,0
Forstwirtschaft,NW,EBA,0,0,0,0,0,0,0,0,0
Forstwirtschaft,NW,nReglementiert,0,0,0,0,0,0,0,0,0
Forstwirtschaft,GL,abt-total,5,0,5,5,0,5,0,0,0
Forstwirtschaft,GL,EFZ,5,0,5,5,0,5,0,0,0
Forstwirtschaft,GL,EBA,0,0,0,0,0,0,0,0,0
Forstwirtschaft,GL,nReglementiert,0,0,0,0,0,0,0,0,0
Forstwirtschaft,ZG,abt-total,7,0,7,7,0,7,0,0,0
Forstwirtschaft,ZG,EFZ,7,0,7,7,0,7,0,0,0
Forstwirtschaft,ZG,EBA,0,0,0,0,0,0,0,0,0
Forstwirtschaft,ZG,nReglementiert,0,0,0,0,0,0,0,0,0
Forstwirtschaft,FR,abt-total,17,0,17,16,0,16,1,0,1
Forstwirtschaft,FR,EFZ,17,0,17,16,0,16,1,0,1
Forstwirtschaft,FR,EBA,0,0,0,0,0,0,0,0,0
Forstwirtschaft,FR,nReglementiert,0,0,0,0,0,0,0,0,0
Forstwirtschaft,SO,abt-total,10,0,10,10,0,10,0,0,0
Forstwirtschaft,SO,EFZ,10,0,10,10,0,10,0,0,0
Forstwirtschaft,SO,EBA,0,0,0,0,0,0,0,0,0
Forstwirtschaft,SO,nReglementiert,0,0,0,0,0,0,0,0,0
Forstwirtschaft,BS,abt-total,2,0,2,2,0,2,0,0,0
Forstwirtschaft,BS,EFZ,2,0,2,2,0,2,0,0,0
Forstwirtschaft,BS,EBA,0,0,0,0,0,0,0,0,0
Forstwirtschaft,BS,nReglementiert,0,0,0,0,0,0,0,0,0
Forstwirtschaft,BL,abt-total,16,0,16,16,0,16,0,0,0
Forstwirtschaft,BL,EFZ,16,0,16,16,0,16,0,0,0
Forstwirtschaft,BL,EBA,0,0,0,0,0,0,0,0,0
Forstwirtschaft,Bl,nReglementiert,0,0,0,0,0,0,0,0,0
Forstwirtschaft,SH,abt-total,6,0,6,6,0,6,0,0,0
Forstwirtschaft,SH,EFZ,6,0,6,6,0,6,0,0,0
Forstwirtschaft,SH,EBA,0,0,0,0,0,0,0,0,0
Forstwirtschaft,SH,nReglementiert,0,0,0,0,0,0,0,0,0
Forstwirtschaft,AR,abt-total,2,0,2,2,0,2,0,0,0
Forstwirtschaft,AR,EFZ,2,0,2,2,0,2,0,0,0
Forstwirtschaft,AR,EBA,0,0,0,0,0,0,0,0,0
Forstwirtschaft,AR,nReglementiert,0,0,0,0,0,0,0,0,0
Forstwirtschaft,AI,abt-total,0,0,0,0,0,0,0,0,0
Forstwirtschaft,AI,EFZ,0,0,0,0,0,0,0,0,0
Forstwirtschaft,AI,EBA,0,0,0,0,0,0,0,0,0
Forstwirtschaft,AI,nReglementiert,0,0,0,0,0,0,0,0,0
Forstwirtschaft,SG,abt-total,11,0,11,11,0,11,0,0,0
Forstwirtschaft,SG,EFZ,11,0,11,11,0,11,0,0,0
Forstwirtschaft,SG,EBA,0,0,0,0,0,0,0,0,0
Forstwirtschaft,SG,nReglementiert,0,0,0,0,0,0,0,0,0
Forstwirtschaft,GR,abt-total,33,0,33,32,0,32,1,0,1
Forstwirtschaft,GR,EFZ,33,0,33,32,0,32,1,0,1
Forstwirtschaft,GR,EBA,0,0,0,0,0,0,0,0,0
Forstwirtschaft,GR,nReglementiert,0,0,0,0,0,0,0,0,0
Forstwirtschaft,AG,abt-total,29,0,29,27,0,27,2,0,2
Forstwirtschaft,AG,EFZ,29,0,29,27,0,27,2,0,2
Forstwirtschaft,AG,EBA,0,0,0,0,0,0,0,0,0
Forstwirtschaft,AG,nReglementiert,0,0,0,0,0,0,0,0,0
Forstwirtschaft,TG,abt-total,9,0,9,8,0,8,1,0,1
Forstwirtschaft,TG,EFZ,9,0,9,8,0,8,1,0,1
Forstwirtschaft,TG,EBA,0,0,0,0,0,0,0,0,0
Forstwirtschaft,TG,nReglementiert,0,0,0,0,0,0,0,0,0
Forstwirtschaft,TI,abt-total,20,0,20,20,0,20,0,0,0
Forstwirtschaft,TI,EFZ,20,0,20,20,0,20,0,0,0
Forstwirtschaft,TI,EBA,0,0,0,0,0,0,0,0,0
Forstwirtschaft,TI,nReglementiert,0,0,0,0,0,0,0,0,0
Forstwirtschaft,VD,abt-total,47,0,47,47,0,47,0,0,0
Forstwirtschaft,VD,EFZ,47,0,47,47,0,47,0,0,0
Forstwirtschaft,VD,EBA,0,0,0,0,0,0,0,0,0
Forstwirtschaft,VD,nReglementiert,0,0,0,0,0,0,0,0,0
Forstwirtschaft,VS,abt-total,27,0,27,27,0,27,0,0,0
Forstwirtschaft,VS,EFZ,27,0,27,27,0,27,0,0,0
Forstwirtschaft,VS,EBA,0,0,0,0,0,0,0,0,0
Forstwirtschaft,VS,nReglementiert,0,0,0,0,0,0,0,0,0
Forstwirtschaft,NE,abt-total,15,0,15,14,0,14,1,0,1
Forstwirtschaft,NE,EFZ,15,0,15,14,0,14,1,0,1
Forstwirtschaft,NE,EBA,0,0,0,0,0,0,0,0,0
Forstwirtschaft,NE,nReglementiert,0,0,0,0,0,0,0,0,0
Forstwirtschaft,GE,abt-total,1,0,1,1,0,1,0,0,0
Forstwirtschaft,GE,EFZ,1,0,1,1,0,1,0,0,0
Forstwirtschaft,GE,EBA,0,0,0,0,0,0,0,0,0
Forstwirtschaft,GE,nReglementiert,0,0,0,0,0,0,0,0,0
Forstwirtschaft,JU,abt-total,7,0,7,7,0,7,0,0,0
Forstwirtschaft,JU,EFZ,7,0,7,7,0,7,0,0,0
Forstwirtschaft,JU,EBA,0,0,0,0,0,0,0,0,0
Forstwirtschaft,JU,nReglementiert,0,0,0,0,0,0,0,0,0
Tiermedizin,,abt-total,233,1,232,8,0,8,225,1,224
Tiermedizin,,EFZ,233,1,232,8,0,8,225,1,224
Tiermedizin,,EBA,0,0,0,0,0,0,0,0,0
Tiermedizin,,nReglementiert,0,0,0,0,0,0,0,0,0
Tiermedizin,ZH,abt-total,29,0,29,2,0,2,27,0,27
Tiermedizin,ZH,EFZ,29,0,29,2,0,2,27,0,27
Tiermedizin,ZH,EBA,0,0,0,0,0,0,0,0,0
Tiermedizin,ZH,nReglementiert,0,0,0,0,0,0,0,0,0
Tiermedizin,BE,abt-total,31,0,31,1,0,1,30,0,30
Tiermedizin,BE,EFZ,31,0,31,1,0,1,30,0,30
Tiermedizin,BE,EBA,0,0,0,0,0,0,0,0,0
Tiermedizin,BE,nReglementiert,0,0,0,0,0,0,0,0,0
Tiermedizin,LU,abt-total,11,0,11,0,0,0,11,0,11
Tiermedizin,LU,EFZ,11,0,11,0,0,0,11,0,11
Tiermedizin,LU,EBA,0,0,0,0,0,0,0,0,0
Tiermedizin,LU,nReglementiert,0,0,0,0,0,0,0,0,0
Tiermedizin,UR,abt-total,0,0,0,0,0,0,0,0,0
Tiermedizin,UR,EFZ,0,0,0,0,0,0,0,0,0
Tiermedizin,UR,EBA,0,0,0,0,0,0,0,0,0
Tiermedizin,UR,nReglementiert,0,0,0,0,0,0,0,0,0
Tiermedizin,SZ,abt-total,3,0,3,0,0,0,3,0,3
Tiermedizin,SZ,EFZ,3,0,3,0,0,0,3,0,3
Tiermedizin,SZ,EBA,0,0,0,0,0,0,0,0,0
Tiermedizin,SZ,nReglementiert,0,0,0,0,0,0,0,0,0
Tiermedizin,OW,abt-total,1,0,1,0,0,0,1,0,1
Tiermedizin,OW,EFZ,1,0,1,0,0,0,1,0,1
Tiermedizin,OW,EBA,0,0,0,0,0,0,0,0,0
Tiermedizin,OW,nReglementiert,0,0,0,0,0,0,0,0,0
Tiermedizin,NW,abt-total,0,0,0,0,0,0,0,0,0
Tiermedizin,NW,EFZ,0,0,0,0,0,0,0,0,0
Tiermedizin,NW,EBA,0,0,0,0,0,0,0,0,0
Tiermedizin,NW,nReglementiert,0,0,0,0,0,0,0,0,0
Tiermedizin,GL,abt-total,3,0,3,0,0,0,3,0,3
Tiermedizin,GL,EFZ,3,0,3,0,0,0,3,0,3
Tiermedizin,GL,EBA,0,0,0,0,0,0,0,0,0
Tiermedizin,GL,nReglementiert,0,0,0,0,0,0,0,0,0
Tiermedizin,ZG,abt-total,4,0,4,0,0,0,4,0,4
Tiermedizin,ZG,EFZ,4,0,4,0,0,0,4,0,4
Tiermedizin,ZG,EBA,0,0,0,0,0,0,0,0,0
Tiermedizin,ZG,nReglementiert,0,0,0,0,0,0,0,0,0
Tiermedizin,FR,abt-total,6,0,6,0,0,0,6,0,6
Tiermedizin,FR,EFZ,6,0,6,0,0,0,6,0,6
Tiermedizin,FR,EBA,0,0,0,0,0,0,0,0,0
Tiermedizin,FR,nReglementiert,0,0,0,0,0,0,0,0,0
Tiermedizin,SO,abt-total,8,0,8,0,0,0,8,0,8
Tiermedizin,SO,EFZ,8,0,8,0,0,0,8,0,8
Tiermedizin,SO,EBA,0,0,0,0,0,0,0,0,0
Tiermedizin,SO,nReglementiert,0,0,0,0,0,0,0,0,0
Tiermedizin,BS,abt-total,3,0,3,0,0,0,3,0,3
Tiermedizin,BS,EFZ,3,0,3,0,0,0,3,0,3
Tiermedizin,BS,EBA,0,0,0,0,0,0,0,0,0
Tiermedizin,BS,nReglementiert,0,0,0,0,0,0,0,0,0
Tiermedizin,BL,abt-total,6,0,6,0,0,0,6,0,6
Tiermedizin,BL,EFZ,6,0,6,0,0,0,6,0,6
Tiermedizin,BL,EBA,0,0,0,0,0,0,0,0,0
Tiermedizin,Bl,nReglementiert,0,0,0,0,0,0,0,0,0
Tiermedizin,SH,abt-total,4,0,4,0,0,0,4,0,4
Tiermedizin,SH,EFZ,4,0,4,0,0,0,4,0,4
Tiermedizin,SH,EBA,0,0,0,0,0,0,0,0,0
Tiermedizin,SH,nReglementiert,0,0,0,0,0,0,0,0,0
Tiermedizin,AR,abt-total,0,0,0,0,0,0,0,0,0
Tiermedizin,AR,EFZ,0,0,0,0,0,0,0,0,0
Tiermedizin,AR,EBA,0,0,0,0,0,0,0,0,0
Tiermedizin,AR,nReglementiert,0,0,0,0,0,0,0,0,0
Tiermedizin,AI,abt-total,0,0,0,0,0,0,0,0,0
Tiermedizin,AI,EFZ,0,0,0,0,0,0,0,0,0
Tiermedizin,AI,EBA,0,0,0,0,0,0,0,0,0
Tiermedizin,AI,nReglementiert,0,0,0,0,0,0,0,0,0
Tiermedizin,SG,abt-total,11,0,11,0,0,0,11,0,11
Tiermedizin,SG,EFZ,11,0,11,0,0,0,11,0,11
Tiermedizin,SG,EBA,0,0,0,0,0,0,0,0,0
Tiermedizin,SG,nReglementiert,0,0,0,0,0,0,0,0,0
Tiermedizin,GR,abt-total,3,0,3,0,0,0,3,0,3
Tiermedizin,GR,EFZ,3,0,3,0,0,0,3,0,3
Tiermedizin,GR,EBA,0,0,0,0,0,0,0,0,0
Tiermedizin,GR,nReglementiert,0,0,0,0,0,0,0,0,0
Tiermedizin,AG,abt-total,20,0,20,2,0,2,18,0,18
Tiermedizin,AG,EFZ,20,0,20,2,0,2,18,0,18
Tiermedizin,AG,EBA,0,0,0,0,0,0,0,0,0
Tiermedizin,AG,nReglementiert,0,0,0,0,0,0,0,0,0
Tiermedizin,TG,abt-total,11,1,10,0,0,0,11,1,10
Tiermedizin,TG,EFZ,11,1,10,0,0,0,11,1,10
Tiermedizin,TG,EBA,0,0,0,0,0,0,0,0,0
Tiermedizin,TG,nReglementiert,0,0,0,0,0,0,0,0,0
Tiermedizin,TI,abt-total,6,0,6,0,0,0,6,0,6
Tiermedizin,TI,EFZ,6,0,6,0,0,0,6,0,6
Tiermedizin,TI,EBA,0,0,0,0,0,0,0,0,0
Tiermedizin,TI,nReglementiert,0,0,0,0,0,0,0,0,0
Tiermedizin,VD,abt-total,39,0,39,2,0,2,37,0,37
Tiermedizin,VD,EFZ,39,0,39,2,0,2,37,0,37
Tiermedizin,VD,EBA,0,0,0,0,0,0,0,0,0
Tiermedizin,VD,nReglementiert,0,0,0,0,0,0,0,0,0
Tiermedizin,VS,abt-total,6,0,6,0,0,0,6,0,6
Tiermedizin,VS,EFZ,6,0,6,0,0,0,6,0,6
Tiermedizin,VS,EBA,0,0,0,0,0,0,0,0,0
Tiermedizin,VS,nReglementiert,0,0,0,0,0,0,0,0,0
Tiermedizin,NE,abt-total,7,0,7,1,0,1,6,0,6
Tiermedizin,NE,EFZ,7,0,7,1,0,1,6,0,6
Tiermedizin,NE,EBA,0,0,0,0,0,0,0,0,0
Tiermedizin,NE,nReglementiert,0,0,0,0,0,0,0,0,0
Tiermedizin,GE,abt-total,18,0,18,0,0,0,18,0,18
Tiermedizin,GE,EFZ,18,0,18,0,0,0,18,0,18
Tiermedizin,GE,EBA,0,0,0,0,0,0,0,0,0
Tiermedizin,GE,nReglementiert,0,0,0,0,0,0,0,0,0
Tiermedizin,JU,abt-total,3,0,3,0,0,0,3,0,3
Tiermedizin,JU,EFZ,3,0,3,0,0,0,3,0,3
Tiermedizin,JU,EBA,0,0,0,0,0,0,0,0,0
Tiermedizin,JU,nReglementiert,0,0,0,0,0,0,0,0,0
Medizinische Dienste,,abt-total,1365,64,1301,197,0,197,1168,64,1104
Medizinische Dienste,,EFZ,1365,64,1301,197,0,197,1168,64,1104
Medizinische Dienste,,EBA,0,0,0,0,0,0,0,0,0
Medizinische Dienste,,nReglementiert,0,0,0,0,0,0,0,0,0
Medizinische Dienste,ZH,abt-total,241,0,241,38,0,38,203,0,203
Medizinische Dienste,ZH,EFZ,241,0,241,38,0,38,203,0,203
Medizinische Dienste,ZH,EBA,0,0,0,0,0,0,0,0,0
Medizinische Dienste,ZH,nReglementiert,0,0,0,0,0,0,0,0,0
Medizinische Dienste,BE,abt-total,204,0,204,24,0,24,180,0,180
Medizinische Dienste,BE,EFZ,204,0,204,24,0,24,180,0,180
Medizinische Dienste,BE,EBA,0,0,0,0,0,0,0,0,0
Medizinische Dienste,BE,nReglementiert,0,0,0,0,0,0,0,0,0
Medizinische Dienste,LU,abt-total,67,0,67,6,0,6,61,0,61
Medizinische Dienste,LU,EFZ,67,0,67,6,0,6,61,0,61
Medizinische Dienste,LU,EBA,0,0,0,0,0,0,0,0,0
Medizinische Dienste,LU,nReglementiert,0,0,0,0,0,0,0,0,0
Medizinische Dienste,UR,abt-total,11,0,11,1,0,1,10,0,10
Medizinische Dienste,UR,EFZ,11,0,11,1,0,1,10,0,10
Medizinische Dienste,UR,EBA,0,0,0,0,0,0,0,0,0
Medizinische Dienste,UR,nReglementiert,0,0,0,0,0,0,0,0,0
Medizinische Dienste,SZ,abt-total,26,0,26,2,0,2,24,0,24
Medizinische Dienste,SZ,EFZ,26,0,26,2,0,2,24,0,24
Medizinische Dienste,SZ,EBA,0,0,0,0,0,0,0,0,0
Medizinische Dienste,SZ,nReglementiert,0,0,0,0,0,0,0,0,0
Medizinische Dienste,OW,abt-total,6,0,6,0,0,0,6,0,6
Medizinische Dienste,OW,EFZ,6,0,6,0,0,0,6,0,6
Medizinische Dienste,OW,EBA,0,0,0,0,0,0,0,0,0
Medizinische Dienste,OW,nReglementiert,0,0,0,0,0,0,0,0,0
Medizinische Dienste,NW,abt-total,5,0,5,0,0,0,5,0,5
Medizinische Dienste,NW,EFZ,5,0,5,0,0,0,5,0,5
Medizinische Dienste,NW,EBA,0,0,0,0,0,0,0,0,0
Medizinische Dienste,NW,nReglementiert,0,0,0,0,0,0,0,0,0
Medizinische Dienste,GL,abt-total,10,0,10,0,0,0,10,0,10
Medizinische Dienste,GL,EFZ,10,0,10,0,0,0,10,0,10
Medizinische Dienste,GL,EBA,0,0,0,0,0,0,0,0,0
Medizinische Dienste,GL,nReglementiert,0,0,0,0,0,0,0,0,0
Medizinische Dienste,ZG,abt-total,18,0,18,8,0,8,10,0,10
Medizinische Dienste,ZG,EFZ,18,0,18,8,0,8,10,0,10
Medizinische Dienste,ZG,EBA,0,0,0,0,0,0,0,0,0
Medizinische Dienste,ZG,nReglementiert,0,0,0,0,0,0,0,0,0
Medizinische Dienste,FR,abt-total,38,0,38,5,0,5,33,0,33
Medizinische Dienste,FR,EFZ,38,0,38,5,0,5,33,0,33
Medizinische Dienste,FR,EBA,0,0,0,0,0,0,0,0,0
Medizinische Dienste,FR,nReglementiert,0,0,0,0,0,0,0,0,0
Medizinische Dienste,SO,abt-total,36,0,36,4,0,4,32,0,32
Medizinische Dienste,SO,EFZ,36,0,36,4,0,4,32,0,32
Medizinische Dienste,SO,EBA,0,0,0,0,0,0,0,0,0
Medizinische Dienste,SO,nReglementiert,0,0,0,0,0,0,0,0,0
Medizinische Dienste,BS,abt-total,43,0,43,11,0,11,32,0,32
Medizinische Dienste,BS,EFZ,43,0,43,11,0,11,32,0,32
Medizinische Dienste,BS,EBA,0,0,0,0,0,0,0,0,0
Medizinische Dienste,BS,nReglementiert,0,0,0,0,0,0,0,0,0
Medizinische Dienste,BL,abt-total,41,0,41,6,0,6,35,0,35
Medizinische Dienste,BL,EFZ,41,0,41,6,0,6,35,0,35
Medizinische Dienste,BL,EBA,0,0,0,0,0,0,0,0,0
Medizinische Dienste,Bl,nReglementiert,0,0,0,0,0,0,0,0,0
Medizinische Dienste,SH,abt-total,16,0,16,3,0,3,13,0,13
Medizinische Dienste,SH,EFZ,16,0,16,3,0,3,13,0,13
Medizinische Dienste,SH,EBA,0,0,0,0,0,0,0,0,0
Medizinische Dienste,SH,nReglementiert,0,0,0,0,0,0,0,0,0
Medizinische Dienste,AR,abt-total,10,0,10,0,0,0,10,0,10
Medizinische Dienste,AR,EFZ,10,0,10,0,0,0,10,0,10
Medizinische Dienste,AR,EBA,0,0,0,0,0,0,0,0,0
Medizinische Dienste,AR,nReglementiert,0,0,0,0,0,0,0,0,0
Medizinische Dienste,AI,abt-total,3,0,3,0,0,0,3,0,3
Medizinische Dienste,AI,EFZ,3,0,3,0,0,0,3,0,3
Medizinische Dienste,AI,EBA,0,0,0,0,0,0,0,0,0
Medizinische Dienste,AI,nReglementiert,0,0,0,0,0,0,0,0,0
Medizinische Dienste,SG,abt-total,86,0,86,10,0,10,76,0,76
Medizinische Dienste,SG,EFZ,86,0,86,10,0,10,76,0,76
Medizinische Dienste,SG,EBA,0,0,0,0,0,0,0,0,0
Medizinische Dienste,SG,nReglementiert,0,0,0,0,0,0,0,0,0
Medizinische Dienste,GR,abt-total,35,0,35,7,0,7,28,0,28
Medizinische Dienste,GR,EFZ,35,0,35,7,0,7,28,0,28
Medizinische Dienste,GR,EBA,0,0,0,0,0,0,0,0,0
Medizinische Dienste,GR,nReglementiert,0,0,0,0,0,0,0,0,0
Medizinische Dienste,AG,abt-total,104,0,104,8,0,8,96,0,96
Medizinische Dienste,AG,EFZ,104,0,104,8,0,8,96,0,96
Medizinische Dienste,AG,EBA,0,0,0,0,0,0,0,0,0
Medizinische Dienste,AG,nReglementiert,0,0,0,0,0,0,0,0,0
Medizinische Dienste,TG,abt-total,44,0,44,1,0,1,43,0,43
Medizinische Dienste,TG,EFZ,44,0,44,1,0,1,43,0,43
Medizinische Dienste,TG,EBA,0,0,0,0,0,0,0,0,0
Medizinische Dienste,TG,nReglementiert,0,0,0,0,0,0,0,0,0
Medizinische Dienste,TI,abt-total,51,0,51,13,0,13,38,0,38
Medizinische Dienste,TI,EFZ,51,0,51,13,0,13,38,0,38
Medizinische Dienste,TI,EBA,0,0,0,0,0,0,0,0,0
Medizinische Dienste,TI,nReglementiert,0,0,0,0,0,0,0,0,0
Medizinische Dienste,VD,abt-total,118,0,118,29,0,29,89,0,89
Medizinische Dienste,VD,EFZ,118,0,118,29,0,29,89,0,89
Medizinische Dienste,VD,EBA,0,0,0,0,0,0,0,0,0
Medizinische Dienste,VD,nReglementiert,0,0,0,0,0,0,0,0,0
Medizinische Dienste,VS,abt-total,67,43,24,10,0,10,57,43,14
Medizinische Dienste,VS,EFZ,67,43,24,10,0,10,57,43,14
Medizinische Dienste,VS,EBA,0,0,0,0,0,0,0,0,0
Medizinische Dienste,VS,nReglementiert,0,0,0,0,0,0,0,0,0
Medizinische Dienste,NE,abt-total,15,0,15,3,0,3,12,0,12
Medizinische Dienste,NE,EFZ,15,0,15,3,0,3,12,0,12
Medizinische Dienste,NE,EBA,0,0,0,0,0,0,0,0,0
Medizinische Dienste,NE,nReglementiert,0,0,0,0,0,0,0,0,0
Medizinische Dienste,GE,abt-total,62,21,41,7,0,7,55,21,34
Medizinische Dienste,GE,EFZ,62,21,41,7,0,7,55,21,34
Medizinische Dienste,GE,EBA,0,0,0,0,0,0,0,0,0
Medizinische Dienste,GE,nReglementiert,0,0,0,0,0,0,0,0,0
Medizinische Dienste,JU,abt-total,8,0,8,1,0,1,7,0,7
Medizinische Dienste,JU,EFZ,8,0,8,1,0,1,7,0,7
Medizinische Dienste,JU,EBA,0,0,0,0,0,0,0,0,0
Medizinische Dienste,JU,nReglementiert,0,0,0,0,0,0,0,0,0
Krankenpflege,,abt-total,3242,259,2983,361,33,328,2881,226,2655
Krankenpflege,,EFZ,3242,259,2983,361,33,328,2881,226,2655
Krankenpflege,,EBA,0,0,0,0,0,0,0,0,0
Krankenpflege,,nReglementiert,0,0,0,0,0,0,0,0,0
Krankenpflege,ZH,abt-total,532,0,532,65,0,65,467,0,467
Krankenpflege,ZH,EFZ,532,0,532,65,0,65,467,0,467
Krankenpflege,ZH,EBA,0,0,0,0,0,0,0,0,0
Krankenpflege,ZH,nReglementiert,0,0,0,0,0,0,0,0,0
Krankenpflege,BE,abt-total,642,20,622,62,0,62,580,20,560
Krankenpflege,BE,EFZ,642,20,622,62,0,62,580,20,560
Krankenpflege,BE,EBA,0,0,0,0,0,0,0,0,0
Krankenpflege,BE,nReglementiert,0,0,0,0,0,0,0,0,0
Krankenpflege,LU,abt-total,210,0,210,15,0,15,195,0,195
Krankenpflege,LU,EFZ,210,0,210,15,0,15,195,0,195
Krankenpflege,LU,EBA,0,0,0,0,0,0,0,0,0
Krankenpflege,LU,nReglementiert,0,0,0,0,0,0,0,0,0
Krankenpflege,UR,abt-total,33,0,33,2,0,2,31,0,31
Krankenpflege,UR,EFZ,33,0,33,2,0,2,31,0,31
Krankenpflege,UR,EBA,0,0,0,0,0,0,0,0,0
Krankenpflege,UR,nReglementiert,0,0,0,0,0,0,0,0,0
Krankenpflege,SZ,abt-total,46,0,46,1,0,1,45,0,45
Krankenpflege,SZ,EFZ,46,0,46,1,0,1,45,0,45
Krankenpflege,SZ,EBA,0,0,0,0,0,0,0,0,0
Krankenpflege,SZ,nReglementiert,0,0,0,0,0,0,0,0,0
Krankenpflege,OW,abt-total,14,0,14,1,0,1,13,0,13
Krankenpflege,OW,EFZ,14,0,14,1,0,1,13,0,13
Krankenpflege,OW,EBA,0,0,0,0,0,0,0,0,0
Krankenpflege,OW,nReglementiert,0,0,0,0,0,0,0,0,0
Krankenpflege,NW,abt-total,17,0,17,2,0,2,15,0,15
Krankenpflege,NW,EFZ,17,0,17,2,0,2,15,0,15
Krankenpflege,NW,EBA,0,0,0,0,0,0,0,0,0
Krankenpflege,NW,nReglementiert,0,0,0,0,0,0,0,0,0
Krankenpflege,GL,abt-total,22,0,22,2,0,2,20,0,20
Krankenpflege,GL,EFZ,22,0,22,2,0,2,20,0,20
Krankenpflege,GL,EBA,0,0,0,0,0,0,0,0,0
Krankenpflege,GL,nReglementiert,0,0,0,0,0,0,0,0,0
Krankenpflege,ZG,abt-total,50,0,50,3,0,3,47,0,47
Krankenpflege,ZG,EFZ,50,0,50,3,0,3,47,0,47
Krankenpflege,ZG,EBA,0,0,0,0,0,0,0,0,0
Krankenpflege,ZG,nReglementiert,0,0,0,0,0,0,0,0,0
Krankenpflege,FR,abt-total,93,24,69,11,3,8,82,21,61
Krankenpflege,FR,EFZ,93,24,69,11,3,8,82,21,61
Krankenpflege,FR,EBA,0,0,0,0,0,0,0,0,0
Krankenpflege,FR,nReglementiert,0,0,0,0,0,0,0,0,0
Krankenpflege,SO,abt-total,78,0,78,6,0,6,72,0,72
Krankenpflege,SO,EFZ,78,0,78,6,0,6,72,0,72
Krankenpflege,SO,EBA,0,0,0,0,0,0,0,0,0
Krankenpflege,SO,nReglementiert,0,0,0,0,0,0,0,0,0
Krankenpflege,BS,abt-total,98,0,98,9,0,9,89,0,89
Krankenpflege,BS,EFZ,98,0,98,9,0,9,89,0,89
Krankenpflege,BS,EBA,0,0,0,0,0,0,0,0,0
Krankenpflege,BS,nReglementiert,0,0,0,0,0,0,0,0,0
Krankenpflege,BL,abt-total,94,0,94,14,0,14,80,0,80
Krankenpflege,BL,EFZ,94,0,94,14,0,14,80,0,80
Krankenpflege,BL,EBA,0,0,0,0,0,0,0,0,0
Krankenpflege,Bl,nReglementiert,0,0,0,0,0,0,0,0,0
Krankenpflege,SH,abt-total,44,0,44,1,0,1,43,0,43
Krankenpflege,SH,EFZ,44,0,44,1,0,1,43,0,43
Krankenpflege,SH,EBA,0,0,0,0,0,0,0,0,0
Krankenpflege,SH,nReglementiert,0,0,0,0,0,0,0,0,0
Krankenpflege,AR,abt-total,33,0,33,4,0,4,29,0,29
Krankenpflege,AR,EFZ,33,0,33,4,0,4,29,0,29
Krankenpflege,AR,EBA,0,0,0,0,0,0,0,0,0
Krankenpflege,AR,nReglementiert,0,0,0,0,0,0,0,0,0
Krankenpflege,AI,abt-total,5,0,5,0,0,0,5,0,5
Krankenpflege,AI,EFZ,5,0,5,0,0,0,5,0,5
Krankenpflege,AI,EBA,0,0,0,0,0,0,0,0,0
Krankenpflege,AI,nReglementiert,0,0,0,0,0,0,0,0,0
Krankenpflege,SG,abt-total,283,0,283,20,0,20,263,0,263
Krankenpflege,SG,EFZ,283,0,283,20,0,20,263,0,263
Krankenpflege,SG,EBA,0,0,0,0,0,0,0,0,0
Krankenpflege,SG,nReglementiert,0,0,0,0,0,0,0,0,0
Krankenpflege,GR,abt-total,97,0,97,13,0,13,84,0,84
Krankenpflege,GR,EFZ,97,0,97,13,0,13,84,0,84
Krankenpflege,GR,EBA,0,0,0,0,0,0,0,0,0
Krankenpflege,GR,nReglementiert,0,0,0,0,0,0,0,0,0
Krankenpflege,AG,abt-total,213,0,213,25,0,25,188,0,188
Krankenpflege,AG,EFZ,213,0,213,25,0,25,188,0,188
Krankenpflege,AG,EBA,0,0,0,0,0,0,0,0,0
Krankenpflege,AG,nReglementiert,0,0,0,0,0,0,0,0,0
Krankenpflege,TG,abt-total,131,0,131,9,0,9,122,0,122
Krankenpflege,TG,EFZ,131,0,131,9,0,9,122,0,122
Krankenpflege,TG,EBA,0,0,0,0,0,0,0,0,0
Krankenpflege,TG,nReglementiert,0,0,0,0,0,0,0,0,0
Krankenpflege,TI,abt-total,82,0,82,28,0,28,54,0,54
Krankenpflege,TI,EFZ,82,0,82,28,0,28,54,0,54
Krankenpflege,TI,EBA,0,0,0,0,0,0,0,0,0
Krankenpflege,TI,nReglementiert,0,0,0,0,0,0,0,0,0
Krankenpflege,VD,abt-total,144,80,64,26,15,11,118,65,53
Krankenpflege,VD,EFZ,144,80,64,26,15,11,118,65,53
Krankenpflege,VD,EBA,0,0,0,0,0,0,0,0,0
Krankenpflege,VD,nReglementiert,0,0,0,0,0,0,0,0,0
Krankenpflege,VS,abt-total,109,30,79,15,3,12,94,27,67
Krankenpflege,VS,EFZ,109,30,79,15,3,12,94,27,67
Krankenpflege,VS,EBA,0,0,0,0,0,0,0,0,0
Krankenpflege,VS,nReglementiert,0,0,0,0,0,0,0,0,0
Krankenpflege,NE,abt-total,88,47,41,15,5,10,73,42,31
Krankenpflege,NE,EFZ,88,47,41,15,5,10,73,42,31
Krankenpflege,NE,EBA,0,0,0,0,0,0,0,0,0
Krankenpflege,NE,nReglementiert,0,0,0,0,0,0,0,0,0
Krankenpflege,GE,abt-total,46,21,25,10,5,5,36,16,20
Krankenpflege,GE,EFZ,46,21,25,10,5,5,36,16,20
Krankenpflege,GE,EBA,0,0,0,0,0,0,0,0,0
Krankenpflege,GE,nReglementiert,0,0,0,0,0,0,0,0,0
Krankenpflege,JU,abt-total,38,37,1,2,2,0,36,35,1
Krankenpflege,JU,EFZ,38,37,1,2,2,0,36,35,1
Krankenpflege,JU,EBA,0,0,0,0,0,0,0,0,0
Krankenpflege,JU,nReglementiert,0,0,0,0,0,0,0,0,0
Zahnmedizin,,abt-total,1102,0,1102,52,0,52,1050,0,1050
Zahnmedizin,,EFZ,1102,0,1102,52,0,52,1050,0,1050
Zahnmedizin,,EBA,0,0,0,0,0,0,0,0,0
Zahnmedizin,,nReglementiert,0,0,0,0,0,0,0,0,0
Zahnmedizin,ZH,abt-total,244,0,244,10,0,10,234,0,234
Zahnmedizin,ZH,EFZ,244,0,244,10,0,10,234,0,234
Zahnmedizin,ZH,EBA,0,0,0,0,0,0,0,0,0
Zahnmedizin,ZH,nReglementiert,0,0,0,0,0,0,0,0,0
Zahnmedizin,BE,abt-total,135,0,135,9,0,9,126,0,126
Zahnmedizin,BE,EFZ,135,0,135,9,0,9,126,0,126
Zahnmedizin,BE,EBA,0,0,0,0,0,0,0,0,0
Zahnmedizin,BE,nReglementiert,0,0,0,0,0,0,0,0,0
Zahnmedizin,LU,abt-total,58,0,58,2,0,2,56,0,56
Zahnmedizin,LU,EFZ,58,0,58,2,0,2,56,0,56
Zahnmedizin,LU,EBA,0,0,0,0,0,0,0,0,0
Zahnmedizin,LU,nReglementiert,0,0,0,0,0,0,0,0,0
Zahnmedizin,UR,abt-total,4,0,4,0,0,0,4,0,4
Zahnmedizin,UR,EFZ,4,0,4,0,0,0,4,0,4
Zahnmedizin,UR,EBA,0,0,0,0,0,0,0,0,0
Zahnmedizin,UR,nReglementiert,0,0,0,0,0,0,0,0,0
Zahnmedizin,SZ,abt-total,22,0,22,0,0,0,22,0,22
Zahnmedizin,SZ,EFZ,22,0,22,0,0,0,22,0,22
Zahnmedizin,SZ,EBA,0,0,0,0,0,0,0,0,0
Zahnmedizin,SZ,nReglementiert,0,0,0,0,0,0,0,0,0
Zahnmedizin,OW,abt-total,2,0,2,0,0,0,2,0,2
Zahnmedizin,OW,EFZ,2,0,2,0,0,0,2,0,2
Zahnmedizin,OW,EBA,0,0,0,0,0,0,0,0,0
Zahnmedizin,OW,nReglementiert,0,0,0,0,0,0,0,0,0
Zahnmedizin,NW,abt-total,4,0,4,1,0,1,3,0,3
Zahnmedizin,NW,EFZ,4,0,4,1,0,1,3,0,3
Zahnmedizin,NW,EBA,0,0,0,0,0,0,0,0,0
Zahnmedizin,NW,nReglementiert,0,0,0,0,0,0,0,0,0
Zahnmedizin,GL,abt-total,8,0,8,1,0,1,7,0,7
Zahnmedizin,GL,EFZ,8,0,8,1,0,1,7,0,7
Zahnmedizin,GL,EBA,0,0,0,0,0,0,0,0,0
Zahnmedizin,GL,nReglementiert,0,0,0,0,0,0,0,0,0
Zahnmedizin,ZG,abt-total,21,0,21,1,0,1,20,0,20
Zahnmedizin,ZG,EFZ,21,0,21,1,0,1,20,0,20
Zahnmedizin,ZG,EBA,0,0,0,0,0,0,0,0,0
Zahnmedizin,ZG,nReglementiert,0,0,0,0,0,0,0,0,0
Zahnmedizin,FR,abt-total,24,0,24,3,0,3,21,0,21
Zahnmedizin,FR,EFZ,24,0,24,3,0,3,21,0,21
Zahnmedizin,FR,EBA,0,0,0,0,0,0,0,0,0
Zahnmedizin,FR,nReglementiert,0,0,0,0,0,0,0,0,0
Zahnmedizin,SO,abt-total,22,0,22,0,0,0,22,0,22
Zahnmedizin,SO,EFZ,22,0,22,0,0,0,22,0,22
Zahnmedizin,SO,EBA,0,0,0,0,0,0,0,0,0
Zahnmedizin,SO,nReglementiert,0,0,0,0,0,0,0,0,0
Zahnmedizin,BS,abt-total,44,0,44,1,0,1,43,0,43
Zahnmedizin,BS,EFZ,44,0,44,1,0,1,43,0,43
Zahnmedizin,BS,EBA,0,0,0,0,0,0,0,0,0
Zahnmedizin,BS,nReglementiert,0,0,0,0,0,0,0,0,0
Zahnmedizin,BL,abt-total,33,0,33,3,0,3,30,0,30
Zahnmedizin,BL,EFZ,33,0,33,3,0,3,30,0,30
Zahnmedizin,BL,EBA,0,0,0,0,0,0,0,0,0
Zahnmedizin,Bl,nReglementiert,0,0,0,0,0,0,0,0,0
Zahnmedizin,SH,abt-total,15,0,15,0,0,0,15,0,15
Zahnmedizin,SH,EFZ,15,0,15,0,0,0,15,0,15
Zahnmedizin,SH,EBA,0,0,0,0,0,0,0,0,0
Zahnmedizin,SH,nReglementiert,0,0,0,0,0,0,0,0,0
Zahnmedizin,AR,abt-total,18,0,18,0,0,0,18,0,18
Zahnmedizin,AR,EFZ,18,0,18,0,0,0,18,0,18
Zahnmedizin,AR,EBA,0,0,0,0,0,0,0,0,0
Zahnmedizin,AR,nReglementiert,0,0,0,0,0,0,0,0,0
Zahnmedizin,AI,abt-total,2,0,2,0,0,0,2,0,2
Zahnmedizin,AI,EFZ,2,0,2,0,0,0,2,0,2
Zahnmedizin,AI,EBA,0,0,0,0,0,0,0,0,0
Zahnmedizin,AI,nReglementiert,0,0,0,0,0,0,0,0,0
Zahnmedizin,SG,abt-total,78,0,78,4,0,4,74,0,74
Zahnmedizin,SG,EFZ,78,0,78,4,0,4,74,0,74
Zahnmedizin,SG,EBA,0,0,0,0,0,0,0,0,0
Zahnmedizin,SG,nReglementiert,0,0,0,0,0,0,0,0,0
Zahnmedizin,GR,abt-total,29,0,29,1,0,1,28,0,28
Zahnmedizin,GR,EFZ,29,0,29,1,0,1,28,0,28
Zahnmedizin,GR,EBA,0,0,0,0,0,0,0,0,0
Zahnmedizin,GR,nReglementiert,0,0,0,0,0,0,0,0,0
Zahnmedizin,AG,abt-total,66,0,66,3,0,3,63,0,63
Zahnmedizin,AG,EFZ,66,0,66,3,0,3,63,0,63
Zahnmedizin,AG,EBA,0,0,0,0,0,0,0,0,0
Zahnmedizin,AG,nReglementiert,0,0,0,0,0,0,0,0,0
Zahnmedizin,TG,abt-total,30,0,30,1,0,1,29,0,29
Zahnmedizin,TG,EFZ,30,0,30,1,0,1,29,0,29
Zahnmedizin,TG,EBA,0,0,0,0,0,0,0,0,0
Zahnmedizin,TG,nReglementiert,0,0,0,0,0,0,0,0,0
Zahnmedizin,TI,abt-total,37,0,37,1,0,1,36,0,36
Zahnmedizin,TI,EFZ,37,0,37,1,0,1,36,0,36
Zahnmedizin,TI,EBA,0,0,0,0,0,0,0,0,0
Zahnmedizin,TI,nReglementiert,0,0,0,0,0,0,0,0,0
Zahnmedizin,VD,abt-total,81,0,81,5,0,5,76,0,76
Zahnmedizin,VD,EFZ,81,0,81,5,0,5,76,0,76
Zahnmedizin,VD,EBA,0,0,0,0,0,0,0,0,0
Zahnmedizin,VD,nReglementiert,0,0,0,0,0,0,0,0,0
Zahnmedizin,VS,abt-total,40,0,40,1,0,1,39,0,39
Zahnmedizin,VS,EFZ,40,0,40,1,0,1,39,0,39
Zahnmedizin,VS,EBA,0,0,0,0,0,0,0,0,0
Zahnmedizin,VS,nReglementiert,0,0,0,0,0,0,0,0,0
Zahnmedizin,NE,abt-total,32,0,32,1,0,1,31,0,31
Zahnmedizin,NE,EFZ,32,0,32,1,0,1,31,0,31
Zahnmedizin,NE,EBA,0,0,0,0,0,0,0,0,0
Zahnmedizin,NE,nReglementiert,0,0,0,0,0,0,0,0,0
Zahnmedizin,GE,abt-total,49,0,49,4,0,4,45,0,45
Zahnmedizin,GE,EFZ,49,0,49,4,0,4,45,0,45
Zahnmedizin,GE,EBA,0,0,0,0,0,0,0,0,0
Zahnmedizin,GE,nReglementiert,0,0,0,0,0,0,0,0,0
Zahnmedizin,JU,abt-total,4,0,4,0,0,0,4,0,4
Zahnmedizin,JU,EFZ,4,0,4,0,0,0,4,0,4
Zahnmedizin,JU,EBA,0,0,0,0,0,0,0,0,0
Zahnmedizin,JU,nReglementiert,0,0,0,0,0,0,0,0,0
Sozialarbeit und Beratung,,abt-total,2475,197,2278,369,38,331,2106,159,1947
Sozialarbeit und Beratung,,EFZ,2475,197,2278,369,38,331,2106,159,1947
Sozialarbeit und Beratung,,EBA,0,0,0,0,0,0,0,0,0
Sozialarbeit und Beratung,,nReglementiert,0,0,0,0,0,0,0,0,0
Sozialarbeit und Beratung,ZH,abt-total,626,0,626,55,0,55,571,0,571
Sozialarbeit und Beratung,ZH,EFZ,626,0,626,55,0,55,571,0,571
Sozialarbeit und Beratung,ZH,EBA,0,0,0,0,0,0,0,0,0
Sozialarbeit und Beratung,ZH,nReglementiert,0,0,0,0,0,0,0,0,0
Sozialarbeit und Beratung,BE,abt-total,279,30,249,45,5,40,234,25,209
Sozialarbeit und Beratung,BE,EFZ,279,30,249,45,5,40,234,25,209
Sozialarbeit und Beratung,BE,EBA,0,0,0,0,0,0,0,0,0
Sozialarbeit und Beratung,BE,nReglementiert,0,0,0,0,0,0,0,0,0
Sozialarbeit und Beratung,LU,abt-total,100,0,100,15,0,15,85,0,85
Sozialarbeit und Beratung,LU,EFZ,100,0,100,15,0,15,85,0,85
Sozialarbeit und Beratung,LU,EBA,0,0,0,0,0,0,0,0,0
Sozialarbeit und Beratung,LU,nReglementiert,0,0,0,0,0,0,0,0,0
Sozialarbeit und Beratung,UR,abt-total,9,0,9,1,0,1,8,0,8
Sozialarbeit und Beratung,UR,EFZ,9,0,9,1,0,1,8,0,8
Sozialarbeit und Beratung,UR,EBA,0,0,0,0,0,0,0,0,0
Sozialarbeit und Beratung,UR,nReglementiert,0,0,0,0,0,0,0,0,0
Sozialarbeit und Beratung,SZ,abt-total,27,0,27,3,0,3,24,0,24
Sozialarbeit und Beratung,SZ,EFZ,27,0,27,3,0,3,24,0,24
Sozialarbeit und Beratung,SZ,EBA,0,0,0,0,0,0,0,0,0
Sozialarbeit und Beratung,SZ,nReglementiert,0,0,0,0,0,0,0,0,0
Sozialarbeit und Beratung,OW,abt-total,7,0,7,1,0,1,6,0,6
Sozialarbeit und Beratung,OW,EFZ,7,0,7,1,0,1,6,0,6
Sozialarbeit und Beratung,OW,EBA,0,0,0,0,0,0,0,0,0
Sozialarbeit und Beratung,OW,nReglementiert,0,0,0,0,0,0,0,0,0
Sozialarbeit und Beratung,NW,abt-total,11,0,11,1,0,1,10,0,10
Sozialarbeit und Beratung,NW,EFZ,11,0,11,1,0,1,10,0,10
Sozialarbeit und Beratung,NW,EBA,0,0,0,0,0,0,0,0,0
Sozialarbeit und Beratung,NW,nReglementiert,0,0,0,0,0,0,0,0,0
Sozialarbeit und Beratung,GL,abt-total,5,0,5,0,0,0,5,0,5
Sozialarbeit und Beratung,GL,EFZ,5,0,5,0,0,0,5,0,5
Sozialarbeit und Beratung,GL,EBA,0,0,0,0,0,0,0,0,0
Sozialarbeit und Beratung,GL,nReglementiert,0,0,0,0,0,0,0,0,0
Sozialarbeit und Beratung,ZG,abt-total,32,0,32,3,0,3,29,0,29
Sozialarbeit und Beratung,ZG,EFZ,32,0,32,3,0,3,29,0,29
Sozialarbeit und Beratung,ZG,EBA,0,0,0,0,0,0,0,0,0
Sozialarbeit und Beratung,ZG,nReglementiert,0,0,0,0,0,0,0,0,0
Sozialarbeit und Beratung,FR,abt-total,62,0,62,11,0,11,51,0,51
Sozialarbeit und Beratung,FR,EFZ,62,0,62,11,0,11,51,0,51
Sozialarbeit und Beratung,FR,EBA,0,0,0,0,0,0,0,0,0
Sozialarbeit und Beratung,FR,nReglementiert,0,0,0,0,0,0,0,0,0
Sozialarbeit und Beratung,SO,abt-total,48,0,48,2,0,2,46,0,46
Sozialarbeit und Beratung,SO,EFZ,48,0,48,2,0,2,46,0,46
Sozialarbeit und Beratung,SO,EBA,0,0,0,0,0,0,0,0,0
Sozialarbeit und Beratung,SO,nReglementiert,0,0,0,0,0,0,0,0,0
Sozialarbeit und Beratung,BS,abt-total,118,0,118,20,0,20,98,0,98
Sozialarbeit und Beratung,BS,EFZ,118,0,118,20,0,20,98,0,98
Sozialarbeit und Beratung,BS,EBA,0,0,0,0,0,0,0,0,0
Sozialarbeit und Beratung,BS,nReglementiert,0,0,0,0,0,0,0,0,0
Sozialarbeit und Beratung,BL,abt-total,62,0,62,19,0,19,43,0,43
Sozialarbeit und Beratung,BL,EFZ,62,0,62,19,0,19,43,0,43
Sozialarbeit und Beratung,BL,EBA,0,0,0,0,0,0,0,0,0
Sozialarbeit und Beratung,Bl,nReglementiert,0,0,0,0,0,0,0,0,0
Sozialarbeit und Beratung,SH,abt-total,34,0,34,5,0,5,29,0,29
Sozialarbeit und Beratung,SH,EFZ,34,0,34,5,0,5,29,0,29
Sozialarbeit und Beratung,SH,EBA,0,0,0,0,0,0,0,0,0
Sozialarbeit und Beratung,SH,nReglementiert,0,0,0,0,0,0,0,0,0
Sozialarbeit und Beratung,AR,abt-total,29,0,29,8,0,8,21,0,21
Sozialarbeit und Beratung,AR,EFZ,29,0,29,8,0,8,21,0,21
Sozialarbeit und Beratung,AR,EBA,0,0,0,0,0,0,0,0,0
Sozialarbeit und Beratung,AR,nReglementiert,0,0,0,0,0,0,0,0,0
Sozialarbeit und Beratung,AI,abt-total,3,0,3,0,0,0,3,0,3
Sozialarbeit und Beratung,AI,EFZ,3,0,3,0,0,0,3,0,3
Sozialarbeit und Beratung,AI,EBA,0,0,0,0,0,0,0,0,0
Sozialarbeit und Beratung,AI,nReglementiert,0,0,0,0,0,0,0,0,0
Sozialarbeit und Beratung,SG,abt-total,164,0,164,24,0,24,140,0,140
Sozialarbeit und Beratung,SG,EFZ,164,0,164,24,0,24,140,0,140
Sozialarbeit und Beratung,SG,EBA,0,0,0,0,0,0,0,0,0
Sozialarbeit und Beratung,SG,nReglementiert,0,0,0,0,0,0,0,0,0
Sozialarbeit und Beratung,GR,abt-total,32,0,32,6,0,6,26,0,26
Sozialarbeit und Beratung,GR,EFZ,32,0,32,6,0,6,26,0,26
Sozialarbeit und Beratung,GR,EBA,0,0,0,0,0,0,0,0,0
Sozialarbeit und Beratung,GR,nReglementiert,0,0,0,0,0,0,0,0,0
Sozialarbeit und Beratung,AG,abt-total,153,0,153,19,0,19,134,0,134
Sozialarbeit und Beratung,AG,EFZ,153,0,153,19,0,19,134,0,134
Sozialarbeit und Beratung,AG,EBA,0,0,0,0,0,0,0,0,0
Sozialarbeit und Beratung,AG,nReglementiert,0,0,0,0,0,0,0,0,0
Sozialarbeit und Beratung,TG,abt-total,70,0,70,5,0,5,65,0,65
Sozialarbeit und Beratung,TG,EFZ,70,0,70,5,0,5,65,0,65
Sozialarbeit und Beratung,TG,EBA,0,0,0,0,0,0,0,0,0
Sozialarbeit und Beratung,TG,nReglementiert,0,0,0,0,0,0,0,0,0
Sozialarbeit und Beratung,TI,abt-total,36,0,36,10,0,10,26,0,26
Sozialarbeit und Beratung,TI,EFZ,36,0,36,10,0,10,26,0,26
Sozialarbeit und Beratung,TI,EBA,0,0,0,0,0,0,0,0,0
Sozialarbeit und Beratung,TI,nReglementiert,0,0,0,0,0,0,0,0,0
Sozialarbeit und Beratung,VD,abt-total,203,2,201,34,0,34,169,2,167
Sozialarbeit und Beratung,VD,EFZ,203,2,201,34,0,34,169,2,167
Sozialarbeit und Beratung,VD,EBA,0,0,0,0,0,0,0,0,0
Sozialarbeit und Beratung,VD,nReglementiert,0,0,0,0,0,0,0,0,0
Sozialarbeit und Beratung,VS,abt-total,93,34,59,12,5,7,81,29,52
Sozialarbeit und Beratung,VS,EFZ,93,34,59,12,5,7,81,29,52
Sozialarbeit und Beratung,VS,EBA,0,0,0,0,0,0,0,0,0
Sozialarbeit und Beratung,VS,nReglementiert,0,0,0,0,0,0,0,0,0
Sozialarbeit und Beratung,NE,abt-total,126,66,60,26,10,16,100,56,44
Sozialarbeit und Beratung,NE,EFZ,126,66,60,26,10,16,100,56,44
Sozialarbeit und Beratung,NE,EBA,0,0,0,0,0,0,0,0,0
Sozialarbeit und Beratung,NE,nReglementiert,0,0,0,0,0,0,0,0,0
Sozialarbeit und Beratung,GE,abt-total,107,27,80,31,6,25,76,21,55
Sozialarbeit und Beratung,GE,EFZ,107,27,80,31,6,25,76,21,55
Sozialarbeit und Beratung,GE,EBA,0,0,0,0,0,0,0,0,0
Sozialarbeit und Beratung,GE,nReglementiert,0,0,0,0,0,0,0,0,0
Sozialarbeit und Beratung,JU,abt-total,39,38,1,13,12,1,26,26,0
Sozialarbeit und Beratung,JU,EFZ,39,38,1,13,12,1,26,26,0
Sozialarbeit und Beratung,JU,EBA,0,0,0,0,0,0,0,0,0
Sozialarbeit und Beratung,JU,nReglementiert,0,0,0,0,0,0,0,0,0
Gesundheits- und Sozialwesen o.n.A.,,abt-total,248,0,248,33,0,33,215,0,215
Gesundheits- und Sozialwesen o.n.A.,,EFZ,0,0,0,0,0,0,0,0,0
Gesundheits- und Sozialwesen o.n.A.,,EBA,248,0,248,33,0,33,215,0,215
Gesundheits- und Sozialwesen o.n.A.,,nReglementiert,0,0,0,0,0,0,0,0,0
Gesundheits- und Sozialwesen o.n.A.,ZH,abt-total,58,0,58,8,0,8,50,0,50
Gesundheits- und Sozialwesen o.n.A.,ZH,EFZ,0,0,0,0,0,0,0,0,0
Gesundheits- und Sozialwesen o.n.A.,ZH,EBA,58,0,58,8,0,8,50,0,50
Gesundheits- und Sozialwesen o.n.A.,ZH,nReglementiert,0,0,0,0,0,0,0,0,0
Gesundheits- und Sozialwesen o.n.A.,BE,abt-total,56,0,56,7,0,7,49,0,49
Gesundheits- und Sozialwesen o.n.A.,BE,EFZ,0,0,0,0,0,0,0,0,0
Gesundheits- und Sozialwesen o.n.A.,BE,EBA,56,0,56,7,0,7,49,0,49
Gesundheits- und Sozialwesen o.n.A.,BE,nReglementiert,0,0,0,0,0,0,0,0,0
Gesundheits- und Sozialwesen o.n.A.,LU,abt-total,38,0,38,1,0,1,37,0,37
Gesundheits- und Sozialwesen o.n.A.,LU,EFZ,0,0,0,0,0,0,0,0,0
Gesundheits- und Sozialwesen o.n.A.,LU,EBA,38,0,38,1,0,1,37,0,37
Gesundheits- und Sozialwesen o.n.A.,LU,nReglementiert,0,0,0,0,0,0,0,0,0
Gesundheits- und Sozialwesen o.n.A.,UR,abt-total,3,0,3,1,0,1,2,0,2
Gesundheits- und Sozialwesen o.n.A.,UR,EFZ,0,0,0,0,0,0,0,0,0
Gesundheits- und Sozialwesen o.n.A.,UR,EBA,3,0,3,1,0,1,2,0,2
Gesundheits- und Sozialwesen o.n.A.,UR,nReglementiert,0,0,0,0,0,0,0,0,0
Gesundheits- und Sozialwesen o.n.A.,SZ,abt-total,2,0,2,1,0,1,1,0,1
Gesundheits- und Sozialwesen o.n.A.,SZ,EFZ,0,0,0,0,0,0,0,0,0
Gesundheits- und Sozialwesen o.n.A.,SZ,EBA,2,0,2,1,0,1,1,0,1
Gesundheits- und Sozialwesen o.n.A.,SZ,nReglementiert,0,0,0,0,0,0,0,0,0
Gesundheits- und Sozialwesen o.n.A.,OW,abt-total,4,0,4,0,0,0,4,0,4
Gesundheits- und Sozialwesen o.n.A.,OW,EFZ,0,0,0,0,0,0,0,0,0
Gesundheits- und Sozialwesen o.n.A.,OW,EBA,4,0,4,0,0,0,4,0,4
Gesundheits- und Sozialwesen o.n.A.,OW,nReglementiert,0,0,0,0,0,0,0,0,0
Gesundheits- und Sozialwesen o.n.A.,NW,abt-total,2,0,2,1,0,1,1,0,1
Gesundheits- und Sozialwesen o.n.A.,NW,EFZ,0,0,0,0,0,0,0,0,0
Gesundheits- und Sozialwesen o.n.A.,NW,EBA,2,0,2,1,0,1,1,0,1
Gesundheits- und Sozialwesen o.n.A.,NW,nReglementiert,0,0,0,0,0,0,0,0,0
Gesundheits- und Sozialwesen o.n.A.,GL,abt-total,0,0,0,0,0,0,0,0,0
Gesundheits- und Sozialwesen o.n.A.,GL,EFZ,0,0,0,0,0,0,0,0,0
Gesundheits- und Sozialwesen o.n.A.,GL,EBA,0,0,0,0,0,0,0,0,0
Gesundheits- und Sozialwesen o.n.A.,GL,nReglementiert,0,0,0,0,0,0,0,0,0
Gesundheits- und Sozialwesen o.n.A.,ZG,abt-total,3,0,3,0,0,0,3,0,3
Gesundheits- und Sozialwesen o.n.A.,ZG,EFZ,0,0,0,0,0,0,0,0,0
Gesundheits- und Sozialwesen o.n.A.,ZG,EBA,3,0,3,0,0,0,3,0,3
Gesundheits- und Sozialwesen o.n.A.,ZG,nReglementiert,0,0,0,0,0,0,0,0,0
Gesundheits- und Sozialwesen o.n.A.,FR,abt-total,0,0,0,0,0,0,0,0,0
Gesundheits- und Sozialwesen o.n.A.,FR,EFZ,0,0,0,0,0,0,0,0,0
Gesundheits- und Sozialwesen o.n.A.,FR,EBA,0,0,0,0,0,0,0,0,0
Gesundheits- und Sozialwesen o.n.A.,FR,nReglementiert,0,0,0,0,0,0,0,0,0
Gesundheits- und Sozialwesen o.n.A.,SO,abt-total,0,0,0,0,0,0,0,0,0
Gesundheits- und Sozialwesen o.n.A.,SO,EFZ,0,0,0,0,0,0,0,0,0
Gesundheits- und Sozialwesen o.n.A.,SO,EBA,0,0,0,0,0,0,0,0,0
Gesundheits- und Sozialwesen o.n.A.,SO,nReglementiert,0,0,0,0,0,0,0,0,0
Gesundheits- und Sozialwesen o.n.A.,BS,abt-total,23,0,23,4,0,4,19,0,19
Gesundheits- und Sozialwesen o.n.A.,BS,EFZ,0,0,0,0,0,0,0,0,0
Gesundheits- und Sozialwesen o.n.A.,BS,EBA,23,0,23,4,0,4,19,0,19
Gesundheits- und Sozialwesen o.n.A.,BS,nReglementiert,0,0,0,0,0,0,0,0,0
Gesundheits- und Sozialwesen o.n.A.,BL,abt-total,17,0,17,3,0,3,14,0,14
Gesundheits- und Sozialwesen o.n.A.,BL,EFZ,0,0,0,0,0,0,0,0,0
Gesundheits- und Sozialwesen o.n.A.,BL,EBA,17,0,17,3,0,3,14,0,14
Gesundheits- und Sozialwesen o.n.A.,Bl,nReglementiert,0,0,0,0,0,0,0,0,0
Gesundheits- und Sozialwesen o.n.A.,SH,abt-total,18,0,18,3,0,3,15,0,15
Gesundheits- und Sozialwesen o.n.A.,SH,EFZ,0,0,0,0,0,0,0,0,0
Gesundheits- und Sozialwesen o.n.A.,SH,EBA,18,0,18,3,0,3,15,0,15
Gesundheits- und Sozialwesen o.n.A.,SH,nReglementiert,0,0,0,0,0,0,0,0,0
Gesundheits- und Sozialwesen o.n.A.,AR,abt-total,0,0,0,0,0,0,0,0,0
Gesundheits- und Sozialwesen o.n.A.,AR,EFZ,0,0,0,0,0,0,0,0,0
Gesundheits- und Sozialwesen o.n.A.,AR,EBA,0,0,0,0,0,0,0,0,0
Gesundheits- und Sozialwesen o.n.A.,AR,nReglementiert,0,0,0,0,0,0,0,0,0
Gesundheits- und Sozialwesen o.n.A.,AI,abt-total,0,0,0,0,0,0,0,0,0
Gesundheits- und Sozialwesen o.n.A.,AI,EFZ,0,0,0,0,0,0,0,0,0
Gesundheits- und Sozialwesen o.n.A.,AI,EBA,0,0,0,0,0,0,0,0,0
Gesundheits- und Sozialwesen o.n.A.,AI,nReglementiert,0,0,0,0,0,0,0,0,0
Gesundheits- und Sozialwesen o.n.A.,SG,abt-total,0,0,0,0,0,0,0,0,0
Gesundheits- und Sozialwesen o.n.A.,SG,EFZ,0,0,0,0,0,0,0,0,0
Gesundheits- und Sozialwesen o.n.A.,SG,EBA,0,0,0,0,0,0,0,0,0
Gesundheits- und Sozialwesen o.n.A.,SG,nReglementiert,0,0,0,0,0,0,0,0,0
Gesundheits- und Sozialwesen o.n.A.,GR,abt-total,2,0,2,0,0,0,2,0,2
Gesundheits- und Sozialwesen o.n.A.,GR,EFZ,0,0,0,0,0,0,0,0,0
Gesundheits- und Sozialwesen o.n.A.,GR,EBA,2,0,2,0,0,0,2,0,2
Gesundheits- und Sozialwesen o.n.A.,GR,nReglementiert,0,0,0,0,0,0,0,0,0
Gesundheits- und Sozialwesen o.n.A.,AG,abt-total,0,0,0,0,0,0,0,0,0
Gesundheits- und Sozialwesen o.n.A.,AG,EFZ,0,0,0,0,0,0,0,0,0
Gesundheits- und Sozialwesen o.n.A.,AG,EBA,0,0,0,0,0,0,0,0,0
Gesundheits- und Sozialwesen o.n.A.,AG,nReglementiert,0,0,0,0,0,0,0,0,0
Gesundheits- und Sozialwesen o.n.A.,TG,abt-total,0,0,0,0,0,0,0,0,0
Gesundheits- und Sozialwesen o.n.A.,TG,EFZ,0,0,0,0,0,0,0,0,0
Gesundheits- und Sozialwesen o.n.A.,TG,EBA,0,0,0,0,0,0,0,0,0
Gesundheits- und Sozialwesen o.n.A.,TG,nReglementiert,0,0,0,0,0,0,0,0,0
Gesundheits- und Sozialwesen o.n.A.,TI,abt-total,0,0,0,0,0,0,0,0,0
Gesundheits- und Sozialwesen o.n.A.,TI,EFZ,0,0,0,0,0,0,0,0,0
Gesundheits- und Sozialwesen o.n.A.,TI,EBA,0,0,0,0,0,0,0,0,0
Gesundheits- und Sozialwesen o.n.A.,TI,nReglementiert,0,0,0,0,0,0,0,0,0
Gesundheits- und Sozialwesen o.n.A.,VD,abt-total,0,0,0,0,0,0,0,0,0
Gesundheits- und Sozialwesen o.n.A.,VD,EFZ,0,0,0,0,0,0,0,0,0
Gesundheits- und Sozialwesen o.n.A.,VD,EBA,0,0,0,0,0,0,0,0,0
Gesundheits- und Sozialwesen o.n.A.,VD,nReglementiert,0,0,0,0,0,0,0,0,0
Gesundheits- und Sozialwesen o.n.A.,VS,abt-total,2,0,2,0,0,0,2,0,2
Gesundheits- und Sozialwesen o.n.A.,VS,EFZ,0,0,0,0,0,0,0,0,0
Gesundheits- und Sozialwesen o.n.A.,VS,EBA,2,0,2,0,0,0,2,0,2
Gesundheits- und Sozialwesen o.n.A.,VS,nReglementiert,0,0,0,0,0,0,0,0,0
Gesundheits- und Sozialwesen o.n.A.,NE,abt-total,13,0,13,2,0,2,11,0,11
Gesundheits- und Sozialwesen o.n.A.,NE,EFZ,0,0,0,0,0,0,0,0,0
Gesundheits- und Sozialwesen o.n.A.,NE,EBA,13,0,13,2,0,2,11,0,11
Gesundheits- und Sozialwesen o.n.A.,NE,nReglementiert,0,0,0,0,0,0,0,0,0
Gesundheits- und Sozialwesen o.n.A.,GE,abt-total,0,0,0,0,0,0,0,0,0
Gesundheits- und Sozialwesen o.n.A.,GE,EFZ,0,0,0,0,0,0,0,0,0
Gesundheits- und Sozialwesen o.n.A.,GE,EBA,0,0,0,0,0,0,0,0,0
Gesundheits- und Sozialwesen o.n.A.,GE,nReglementiert,0,0,0,0,0,0,0,0,0
Gesundheits- und Sozialwesen o.n.A.,JU,abt-total,7,0,7,2,0,2,5,0,5
Gesundheits- und Sozialwesen o.n.A.,JU,EFZ,0,0,0,0,0,0,0,0,0
Gesundheits- und Sozialwesen o.n.A.,JU,EBA,7,0,7,2,0,2,5,0,5
Gesundheits- und Sozialwesen o.n.A.,JU,nReglementiert,0,0,0,0,0,0,0,0,0
Gastgewerbe und Catering,,abt-total,3650,9,3641,1751,2,1749,1899,7,1892
Gastgewerbe und Catering,,EFZ,3105,2,3103,1469,2,1467,1636,0,1636
Gastgewerbe und Catering,,EBA,545,7,538,282,0,282,263,7,256
Gastgewerbe und Catering,,nReglementiert,0,0,0,0,0,0,0,0,0
Gastgewerbe und Catering,ZH,abt-total,628,2,626,322,2,320,306,0,306
Gastgewerbe und Catering,ZH,EFZ,548,2,546,272,2,270,276,0,276
Gastgewerbe und Catering,ZH,EBA,80,0,80,50,0,50,30,0,30
Gastgewerbe und Catering,ZH,nReglementiert,0,0,0,0,0,0,0,0,0
Gastgewerbe und Catering,BE,abt-total,579,0,579,251,0,251,328,0,328
Gastgewerbe und Catering,BE,EFZ,509,0,509,220,0,220,289,0,289
Gastgewerbe und Catering,BE,EBA,70,0,70,31,0,31,39,0,39
Gastgewerbe und Catering,BE,nReglementiert,0,0,0,0,0,0,0,0,0
Gastgewerbe und Catering,LU,abt-total,216,0,216,93,0,93,123,0,123
Gastgewerbe und Catering,LU,EFZ,188,0,188,82,0,82,106,0,106
Gastgewerbe und Catering,LU,EBA,28,0,28,11,0,11,17,0,17
Gastgewerbe und Catering,LU,nReglementiert,0,0,0,0,0,0,0,0,0
Gastgewerbe und Catering,UR,abt-total,12,0,12,4,0,4,8,0,8
Gastgewerbe und Catering,UR,EFZ,12,0,12,4,0,4,8,0,8
Gastgewerbe und Catering,UR,EBA,0,0,0,0,0,0,0,0,0
Gastgewerbe und Catering,UR,nReglementiert,0,0,0,0,0,0,0,0,0
Gastgewerbe und Catering,SZ,abt-total,70,0,70,27,0,27,43,0,43
Gastgewerbe und Catering,SZ,EFZ,64,0,64,24,0,24,40,0,40
Gastgewerbe und Catering,SZ,EBA,6,0,6,3,0,3,3,0,3
Gastgewerbe und Catering,SZ,nReglementiert,0,0,0,0,0,0,0,0,0
Gastgewerbe und Catering,OW,abt-total,29,0,29,6,0,6,23,0,23
Gastgewerbe und Catering,OW,EFZ,22,0,22,5,0,5,17,0,17
Gastgewerbe und Catering,OW,EBA,7,0,7,1,0,1,6,0,6
Gastgewerbe und Catering,OW,nReglementiert,0,0,0,0,0,0,0,0,0
Gastgewerbe und Catering,NW,abt-total,24,0,24,9,0,9,15,0,15
Gastgewerbe und Catering,NW,EFZ,22,0,22,9,0,9,13,0,13
Gastgewerbe und Catering,NW,EBA,2,0,2,0,0,0,2,0,2
Gastgewerbe und Catering,NW,nReglementiert,0,0,0,0,0,0,0,0,0
Gastgewerbe und Catering,GL,abt-total,22,0,22,7,0,7,15,0,15
Gastgewerbe und Catering,GL,EFZ,18,0,18,6,0,6,12,0,12
Gastgewerbe und Catering,GL,EBA,4,0,4,1,0,1,3,0,3
Gastgewerbe und Catering,GL,nReglementiert,0,0,0,0,0,0,0,0,0
Gastgewerbe und Catering,ZG,abt-total,68,0,68,33,0,33,35,0,35
Gastgewerbe und Catering,ZG,EFZ,62,0,62,30,0,30,32,0,32
Gastgewerbe und Catering,ZG,EBA,6,0,6,3,0,3,3,0,3
Gastgewerbe und Catering,ZG,nReglementiert,0,0,0,0,0,0,0,0,0
Gastgewerbe und Catering,FR,abt-total,120,6,114,53,0,53,67,6,61
Gastgewerbe und Catering,FR,EFZ,96,0,96,45,0,45,51,0,51
Gastgewerbe und Catering,FR,EBA,24,6,18,8,0,8,16,6,10
Gastgewerbe und Catering,FR,nReglementiert,0,0,0,0,0,0,0,0,0
Gastgewerbe und Catering,SO,abt-total,143,0,143,59,0,59,84,0,84
Gastgewerbe und Catering,SO,EFZ,114,0,114,51,0,51,63,0,63
Gastgewerbe und Catering,SO,EBA,29,0,29,8,0,8,21,0,21
Gastgewerbe und Catering,SO,nReglementiert,0,0,0,0,0,0,0,0,0
Gastgewerbe und Catering,BS,abt-total,102,1,101,51,0,51,51,1,50
Gastgewerbe und Catering,BS,EFZ,69,0,69,34,0,34,35,0,35
Gastgewerbe und Catering,BS,EBA,33,1,32,17,0,17,16,1,15
Gastgewerbe und Catering,BS,nReglementiert,0,0,0,0,0,0,0,0,0
Gastgewerbe und Catering,BL,abt-total,86,0,86,50,0,50,36,0,36
Gastgewerbe und Catering,BL,EFZ,67,0,67,39,0,39,28,0,28
Gastgewerbe und Catering,BL,EBA,19,0,19,11,0,11,8,0,8
Gastgewerbe und Catering,Bl,nReglementiert,0,0,0,0,0,0,0,0,0
Gastgewerbe und Catering,SH,abt-total,54,0,54,25,0,25,29,0,29
Gastgewerbe und Catering,SH,EFZ,46,0,46,21,0,21,25,0,25
Gastgewerbe und Catering,SH,EBA,8,0,8,4,0,4,4,0,4
Gastgewerbe und Catering,SH,nReglementiert,0,0,0,0,0,0,0,0,0
Gastgewerbe und Catering,AR,abt-total,38,0,38,13,0,13,25,0,25
Gastgewerbe und Catering,AR,EFZ,32,0,32,10,0,10,22,0,22
Gastgewerbe und Catering,AR,EBA,6,0,6,3,0,3,3,0,3
Gastgewerbe und Catering,AR,nReglementiert,0,0,0,0,0,0,0,0,0
Gastgewerbe und Catering,AI,abt-total,13,0,13,5,0,5,8,0,8
Gastgewerbe und Catering,AI,EFZ,13,0,13,5,0,5,8,0,8
Gastgewerbe und Catering,AI,EBA,0,0,0,0,0,0,0,0,0
Gastgewerbe und Catering,AI,nReglementiert,0,0,0,0,0,0,0,0,0
Gastgewerbe und Catering,SG,abt-total,211,0,211,94,0,94,117,0,117
Gastgewerbe und Catering,SG,EFZ,184,0,184,77,0,77,107,0,107
Gastgewerbe und Catering,SG,EBA,27,0,27,17,0,17,10,0,10
Gastgewerbe und Catering,SG,nReglementiert,0,0,0,0,0,0,0,0,0
Gastgewerbe und Catering,GR,abt-total,173,0,173,69,0,69,104,0,104
Gastgewerbe und Catering,GR,EFZ,154,0,154,60,0,60,94,0,94
Gastgewerbe und Catering,GR,EBA,19,0,19,9,0,9,10,0,10
Gastgewerbe und Catering,GR,nReglementiert,0,0,0,0,0,0,0,0,0
Gastgewerbe und Catering,AG,abt-total,240,0,240,103,0,103,137,0,137
Gastgewerbe und Catering,AG,EFZ,203,0,203,87,0,87,116,0,116
Gastgewerbe und Catering,AG,EBA,37,0,37,16,0,16,21,0,21
Gastgewerbe und Catering,AG,nReglementiert,0,0,0,0,0,0,0,0,0
Gastgewerbe und Catering,TG,abt-total,117,0,117,49,0,49,68,0,68
Gastgewerbe und Catering,TG,EFZ,97,0,97,38,0,38,59,0,59
Gastgewerbe und Catering,TG,EBA,20,0,20,11,0,11,9,0,9
Gastgewerbe und Catering,TG,nReglementiert,0,0,0,0,0,0,0,0,0
Gastgewerbe und Catering,TI,abt-total,102,0,102,66,0,66,36,0,36
Gastgewerbe und Catering,TI,EFZ,83,0,83,52,0,52,31,0,31
Gastgewerbe und Catering,TI,EBA,19,0,19,14,0,14,5,0,5
Gastgewerbe und Catering,TI,nReglementiert,0,0,0,0,0,0,0,0,0
Gastgewerbe und Catering,VD,abt-total,262,0,262,160,0,160,102,0,102
Gastgewerbe und Catering,VD,EFZ,218,0,218,132,0,132,86,0,86
Gastgewerbe und Catering,VD,EBA,44,0,44,28,0,28,16,0,16
Gastgewerbe und Catering,VD,nReglementiert,0,0,0,0,0,0,0,0,0
Gastgewerbe und Catering,VS,abt-total,138,0,138,63,0,63,75,0,75
Gastgewerbe und Catering,VS,EFZ,119,0,119,55,0,55,64,0,64
Gastgewerbe und Catering,VS,EBA,19,0,19,8,0,8,11,0,11
Gastgewerbe und Catering,VS,nReglementiert,0,0,0,0,0,0,0,0,0
Gastgewerbe und Catering,NE,abt-total,72,0,72,49,0,49,23,0,23
Gastgewerbe und Catering,NE,EFZ,61,0,61,42,0,42,19,0,19
Gastgewerbe und Catering,NE,EBA,11,0,11,7,0,7,4,0,4
Gastgewerbe und Catering,NE,nReglementiert,0,0,0,0,0,0,0,0,0
Gastgewerbe und Catering,GE,abt-total,112,0,112,77,0,77,35,0,35
Gastgewerbe und Catering,GE,EFZ,86,0,86,57,0,57,29,0,29
Gastgewerbe und Catering,GE,EBA,26,0,26,20,0,20,6,0,6
Gastgewerbe und Catering,GE,nReglementiert,0,0,0,0,0,0,0,0,0
Gastgewerbe und Catering,JU,abt-total,19,0,19,13,0,13,6,0,6
Gastgewerbe und Catering,JU,EFZ,18,0,18,12,0,12,6,0,6
Gastgewerbe und Catering,JU,EBA,1,0,1,1,0,1,0,0,0
Gastgewerbe und Catering,JU,nReglementiert,0,0,0,0,0,0,0,0,0
"Reisebüros, Fremdenverkehrgewerbe und Freizeitindustrie",,abt-total,31,31,0,4,4,0,27,27,0
"Reisebüros, Fremdenverkehrgewerbe und Freizeitindustrie",,EFZ,0,0,0,0,0,0,0,0,0
"Reisebüros, Fremdenverkehrgewerbe und Freizeitindustrie",,EBA,0,0,0,0,0,0,0,0,0
"Reisebüros, Fremdenverkehrgewerbe und Freizeitindustrie",,nReglementiert,31,31,0,4,4,0,27,27,0
"Reisebüros, Fremdenverkehrgewerbe und Freizeitindustrie",ZH,abt-total,0,0,0,0,0,0,0,0,0
"Reisebüros, Fremdenverkehrgewerbe und Freizeitindustrie",ZH,EFZ,0,0,0,0,0,0,0,0,0
"Reisebüros, Fremdenverkehrgewerbe und Freizeitindustrie",ZH,EBA,0,0,0,0,0,0,0,0,0
"Reisebüros, Fremdenverkehrgewerbe und Freizeitindustrie",ZH,nReglementiert,0,0,0,0,0,0,0,0,0
"Reisebüros, Fremdenverkehrgewerbe und Freizeitindustrie",BE,abt-total,0,0,0,0,0,0,0,0,0
"Reisebüros, Fremdenverkehrgewerbe und Freizeitindustrie",BE,EFZ,0,0,0,0,0,0,0,0,0
"Reisebüros, Fremdenverkehrgewerbe und Freizeitindustrie",BE,EBA,0,0,0,0,0,0,0,0,0
"Reisebüros, Fremdenverkehrgewerbe und Freizeitindustrie",BE,nReglementiert,0,0,0,0,0,0,0,0,0
"Reisebüros, Fremdenverkehrgewerbe und Freizeitindustrie",LU,abt-total,0,0,0,0,0,0,0,0,0
"Reisebüros, Fremdenverkehrgewerbe und Freizeitindustrie",LU,EFZ,0,0,0,0,0,0,0,0,0
"Reisebüros, Fremdenverkehrgewerbe und Freizeitindustrie",LU,EBA,0,0,0,0,0,0,0,0,0
"Reisebüros, Fremdenverkehrgewerbe und Freizeitindustrie",LU,nReglementiert,0,0,0,0,0,0,0,0,0
"Reisebüros, Fremdenverkehrgewerbe und Freizeitindustrie",UR,abt-total,0,0,0,0,0,0,0,0,0
"Reisebüros, Fremdenverkehrgewerbe und Freizeitindustrie",UR,EFZ,0,0,0,0,0,0,0,0,0
"Reisebüros, Fremdenverkehrgewerbe und Freizeitindustrie",UR,EBA,0,0,0,0,0,0,0,0,0
"Reisebüros, Fremdenverkehrgewerbe und Freizeitindustrie",UR,nReglementiert,0,0,0,0,0,0,0,0,0
"Reisebüros, Fremdenverkehrgewerbe und Freizeitindustrie",SZ,abt-total,0,0,0,0,0,0,0,0,0
"Reisebüros, Fremdenverkehrgewerbe und Freizeitindustrie",SZ,EFZ,0,0,0,0,0,0,0,0,0
"Reisebüros, Fremdenverkehrgewerbe und Freizeitindustrie",SZ,EBA,0,0,0,0,0,0,0,0,0
"Reisebüros, Fremdenverkehrgewerbe und Freizeitindustrie",SZ,nReglementiert,0,0,0,0,0,0,0,0,0
"Reisebüros, Fremdenverkehrgewerbe und Freizeitindustrie",OW,abt-total,0,0,0,0,0,0,0,0,0
"Reisebüros, Fremdenverkehrgewerbe und Freizeitindustrie",OW,EFZ,0,0,0,0,0,0,0,0,0
"Reisebüros, Fremdenverkehrgewerbe und Freizeitindustrie",OW,EBA,0,0,0,0,0,0,0,0,0
"Reisebüros, Fremdenverkehrgewerbe und Freizeitindustrie",OW,nReglementiert,0,0,0,0,0,0,0,0,0
"Reisebüros, Fremdenverkehrgewerbe und Freizeitindustrie",NW,abt-total,0,0,0,0,0,0,0,0,0
"Reisebüros, Fremdenverkehrgewerbe und Freizeitindustrie",NW,EFZ,0,0,0,0,0,0,0,0,0
"Reisebüros, Fremdenverkehrgewerbe und Freizeitindustrie",NW,EBA,0,0,0,0,0,0,0,0,0
"Reisebüros, Fremdenverkehrgewerbe und Freizeitindustrie",NW,nReglementiert,0,0,0,0,0,0,0,0,0
"Reisebüros, Fremdenverkehrgewerbe und Freizeitindustrie",GL,abt-total,0,0,0,0,0,0,0,0,0
"Reisebüros, Fremdenverkehrgewerbe und Freizeitindustrie",GL,EFZ,0,0,0,0,0,0,0,0,0
"Reisebüros, Fremdenverkehrgewerbe und Freizeitindustrie",GL,EBA,0,0,0,0,0,0,0,0,0
"Reisebüros, Fremdenverkehrgewerbe und Freizeitindustrie",GL,nReglementiert,0,0,0,0,0,0,0,0,0
"Reisebüros, Fremdenverkehrgewerbe und Freizeitindustrie",ZG,abt-total,0,0,0,0,0,0,0,0,0
"Reisebüros, Fremdenverkehrgewerbe und Freizeitindustrie",ZG,EFZ,0,0,0,0,0,0,0,0,0
"Reisebüros, Fremdenverkehrgewerbe und Freizeitindustrie",ZG,EBA,0,0,0,0,0,0,0,0,0
"Reisebüros, Fremdenverkehrgewerbe und Freizeitindustrie",ZG,nReglementiert,0,0,0,0,0,0,0,0,0
"Reisebüros, Fremdenverkehrgewerbe und Freizeitindustrie",FR,abt-total,0,0,0,0,0,0,0,0,0
"Reisebüros, Fremdenverkehrgewerbe und Freizeitindustrie",FR,EFZ,0,0,0,0,0,0,0,0,0
"Reisebüros, Fremdenverkehrgewerbe und Freizeitindustrie",FR,EBA,0,0,0,0,0,0,0,0,0
"Reisebüros, Fremdenverkehrgewerbe und Freizeitindustrie",FR,nReglementiert,0,0,0,0,0,0,0,0,0
"Reisebüros, Fremdenverkehrgewerbe und Freizeitindustrie",SO,abt-total,0,0,0,0,0,0,0,0,0
"Reisebüros, Fremdenverkehrgewerbe und Freizeitindustrie",SO,EFZ,0,0,0,0,0,0,0,0,0
"Reisebüros, Fremdenverkehrgewerbe und Freizeitindustrie",SO,EBA,0,0,0,0,0,0,0,0,0
"Reisebüros, Fremdenverkehrgewerbe und Freizeitindustrie",SO,nReglementiert,0,0,0,0,0,0,0,0,0
"Reisebüros, Fremdenverkehrgewerbe und Freizeitindustrie",BS,abt-total,0,0,0,0,0,0,0,0,0
"Reisebüros, Fremdenverkehrgewerbe und Freizeitindustrie",BS,EFZ,0,0,0,0,0,0,0,0,0
"Reisebüros, Fremdenverkehrgewerbe und Freizeitindustrie",BS,EBA,0,0,0,0,0,0,0,0,0
"Reisebüros, Fremdenverkehrgewerbe und Freizeitindustrie",BS,nReglementiert,0,0,0,0,0,0,0,0,0
"Reisebüros, Fremdenverkehrgewerbe und Freizeitindustrie",BL,abt-total,0,0,0,0,0,0,0,0,0
"Reisebüros, Fremdenverkehrgewerbe und Freizeitindustrie",BL,EFZ,0,0,0,0,0,0,0,0,0
"Reisebüros, Fremdenverkehrgewerbe und Freizeitindustrie",BL,EBA,0,0,0,0,0,0,0,0,0
"Reisebüros, Fremdenverkehrgewerbe und Freizeitindustrie",Bl,nReglementiert,0,0,0,0,0,0,0,0,0
"Reisebüros, Fremdenverkehrgewerbe und Freizeitindustrie",SH,abt-total,0,0,0,0,0,0,0,0,0
"Reisebüros, Fremdenverkehrgewerbe und Freizeitindustrie",SH,EFZ,0,0,0,0,0,0,0,0,0
"Reisebüros, Fremdenverkehrgewerbe und Freizeitindustrie",SH,EBA,0,0,0,0,0,0,0,0,0
"Reisebüros, Fremdenverkehrgewerbe und Freizeitindustrie",SH,nReglementiert,0,0,0,0,0,0,0,0,0
"Reisebüros, Fremdenverkehrgewerbe und Freizeitindustrie",AR,abt-total,0,0,0,0,0,0,0,0,0
"Reisebüros, Fremdenverkehrgewerbe und Freizeitindustrie",AR,EFZ,0,0,0,0,0,0,0,0,0
"Reisebüros, Fremdenverkehrgewerbe und Freizeitindustrie",AR,EBA,0,0,0,0,0,0,0,0,0
"Reisebüros, Fremdenverkehrgewerbe und Freizeitindustrie",AR,nReglementiert,0,0,0,0,0,0,0,0,0
"Reisebüros, Fremdenverkehrgewerbe und Freizeitindustrie",AI,abt-total,0,0,0,0,0,0,0,0,0
"Reisebüros, Fremdenverkehrgewerbe und Freizeitindustrie",AI,EFZ,0,0,0,0,0,0,0,0,0
"Reisebüros, Fremdenverkehrgewerbe und Freizeitindustrie",AI,EBA,0,0,0,0,0,0,0,0,0
"Reisebüros, Fremdenverkehrgewerbe und Freizeitindustrie",AI,nReglementiert,0,0,0,0,0,0,0,0,0
"Reisebüros, Fremdenverkehrgewerbe und Freizeitindustrie",SG,abt-total,0,0,0,0,0,0,0,0,0
"Reisebüros, Fremdenverkehrgewerbe und Freizeitindustrie",SG,EFZ,0,0,0,0,0,0,0,0,0
"Reisebüros, Fremdenverkehrgewerbe und Freizeitindustrie",SG,EBA,0,0,0,0,0,0,0,0,0
"Reisebüros, Fremdenverkehrgewerbe und Freizeitindustrie",SG,nReglementiert,0,0,0,0,0,0,0,0,0
"Reisebüros, Fremdenverkehrgewerbe und Freizeitindustrie",GR,abt-total,0,0,0,0,0,0,0,0,0
"Reisebüros, Fremdenverkehrgewerbe und Freizeitindustrie",GR,EFZ,0,0,0,0,0,0,0,0,0
"Reisebüros, Fremdenverkehrgewerbe und Freizeitindustrie",GR,EBA,0,0,0,0,0,0,0,0,0
"Reisebüros, Fremdenverkehrgewerbe und Freizeitindustrie",GR,nReglementiert,0,0,0,0,0,0,0,0,0
"Reisebüros, Fremdenverkehrgewerbe und Freizeitindustrie",AG,abt-total,0,0,0,0,0,0,0,0,0
"Reisebüros, Fremdenverkehrgewerbe und Freizeitindustrie",AG,EFZ,0,0,0,0,0,0,0,0,0
"Reisebüros, Fremdenverkehrgewerbe und Freizeitindustrie",AG,EBA,0,0,0,0,0,0,0,0,0
"Reisebüros, Fremdenverkehrgewerbe und Freizeitindustrie",AG,nReglementiert,0,0,0,0,0,0,0,0,0
"Reisebüros, Fremdenverkehrgewerbe und Freizeitindustrie",TG,abt-total,0,0,0,0,0,0,0,0,0
"Reisebüros, Fremdenverkehrgewerbe und Freizeitindustrie",TG,EFZ,0,0,0,0,0,0,0,0,0
"Reisebüros, Fremdenverkehrgewerbe und Freizeitindustrie",TG,EBA,0,0,0,0,0,0,0,0,0
"Reisebüros, Fremdenverkehrgewerbe und Freizeitindustrie",TG,nReglementiert,0,0,0,0,0,0,0,0,0
"Reisebüros, Fremdenverkehrgewerbe und Freizeitindustrie",TI,abt-total,0,0,0,0,0,0,0,0,0
"Reisebüros, Fremdenverkehrgewerbe und Freizeitindustrie",TI,EFZ,0,0,0,0,0,0,0,0,0
"Reisebüros, Fremdenverkehrgewerbe und Freizeitindustrie",TI,EBA,0,0,0,0,0,0,0,0,0
"Reisebüros, Fremdenverkehrgewerbe und Freizeitindustrie",TI,nReglementiert,0,0,0,0,0,0,0,0,0
"Reisebüros, Fremdenverkehrgewerbe und Freizeitindustrie",VD,abt-total,0,0,0,0,0,0,0,0,0
"Reisebüros, Fremdenverkehrgewerbe und Freizeitindustrie",VD,EFZ,0,0,0,0,0,0,0,0,0
"Reisebüros, Fremdenverkehrgewerbe und Freizeitindustrie",VD,EBA,0,0,0,0,0,0,0,0,0
"Reisebüros, Fremdenverkehrgewerbe und Freizeitindustrie",VD,nReglementiert,0,0,0,0,0,0,0,0,0
"Reisebüros, Fremdenverkehrgewerbe und Freizeitindustrie",VS,abt-total,31,31,0,4,4,0,27,27,0
"Reisebüros, Fremdenverkehrgewerbe und Freizeitindustrie",VS,EFZ,0,0,0,0,0,0,0,0,0
"Reisebüros, Fremdenverkehrgewerbe und Freizeitindustrie",VS,EBA,0,0,0,0,0,0,0,0,0
"Reisebüros, Fremdenverkehrgewerbe und Freizeitindustrie",VS,nReglementiert,31,31,0,4,4,0,27,27,0
"Reisebüros, Fremdenverkehrgewerbe und Freizeitindustrie",NE,abt-total,0,0,0,0,0,0,0,0,0
"Reisebüros, Fremdenverkehrgewerbe und Freizeitindustrie",NE,EFZ,0,0,0,0,0,0,0,0,0
"Reisebüros, Fremdenverkehrgewerbe und Freizeitindustrie",NE,EBA,0,0,0,0,0,0,0,0,0
"Reisebüros, Fremdenverkehrgewerbe und Freizeitindustrie",NE,nReglementiert,0,0,0,0,0,0,0,0,0
"Reisebüros, Fremdenverkehrgewerbe und Freizeitindustrie",GE,abt-total,0,0,0,0,0,0,0,0,0
"Reisebüros, Fremdenverkehrgewerbe und Freizeitindustrie",GE,EFZ,0,0,0,0,0,0,0,0,0
"Reisebüros, Fremdenverkehrgewerbe und Freizeitindustrie",GE,EBA,0,0,0,0,0,0,0,0,0
"Reisebüros, Fremdenverkehrgewerbe und Freizeitindustrie",GE,nReglementiert,0,0,0,0,0,0,0,0,0
"Reisebüros, Fremdenverkehrgewerbe und Freizeitindustrie",JU,abt-total,0,0,0,0,0,0,0,0,0
"Reisebüros, Fremdenverkehrgewerbe und Freizeitindustrie",JU,EFZ,0,0,0,0,0,0,0,0,0
"Reisebüros, Fremdenverkehrgewerbe und Freizeitindustrie",JU,EBA,0,0,0,0,0,0,0,0,0
"Reisebüros, Fremdenverkehrgewerbe und Freizeitindustrie",JU,nReglementiert,0,0,0,0,0,0,0,0,0
Sport,,abt-total,0,0,0,0,0,0,0,0,0
Sport,,EFZ,0,0,0,0,0,0,0,0,0
Sport,,EBA,0,0,0,0,0,0,0,0,0
Sport,,nReglementiert,0,0,0,0,0,0,0,0,0
Sport,ZH,abt-total,0,0,0,0,0,0,0,0,0
Sport,ZH,EFZ,0,0,0,0,0,0,0,0,0
Sport,ZH,EBA,0,0,0,0,0,0,0,0,0
Sport,ZH,nReglementiert,0,0,0,0,0,0,0,0,0
Sport,BE,abt-total,0,0,0,0,0,0,0,0,0
Sport,BE,EFZ,0,0,0,0,0,0,0,0,0
Sport,BE,EBA,0,0,0,0,0,0,0,0,0
Sport,BE,nReglementiert,0,0,0,0,0,0,0,0,0
Sport,LU,abt-total,0,0,0,0,0,0,0,0,0
Sport,LU,EFZ,0,0,0,0,0,0,0,0,0
Sport,LU,EBA,0,0,0,0,0,0,0,0,0
Sport,LU,nReglementiert,0,0,0,0,0,0,0,0,0
Sport,UR,abt-total,0,0,0,0,0,0,0,0,0
Sport,UR,EFZ,0,0,0,0,0,0,0,0,0
Sport,UR,EBA,0,0,0,0,0,0,0,0,0
Sport,UR,nReglementiert,0,0,0,0,0,0,0,0,0
Sport,SZ,abt-total,0,0,0,0,0,0,0,0,0
Sport,SZ,EFZ,0,0,0,0,0,0,0,0,0
Sport,SZ,EBA,0,0,0,0,0,0,0,0,0
Sport,SZ,nReglementiert,0,0,0,0,0,0,0,0,0
Sport,OW,abt-total,0,0,0,0,0,0,0,0,0
Sport,OW,EFZ,0,0,0,0,0,0,0,0,0
Sport,OW,EBA,0,0,0,0,0,0,0,0,0
Sport,OW,nReglementiert,0,0,0,0,0,0,0,0,0
Sport,NW,abt-total,0,0,0,0,0,0,0,0,0
Sport,NW,EFZ,0,0,0,0,0,0,0,0,0
Sport,NW,EBA,0,0,0,0,0,0,0,0,0
Sport,NW,nReglementiert,0,0,0,0,0,0,0,0,0
Sport,GL,abt-total,0,0,0,0,0,0,0,0,0
Sport,GL,EFZ,0,0,0,0,0,0,0,0,0
Sport,GL,EBA,0,0,0,0,0,0,0,0,0
Sport,GL,nReglementiert,0,0,0,0,0,0,0,0,0
Sport,ZG,abt-total,0,0,0,0,0,0,0,0,0
Sport,ZG,EFZ,0,0,0,0,0,0,0,0,0
Sport,ZG,EBA,0,0,0,0,0,0,0,0,0
Sport,ZG,nReglementiert,0,0,0,0,0,0,0,0,0
Sport,FR,abt-total,0,0,0,0,0,0,0,0,0
Sport,FR,EFZ,0,0,0,0,0,0,0,0,0
Sport,FR,EBA,0,0,0,0,0,0,0,0,0
Sport,FR,nReglementiert,0,0,0,0,0,0,0,0,0
Sport,SO,abt-total,0,0,0,0,0,0,0,0,0
Sport,SO,EFZ,0,0,0,0,0,0,0,0,0
Sport,SO,EBA,0,0,0,0,0,0,0,0,0
Sport,SO,nReglementiert,0,0,0,0,0,0,0,0,0
Sport,BS,abt-total,0,0,0,0,0,0,0,0,0
Sport,BS,EFZ,0,0,0,0,0,0,0,0,0
Sport,BS,EBA,0,0,0,0,0,0,0,0,0
Sport,BS,nReglementiert,0,0,0,0,0,0,0,0,0
Sport,BL,abt-total,0,0,0,0,0,0,0,0,0
Sport,BL,EFZ,0,0,0,0,0,0,0,0,0
Sport,BL,EBA,0,0,0,0,0,0,0,0,0
Sport,Bl,nReglementiert,0,0,0,0,0,0,0,0,0
Sport,SH,abt-total,0,0,0,0,0,0,0,0,0
Sport,SH,EFZ,0,0,0,0,0,0,0,0,0
Sport,SH,EBA,0,0,0,0,0,0,0,0,0
Sport,SH,nReglementiert,0,0,0,0,0,0,0,0,0
Sport,AR,abt-total,0,0,0,0,0,0,0,0,0
Sport,AR,EFZ,0,0,0,0,0,0,0,0,0
Sport,AR,EBA,0,0,0,0,0,0,0,0,0
Sport,AR,nReglementiert,0,0,0,0,0,0,0,0,0
Sport,AI,abt-total,0,0,0,0,0,0,0,0,0
Sport,AI,EFZ,0,0,0,0,0,0,0,0,0
Sport,AI,EBA,0,0,0,0,0,0,0,0,0
Sport,AI,nReglementiert,0,0,0,0,0,0,0,0,0
Sport,SG,abt-total,0,0,0,0,0,0,0,0,0
Sport,SG,EFZ,0,0,0,0,0,0,0,0,0
Sport,SG,EBA,0,0,0,0,0,0,0,0,0
Sport,SG,nReglementiert,0,0,0,0,0,0,0,0,0
Sport,GR,abt-total,0,0,0,0,0,0,0,0,0
Sport,GR,EFZ,0,0,0,0,0,0,0,0,0
Sport,GR,EBA,0,0,0,0,0,0,0,0,0
Sport,GR,nReglementiert,0,0,0,0,0,0,0,0,0
Sport,AG,abt-total,0,0,0,0,0,0,0,0,0
Sport,AG,EFZ,0,0,0,0,0,0,0,0,0
Sport,AG,EBA,0,0,0,0,0,0,0,0,0
Sport,AG,nReglementiert,0,0,0,0,0,0,0,0,0
Sport,TG,abt-total,0,0,0,0,0,0,0,0,0
Sport,TG,EFZ,0,0,0,0,0,0,0,0,0
Sport,TG,EBA,0,0,0,0,0,0,0,0,0
Sport,TG,nReglementiert,0,0,0,0,0,0,0,0,0
Sport,TI,abt-total,0,0,0,0,0,0,0,0,0
Sport,TI,EFZ,0,0,0,0,0,0,0,0,0
Sport,TI,EBA,0,0,0,0,0,0,0,0,0
Sport,TI,nReglementiert,0,0,0,0,0,0,0,0,0
Sport,VD,abt-total,0,0,0,0,0,0,0,0,0
Sport,VD,EFZ,0,0,0,0,0,0,0,0,0
Sport,VD,EBA,0,0,0,0,0,0,0,0,0
Sport,VD,nReglementiert,0,0,0,0,0,0,0,0,0
Sport,VS,abt-total,0,0,0,0,0,0,0,0,0
Sport,VS,EFZ,0,0,0,0,0,0,0,0,0
Sport,VS,EBA,0,0,0,0,0,0,0,0,0
Sport,VS,nReglementiert,0,0,0,0,0,0,0,0,0
Sport,NE,abt-total,0,0,0,0,0,0,0,0,0
Sport,NE,EFZ,0,0,0,0,0,0,0,0,0
Sport,NE,EBA,0,0,0,0,0,0,0,0,0
Sport,NE,nReglementiert,0,0,0,0,0,0,0,0,0
Sport,GE,abt-total,0,0,0,0,0,0,0,0,0
Sport,GE,EFZ,0,0,0,0,0,0,0,0,0
Sport,GE,EBA,0,0,0,0,0,0,0,0,0
Sport,GE,nReglementiert,0,0,0,0,0,0,0,0,0
Sport,JU,abt-total,0,0,0,0,0,0,0,0,0
Sport,JU,EFZ,0,0,0,0,0,0,0,0,0
Sport,JU,EBA,0,0,0,0,0,0,0,0,0
Sport,JU,nReglementiert,0,0,0,0,0,0,0,0,0
Hauswirtschaftliche Dienste,,abt-total,1684,45,1639,883,5,878,801,40,761
Hauswirtschaftliche Dienste,,EFZ,1382,27,1355,835,4,831,547,23,524
Hauswirtschaftliche Dienste,,EBA,302,18,284,48,1,47,254,17,237
Hauswirtschaftliche Dienste,,nReglementiert,0,0,0,0,0,0,0,0,0
Hauswirtschaftliche Dienste,ZH,abt-total,343,2,341,220,2,218,123,0,123
Hauswirtschaftliche Dienste,ZH,EFZ,287,2,285,214,2,212,73,0,73
Hauswirtschaftliche Dienste,ZH,EBA,56,0,56,6,0,6,50,0,50
Hauswirtschaftliche Dienste,ZH,nReglementiert,0,0,0,0,0,0,0,0,0
Hauswirtschaftliche Dienste,BE,abt-total,183,0,183,74,0,74,109,0,109
Hauswirtschaftliche Dienste,BE,EFZ,148,0,148,72,0,72,76,0,76
Hauswirtschaftliche Dienste,BE,EBA,35,0,35,2,0,2,33,0,33
Hauswirtschaftliche Dienste,BE,nReglementiert,0,0,0,0,0,0,0,0,0
Hauswirtschaftliche Dienste,LU,abt-total,87,0,87,43,0,43,44,0,44
Hauswirtschaftliche Dienste,LU,EFZ,75,0,75,42,0,42,33,0,33
Hauswirtschaftliche Dienste,LU,EBA,12,0,12,1,0,1,11,0,11
Hauswirtschaftliche Dienste,LU,nReglementiert,0,0,0,0,0,0,0,0,0
Hauswirtschaftliche Dienste,UR,abt-total,7,0,7,1,0,1,6,0,6
Hauswirtschaftliche Dienste,UR,EFZ,6,0,6,1,0,1,5,0,5
Hauswirtschaftliche Dienste,UR,EBA,1,0,1,0,0,0,1,0,1
Hauswirtschaftliche Dienste,UR,nReglementiert,0,0,0,0,0,0,0,0,0
Hauswirtschaftliche Dienste,SZ,abt-total,25,0,25,18,0,18,7,0,7
Hauswirtschaftliche Dienste,SZ,EFZ,24,0,24,18,0,18,6,0,6
Hauswirtschaftliche Dienste,SZ,EBA,1,0,1,0,0,0,1,0,1
Hauswirtschaftliche Dienste,SZ,nReglementiert,0,0,0,0,0,0,0,0,0
Hauswirtschaftliche Dienste,OW,abt-total,13,0,13,4,0,4,9,0,9
Hauswirtschaftliche Dienste,OW,EFZ,11,0,11,4,0,4,7,0,7
Hauswirtschaftliche Dienste,OW,EBA,2,0,2,0,0,0,2,0,2
Hauswirtschaftliche Dienste,OW,nReglementiert,0,0,0,0,0,0,0,0,0
Hauswirtschaftliche Dienste,NW,abt-total,10,0,10,7,0,7,3,0,3
Hauswirtschaftliche Dienste,NW,EFZ,10,0,10,7,0,7,3,0,3
Hauswirtschaftliche Dienste,NW,EBA,0,0,0,0,0,0,0,0,0
Hauswirtschaftliche Dienste,NW,nReglementiert,0,0,0,0,0,0,0,0,0
Hauswirtschaftliche Dienste,GL,abt-total,5,0,5,3,0,3,2,0,2
Hauswirtschaftliche Dienste,GL,EFZ,5,0,5,3,0,3,2,0,2
Hauswirtschaftliche Dienste,GL,EBA,0,0,0,0,0,0,0,0,0
Hauswirtschaftliche Dienste,GL,nReglementiert,0,0,0,0,0,0,0,0,0
Hauswirtschaftliche Dienste,ZG,abt-total,45,0,45,19,0,19,26,0,26
Hauswirtschaftliche Dienste,ZG,EFZ,34,0,34,18,0,18,16,0,16
Hauswirtschaftliche Dienste,ZG,EBA,11,0,11,1,0,1,10,0,10
Hauswirtschaftliche Dienste,ZG,nReglementiert,0,0,0,0,0,0,0,0,0
Hauswirtschaftliche Dienste,FR,abt-total,66,0,66,24,0,24,42,0,42
Hauswirtschaftliche Dienste,FR,EFZ,50,0,50,24,0,24,26,0,26
Hauswirtschaftliche Dienste,FR,EBA,16,0,16,0,0,0,16,0,16
Hauswirtschaftliche Dienste,FR,nReglementiert,0,0,0,0,0,0,0,0,0
Hauswirtschaftliche Dienste,SO,abt-total,61,0,61,30,0,30,31,0,31
Hauswirtschaftliche Dienste,SO,EFZ,46,0,46,30,0,30,16,0,16
Hauswirtschaftliche Dienste,SO,EBA,15,0,15,0,0,0,15,0,15
Hauswirtschaftliche Dienste,SO,nReglementiert,0,0,0,0,0,0,0,0,0
Hauswirtschaftliche Dienste,BS,abt-total,46,1,45,27,0,27,19,1,18
Hauswirtschaftliche Dienste,BS,EFZ,23,0,23,18,0,18,5,0,5
Hauswirtschaftliche Dienste,BS,EBA,23,1,22,9,0,9,14,1,13
Hauswirtschaftliche Dienste,BS,nReglementiert,0,0,0,0,0,0,0,0,0
Hauswirtschaftliche Dienste,BL,abt-total,54,0,54,37,0,37,17,0,17
Hauswirtschaftliche Dienste,BL,EFZ,46,0,46,35,0,35,11,0,11
Hauswirtschaftliche Dienste,BL,EBA,8,0,8,2,0,2,6,0,6
Hauswirtschaftliche Dienste,Bl,nReglementiert,0,0,0,0,0,0,0,0,0
Hauswirtschaftliche Dienste,SH,abt-total,29,0,29,14,0,14,15,0,15
Hauswirtschaftliche Dienste,SH,EFZ,24,0,24,14,0,14,10,0,10
Hauswirtschaftliche Dienste,SH,EBA,5,0,5,0,0,0,5,0,5
Hauswirtschaftliche Dienste,SH,nReglementiert,0,0,0,0,0,0,0,0,0
Hauswirtschaftliche Dienste,AR,abt-total,22,0,22,10,0,10,12,0,12
Hauswirtschaftliche Dienste,AR,EFZ,20,0,20,10,0,10,10,0,10
Hauswirtschaftliche Dienste,AR,EBA,2,0,2,0,0,0,2,0,2
Hauswirtschaftliche Dienste,AR,nReglementiert,0,0,0,0,0,0,0,0,0
Hauswirtschaftliche Dienste,AI,abt-total,1,0,1,0,0,0,1,0,1
Hauswirtschaftliche Dienste,AI,EFZ,1,0,1,0,0,0,1,0,1
Hauswirtschaftliche Dienste,AI,EBA,0,0,0,0,0,0,0,0,0
Hauswirtschaftliche Dienste,AI,nReglementiert,0,0,0,0,0,0,0,0,0
Hauswirtschaftliche Dienste,SG,abt-total,115,0,115,44,0,44,71,0,71
Hauswirtschaftliche Dienste,SG,EFZ,91,0,91,42,0,42,49,0,49
Hauswirtschaftliche Dienste,SG,EBA,24,0,24,2,0,2,22,0,22
Hauswirtschaftliche Dienste,SG,nReglementiert,0,0,0,0,0,0,0,0,0
Hauswirtschaftliche Dienste,GR,abt-total,25,0,25,10,0,10,15,0,15
Hauswirtschaftliche Dienste,GR,EFZ,22,0,22,10,0,10,12,0,12
Hauswirtschaftliche Dienste,GR,EBA,3,0,3,0,0,0,3,0,3
Hauswirtschaftliche Dienste,GR,nReglementiert,0,0,0,0,0,0,0,0,0
Hauswirtschaftliche Dienste,AG,abt-total,117,0,117,73,0,73,44,0,44
Hauswirtschaftliche Dienste,AG,EFZ,110,0,110,72,0,72,38,0,38
Hauswirtschaftliche Dienste,AG,EBA,7,0,7,1,0,1,6,0,6
Hauswirtschaftliche Dienste,AG,nReglementiert,0,0,0,0,0,0,0,0,0
Hauswirtschaftliche Dienste,TG,abt-total,56,0,56,29,0,29,27,0,27
Hauswirtschaftliche Dienste,TG,EFZ,49,0,49,29,0,29,20,0,20
Hauswirtschaftliche Dienste,TG,EBA,7,0,7,0,0,0,7,0,7
Hauswirtschaftliche Dienste,TG,nReglementiert,0,0,0,0,0,0,0,0,0
Hauswirtschaftliche Dienste,TI,abt-total,42,0,42,20,0,20,22,0,22
Hauswirtschaftliche Dienste,TI,EFZ,32,0,32,19,0,19,13,0,13
Hauswirtschaftliche Dienste,TI,EBA,10,0,10,1,0,1,9,0,9
Hauswirtschaftliche Dienste,TI,nReglementiert,0,0,0,0,0,0,0,0,0
Hauswirtschaftliche Dienste,VD,abt-total,168,0,168,108,0,108,60,0,60
Hauswirtschaftliche Dienste,VD,EFZ,150,0,150,96,0,96,54,0,54
Hauswirtschaftliche Dienste,VD,EBA,18,0,18,12,0,12,6,0,6
Hauswirtschaftliche Dienste,VD,nReglementiert,0,0,0,0,0,0,0,0,0
Hauswirtschaftliche Dienste,VS,abt-total,62,25,37,18,2,16,44,23,21
Hauswirtschaftliche Dienste,VS,EFZ,40,15,25,17,1,16,23,14,9
Hauswirtschaftliche Dienste,VS,EBA,22,10,12,1,1,0,21,9,12
Hauswirtschaftliche Dienste,VS,nReglementiert,0,0,0,0,0,0,0,0,0
Hauswirtschaftliche Dienste,NE,abt-total,35,0,35,14,0,14,21,0,21
Hauswirtschaftliche Dienste,NE,EFZ,31,0,31,14,0,14,17,0,17
Hauswirtschaftliche Dienste,NE,EBA,4,0,4,0,0,0,4,0,4
Hauswirtschaftliche Dienste,NE,nReglementiert,0,0,0,0,0,0,0,0,0
Hauswirtschaftliche Dienste,GE,abt-total,33,0,33,26,0,26,7,0,7
Hauswirtschaftliche Dienste,GE,EFZ,22,0,22,17,0,17,5,0,5
Hauswirtschaftliche Dienste,GE,EBA,11,0,11,9,0,9,2,0,2
Hauswirtschaftliche Dienste,GE,nReglementiert,0,0,0,0,0,0,0,0,0
Hauswirtschaftliche Dienste,JU,abt-total,34,17,17,10,1,9,24,16,8
Hauswirtschaftliche Dienste,JU,EFZ,25,10,15,9,1,8,16,9,7
Hauswirtschaftliche Dienste,JU,EBA,9,7,2,1,0,1,8,7,1
Hauswirtschaftliche Dienste,JU,nReglementiert,0,0,0,0,0,0,0,0,0
Coiffeurgewerbe und Schönheitspflege,,abt-total,1451,0,1451,108,0,108,1343,0,1343
Coiffeurgewerbe und Schönheitspflege,,EFZ,1451,0,1451,108,0,108,1343,0,1343
Coiffeurgewerbe und Schönheitspflege,,EBA,0,0,0,0,0,0,0,0,0
Coiffeurgewerbe und Schönheitspflege,,nReglementiert,0,0,0,0,0,0,0,0,0
Coiffeurgewerbe und Schönheitspflege,ZH,abt-total,270,0,270,29,0,29,241,0,241
Coiffeurgewerbe und Schönheitspflege,ZH,EFZ,270,0,270,29,0,29,241,0,241
Coiffeurgewerbe und Schönheitspflege,ZH,EBA,0,0,0,0,0,0,0,0,0
Coiffeurgewerbe und Schönheitspflege,ZH,nReglementiert,0,0,0,0,0,0,0,0,0
Coiffeurgewerbe und Schönheitspflege,BE,abt-total,166,0,166,15,0,15,151,0,151
Coiffeurgewerbe und Schönheitspflege,BE,EFZ,166,0,166,15,0,15,151,0,151
Coiffeurgewerbe und Schönheitspflege,BE,EBA,0,0,0,0,0,0,0,0,0
Coiffeurgewerbe und Schönheitspflege,BE,nReglementiert,0,0,0,0,0,0,0,0,0
Coiffeurgewerbe und Schönheitspflege,LU,abt-total,68,0,68,7,0,7,61,0,61
Coiffeurgewerbe und Schönheitspflege,LU,EFZ,68,0,68,7,0,7,61,0,61
Coiffeurgewerbe und Schönheitspflege,LU,EBA,0,0,0,0,0,0,0,0,0
Coiffeurgewerbe und Schönheitspflege,LU,nReglementiert,0,0,0,0,0,0,0,0,0
Coiffeurgewerbe und Schönheitspflege,UR,abt-total,6,0,6,0,0,0,6,0,6
Coiffeurgewerbe und Schönheitspflege,UR,EFZ,6,0,6,0,0,0,6,0,6
Coiffeurgewerbe und Schönheitspflege,UR,EBA,0,0,0,0,0,0,0,0,0
Coiffeurgewerbe und Schönheitspflege,UR,nReglementiert,0,0,0,0,0,0,0,0,0
Coiffeurgewerbe und Schönheitspflege,SZ,abt-total,26,0,26,0,0,0,26,0,26
Coiffeurgewerbe und Schönheitspflege,SZ,EFZ,26,0,26,0,0,0,26,0,26
Coiffeurgewerbe und Schönheitspflege,SZ,EBA,0,0,0,0,0,0,0,0,0
Coiffeurgewerbe und Schönheitspflege,SZ,nReglementiert,0,0,0,0,0,0,0,0,0
Coiffeurgewerbe und Schönheitspflege,OW,abt-total,4,0,4,1,0,1,3,0,3
Coiffeurgewerbe und Schönheitspflege,OW,EFZ,4,0,4,1,0,1,3,0,3
Coiffeurgewerbe und Schönheitspflege,OW,EBA,0,0,0,0,0,0,0,0,0
Coiffeurgewerbe und Schönheitspflege,OW,nReglementiert,0,0,0,0,0,0,0,0,0
Coiffeurgewerbe und Schönheitspflege,NW,abt-total,6,0,6,0,0,0,6,0,6
Coiffeurgewerbe und Schönheitspflege,NW,EFZ,6,0,6,0,0,0,6,0,6
Coiffeurgewerbe und Schönheitspflege,NW,EBA,0,0,0,0,0,0,0,0,0
Coiffeurgewerbe und Schönheitspflege,NW,nReglementiert,0,0,0,0,0,0,0,0,0
Coiffeurgewerbe und Schönheitspflege,GL,abt-total,9,0,9,1,0,1,8,0,8
Coiffeurgewerbe und Schönheitspflege,GL,EFZ,9,0,9,1,0,1,8,0,8
Coiffeurgewerbe und Schönheitspflege,GL,EBA,0,0,0,0,0,0,0,0,0
Coiffeurgewerbe und Schönheitspflege,GL,nReglementiert,0,0,0,0,0,0,0,0,0
Coiffeurgewerbe und Schönheitspflege,ZG,abt-total,22,0,22,3,0,3,19,0,19
Coiffeurgewerbe und Schönheitspflege,ZG,EFZ,22,0,22,3,0,3,19,0,19
Coiffeurgewerbe und Schönheitspflege,ZG,EBA,0,0,0,0,0,0,0,0,0
Coiffeurgewerbe und Schönheitspflege,ZG,nReglementiert,0,0,0,0,0,0,0,0,0
Coiffeurgewerbe und Schönheitspflege,FR,abt-total,49,0,49,2,0,2,47,0,47
Coiffeurgewerbe und Schönheitspflege,FR,EFZ,49,0,49,2,0,2,47,0,47
Coiffeurgewerbe und Schönheitspflege,FR,EBA,0,0,0,0,0,0,0,0,0
Coiffeurgewerbe und Schönheitspflege,FR,nReglementiert,0,0,0,0,0,0,0,0,0
Coiffeurgewerbe und Schönheitspflege,SO,abt-total,30,0,30,0,0,0,30,0,30
Coiffeurgewerbe und Schönheitspflege,SO,EFZ,30,0,30,0,0,0,30,0,30
Coiffeurgewerbe und Schönheitspflege,SO,EBA,0,0,0,0,0,0,0,0,0
Coiffeurgewerbe und Schönheitspflege,SO,nReglementiert,0,0,0,0,0,0,0,0,0
Coiffeurgewerbe und Schönheitspflege,BS,abt-total,47,0,47,3,0,3,44,0,44
Coiffeurgewerbe und Schönheitspflege,BS,EFZ,47,0,47,3,0,3,44,0,44
Coiffeurgewerbe und Schönheitspflege,BS,EBA,0,0,0,0,0,0,0,0,0
Coiffeurgewerbe und Schönheitspflege,BS,nReglementiert,0,0,0,0,0,0,0,0,0
Coiffeurgewerbe und Schönheitspflege,BL,abt-total,28,0,28,1,0,1,27,0,27
Coiffeurgewerbe und Schönheitspflege,BL,EFZ,28,0,28,1,0,1,27,0,27
Coiffeurgewerbe und Schönheitspflege,BL,EBA,0,0,0,0,0,0,0,0,0
Coiffeurgewerbe und Schönheitspflege,Bl,nReglementiert,0,0,0,0,0,0,0,0,0
Coiffeurgewerbe und Schönheitspflege,SH,abt-total,18,0,18,2,0,2,16,0,16
Coiffeurgewerbe und Schönheitspflege,SH,EFZ,18,0,18,2,0,2,16,0,16
Coiffeurgewerbe und Schönheitspflege,SH,EBA,0,0,0,0,0,0,0,0,0
Coiffeurgewerbe und Schönheitspflege,SH,nReglementiert,0,0,0,0,0,0,0,0,0
Coiffeurgewerbe und Schönheitspflege,AR,abt-total,5,0,5,0,0,0,5,0,5
Coiffeurgewerbe und Schönheitspflege,AR,EFZ,5,0,5,0,0,0,5,0,5
Coiffeurgewerbe und Schönheitspflege,AR,EBA,0,0,0,0,0,0,0,0,0
Coiffeurgewerbe und Schönheitspflege,AR,nReglementiert,0,0,0,0,0,0,0,0,0
Coiffeurgewerbe und Schönheitspflege,AI,abt-total,3,0,3,0,0,0,3,0,3
Coiffeurgewerbe und Schönheitspflege,AI,EFZ,3,0,3,0,0,0,3,0,3
Coiffeurgewerbe und Schönheitspflege,AI,EBA,0,0,0,0,0,0,0,0,0
Coiffeurgewerbe und Schönheitspflege,AI,nReglementiert,0,0,0,0,0,0,0,0,0
Coiffeurgewerbe und Schönheitspflege,SG,abt-total,125,0,125,6,0,6,119,0,119
Coiffeurgewerbe und Schönheitspflege,SG,EFZ,125,0,125,6,0,6,119,0,119
Coiffeurgewerbe und Schönheitspflege,SG,EBA,0,0,0,0,0,0,0,0,0
Coiffeurgewerbe und Schönheitspflege,SG,nReglementiert,0,0,0,0,0,0,0,0,0
Coiffeurgewerbe und Schönheitspflege,GR,abt-total,37,0,37,1,0,1,36,0,36
Coiffeurgewerbe und Schönheitspflege,GR,EFZ,37,0,37,1,0,1,36,0,36
Coiffeurgewerbe und Schönheitspflege,GR,EBA,0,0,0,0,0,0,0,0,0
Coiffeurgewerbe und Schönheitspflege,GR,nReglementiert,0,0,0,0,0,0,0,0,0
Coiffeurgewerbe und Schönheitspflege,AG,abt-total,121,0,121,7,0,7,114,0,114
Coiffeurgewerbe und Schönheitspflege,AG,EFZ,121,0,121,7,0,7,114,0,114
Coiffeurgewerbe und Schönheitspflege,AG,EBA,0,0,0,0,0,0,0,0,0
Coiffeurgewerbe und Schönheitspflege,AG,nReglementiert,0,0,0,0,0,0,0,0,0
Coiffeurgewerbe und Schönheitspflege,TG,abt-total,36,0,36,0,0,0,36,0,36
Coiffeurgewerbe und Schönheitspflege,TG,EFZ,36,0,36,0,0,0,36,0,36
Coiffeurgewerbe und Schönheitspflege,TG,EBA,0,0,0,0,0,0,0,0,0
Coiffeurgewerbe und Schönheitspflege,TG,nReglementiert,0,0,0,0,0,0,0,0,0
Coiffeurgewerbe und Schönheitspflege,TI,abt-total,63,0,63,6,0,6,57,0,57
Coiffeurgewerbe und Schönheitspflege,TI,EFZ,63,0,63,6,0,6,57,0,57
Coiffeurgewerbe und Schönheitspflege,TI,EBA,0,0,0,0,0,0,0,0,0
Coiffeurgewerbe und Schönheitspflege,TI,nReglementiert,0,0,0,0,0,0,0,0,0
Coiffeurgewerbe und Schönheitspflege,VD,abt-total,129,0,129,13,0,13,116,0,116
Coiffeurgewerbe und Schönheitspflege,VD,EFZ,129,0,129,13,0,13,116,0,116
Coiffeurgewerbe und Schönheitspflege,VD,EBA,0,0,0,0,0,0,0,0,0
Coiffeurgewerbe und Schönheitspflege,VD,nReglementiert,0,0,0,0,0,0,0,0,0
Coiffeurgewerbe und Schönheitspflege,VS,abt-total,66,0,66,4,0,4,62,0,62
Coiffeurgewerbe und Schönheitspflege,VS,EFZ,66,0,66,4,0,4,62,0,62
Coiffeurgewerbe und Schönheitspflege,VS,EBA,0,0,0,0,0,0,0,0,0
Coiffeurgewerbe und Schönheitspflege,VS,nReglementiert,0,0,0,0,0,0,0,0,0
Coiffeurgewerbe und Schönheitspflege,NE,abt-total,46,0,46,2,0,2,44,0,44
Coiffeurgewerbe und Schönheitspflege,NE,EFZ,46,0,46,2,0,2,44,0,44
Coiffeurgewerbe und Schönheitspflege,NE,EBA,0,0,0,0,0,0,0,0,0
Coiffeurgewerbe und Schönheitspflege,NE,nReglementiert,0,0,0,0,0,0,0,0,0
Coiffeurgewerbe und Schönheitspflege,GE,abt-total,51,0,51,4,0,4,47,0,47
Coiffeurgewerbe und Schönheitspflege,GE,EFZ,51,0,51,4,0,4,47,0,47
Coiffeurgewerbe und Schönheitspflege,GE,EBA,0,0,0,0,0,0,0,0,0
Coiffeurgewerbe und Schönheitspflege,GE,nReglementiert,0,0,0,0,0,0,0,0,0
Coiffeurgewerbe und Schönheitspflege,JU,abt-total,20,0,20,1,0,1,19,0,19
Coiffeurgewerbe und Schönheitspflege,JU,EFZ,20,0,20,1,0,1,19,0,19
Coiffeurgewerbe und Schönheitspflege,JU,EBA,0,0,0,0,0,0,0,0,0
Coiffeurgewerbe und Schönheitspflege,JU,nReglementiert,0,0,0,0,0,0,0,0,0
Verkehrsdienstleistungen,,abt-total,317,0,317,283,0,283,34,0,34
Verkehrsdienstleistungen,,EFZ,313,0,313,280,0,280,33,0,33
Verkehrsdienstleistungen,,EBA,4,0,4,3,0,3,1,0,1
Verkehrsdienstleistungen,,nReglementiert,0,0,0,0,0,0,0,0,0
Verkehrsdienstleistungen,ZH,abt-total,27,0,27,25,0,25,2,0,2
Verkehrsdienstleistungen,ZH,EFZ,27,0,27,25,0,25,2,0,2
Verkehrsdienstleistungen,ZH,EBA,0,0,0,0,0,0,0,0,0
Verkehrsdienstleistungen,ZH,nReglementiert,0,0,0,0,0,0,0,0,0
Verkehrsdienstleistungen,BE,abt-total,44,0,44,40,0,40,4,0,4
Verkehrsdienstleistungen,BE,EFZ,44,0,44,40,0,40,4,0,4
Verkehrsdienstleistungen,BE,EBA,0,0,0,0,0,0,0,0,0
Verkehrsdienstleistungen,BE,nReglementiert,0,0,0,0,0,0,0,0,0
Verkehrsdienstleistungen,LU,abt-total,23,0,23,23,0,23,0,0,0
Verkehrsdienstleistungen,LU,EFZ,23,0,23,23,0,23,0,0,0
Verkehrsdienstleistungen,LU,EBA,0,0,0,0,0,0,0,0,0
Verkehrsdienstleistungen,LU,nReglementiert,0,0,0,0,0,0,0,0,0
Verkehrsdienstleistungen,UR,abt-total,1,0,1,1,0,1,0,0,0
Verkehrsdienstleistungen,UR,EFZ,0,0,0,0,0,0,0,0,0
Verkehrsdienstleistungen,UR,EBA,1,0,1,1,0,1,0,0,0
Verkehrsdienstleistungen,UR,nReglementiert,0,0,0,0,0,0,0,0,0
Verkehrsdienstleistungen,SZ,abt-total,4,0,4,4,0,4,0,0,0
Verkehrsdienstleistungen,SZ,EFZ,4,0,4,4,0,4,0,0,0
Verkehrsdienstleistungen,SZ,EBA,0,0,0,0,0,0,0,0,0
Verkehrsdienstleistungen,SZ,nReglementiert,0,0,0,0,0,0,0,0,0
Verkehrsdienstleistungen,OW,abt-total,1,0,1,1,0,1,0,0,0
Verkehrsdienstleistungen,OW,EFZ,1,0,1,1,0,1,0,0,0
Verkehrsdienstleistungen,OW,EBA,0,0,0,0,0,0,0,0,0
Verkehrsdienstleistungen,OW,nReglementiert,0,0,0,0,0,0,0,0,0
Verkehrsdienstleistungen,NW,abt-total,2,0,2,2,0,2,0,0,0
Verkehrsdienstleistungen,NW,EFZ,2,0,2,2,0,2,0,0,0
Verkehrsdienstleistungen,NW,EBA,0,0,0,0,0,0,0,0,0
Verkehrsdienstleistungen,NW,nReglementiert,0,0,0,0,0,0,0,0,0
Verkehrsdienstleistungen,GL,abt-total,0,0,0,0,0,0,0,0,0
Verkehrsdienstleistungen,GL,EFZ,0,0,0,0,0,0,0,0,0
Verkehrsdienstleistungen,GL,EBA,0,0,0,0,0,0,0,0,0
Verkehrsdienstleistungen,GL,nReglementiert,0,0,0,0,0,0,0,0,0
Verkehrsdienstleistungen,ZG,abt-total,0,0,0,0,0,0,0,0,0
Verkehrsdienstleistungen,ZG,EFZ,0,0,0,0,0,0,0,0,0
Verkehrsdienstleistungen,ZG,EBA,0,0,0,0,0,0,0,0,0
Verkehrsdienstleistungen,ZG,nReglementiert,0,0,0,0,0,0,0,0,0
Verkehrsdienstleistungen,FR,abt-total,16,0,16,14,0,14,2,0,2
Verkehrsdienstleistungen,FR,EFZ,16,0,16,14,0,14,2,0,2
Verkehrsdienstleistungen,FR,EBA,0,0,0,0,0,0,0,0,0
Verkehrsdienstleistungen,FR,nReglementiert,0,0,0,0,0,0,0,0,0
Verkehrsdienstleistungen,SO,abt-total,9,0,9,7,0,7,2,0,2
Verkehrsdienstleistungen,SO,EFZ,9,0,9,7,0,7,2,0,2
Verkehrsdienstleistungen,SO,EBA,0,0,0,0,0,0,0,0,0
Verkehrsdienstleistungen,SO,nReglementiert,0,0,0,0,0,0,0,0,0
Verkehrsdienstleistungen,BS,abt-total,9,0,9,9,0,9,0,0,0
Verkehrsdienstleistungen,BS,EFZ,9,0,9,9,0,9,0,0,0
Verkehrsdienstleistungen,BS,EBA,0,0,0,0,0,0,0,0,0
Verkehrsdienstleistungen,BS,nReglementiert,0,0,0,0,0,0,0,0,0
Verkehrsdienstleistungen,BL,abt-total,14,0,14,11,0,11,3,0,3
Verkehrsdienstleistungen,BL,EFZ,14,0,14,11,0,11,3,0,3
Verkehrsdienstleistungen,BL,EBA,0,0,0,0,0,0,0,0,0
Verkehrsdienstleistungen,Bl,nReglementiert,0,0,0,0,0,0,0,0,0
Verkehrsdienstleistungen,SH,abt-total,7,0,7,6,0,6,1,0,1
Verkehrsdienstleistungen,SH,EFZ,7,0,7,6,0,6,1,0,1
Verkehrsdienstleistungen,SH,EBA,0,0,0,0,0,0,0,0,0
Verkehrsdienstleistungen,SH,nReglementiert,0,0,0,0,0,0,0,0,0
Verkehrsdienstleistungen,AR,abt-total,1,0,1,1,0,1,0,0,0
Verkehrsdienstleistungen,AR,EFZ,1,0,1,1,0,1,0,0,0
Verkehrsdienstleistungen,AR,EBA,0,0,0,0,0,0,0,0,0
Verkehrsdienstleistungen,AR,nReglementiert,0,0,0,0,0,0,0,0,0
Verkehrsdienstleistungen,AI,abt-total,0,0,0,0,0,0,0,0,0
Verkehrsdienstleistungen,AI,EFZ,0,0,0,0,0,0,0,0,0
Verkehrsdienstleistungen,AI,EBA,0,0,0,0,0,0,0,0,0
Verkehrsdienstleistungen,AI,nReglementiert,0,0,0,0,0,0,0,0,0
Verkehrsdienstleistungen,SG,abt-total,27,0,27,22,0,22,5,0,5
Verkehrsdienstleistungen,SG,EFZ,27,0,27,22,0,22,5,0,5
Verkehrsdienstleistungen,SG,EBA,0,0,0,0,0,0,0,0,0
Verkehrsdienstleistungen,SG,nReglementiert,0,0,0,0,0,0,0,0,0
Verkehrsdienstleistungen,GR,abt-total,10,0,10,9,0,9,1,0,1
Verkehrsdienstleistungen,GR,EFZ,9,0,9,8,0,8,1,0,1
Verkehrsdienstleistungen,GR,EBA,1,0,1,1,0,1,0,0,0
Verkehrsdienstleistungen,GR,nReglementiert,0,0,0,0,0,0,0,0,0
Verkehrsdienstleistungen,AG,abt-total,30,0,30,24,0,24,6,0,6
Verkehrsdienstleistungen,AG,EFZ,30,0,30,24,0,24,6,0,6
Verkehrsdienstleistungen,AG,EBA,0,0,0,0,0,0,0,0,0
Verkehrsdienstleistungen,AG,nReglementiert,0,0,0,0,0,0,0,0,0
Verkehrsdienstleistungen,TG,abt-total,5,0,5,2,0,2,3,0,3
Verkehrsdienstleistungen,TG,EFZ,5,0,5,2,0,2,3,0,3
Verkehrsdienstleistungen,TG,EBA,0,0,0,0,0,0,0,0,0
Verkehrsdienstleistungen,TG,nReglementiert,0,0,0,0,0,0,0,0,0
Verkehrsdienstleistungen,TI,abt-total,8,0,8,8,0,8,0,0,0
Verkehrsdienstleistungen,TI,EFZ,8,0,8,8,0,8,0,0,0
Verkehrsdienstleistungen,TI,EBA,0,0,0,0,0,0,0,0,0
Verkehrsdienstleistungen,TI,nReglementiert,0,0,0,0,0,0,0,0,0
Verkehrsdienstleistungen,VD,abt-total,29,0,29,28,0,28,1,0,1
Verkehrsdienstleistungen,VD,EFZ,29,0,29,28,0,28,1,0,1
Verkehrsdienstleistungen,VD,EBA,0,0,0,0,0,0,0,0,0
Verkehrsdienstleistungen,VD,nReglementiert,0,0,0,0,0,0,0,0,0
Verkehrsdienstleistungen,VS,abt-total,39,0,39,36,0,36,3,0,3
Verkehrsdienstleistungen,VS,EFZ,37,0,37,35,0,35,2,0,2
Verkehrsdienstleistungen,VS,EBA,2,0,2,1,0,1,1,0,1
Verkehrsdienstleistungen,VS,nReglementiert,0,0,0,0,0,0,0,0,0
Verkehrsdienstleistungen,NE,abt-total,7,0,7,6,0,6,1,0,1
Verkehrsdienstleistungen,NE,EFZ,7,0,7,6,0,6,1,0,1
Verkehrsdienstleistungen,NE,EBA,0,0,0,0,0,0,0,0,0
Verkehrsdienstleistungen,NE,nReglementiert,0,0,0,0,0,0,0,0,0
Verkehrsdienstleistungen,GE,abt-total,3,0,3,3,0,3,0,0,0
Verkehrsdienstleistungen,GE,EFZ,3,0,3,3,0,3,0,0,0
Verkehrsdienstleistungen,GE,EBA,0,0,0,0,0,0,0,0,0
Verkehrsdienstleistungen,GE,nReglementiert,0,0,0,0,0,0,0,0,0
Verkehrsdienstleistungen,JU,abt-total,1,0,1,1,0,1,0,0,0
Verkehrsdienstleistungen,JU,EFZ,1,0,1,1,0,1,0,0,0
Verkehrsdienstleistungen,JU,EBA,0,0,0,0,0,0,0,0,0
Verkehrsdienstleistungen,JU,nReglementiert,0,0,0,0,0,0,0,0,0
Umweltschutz,,abt-total,49,0,49,43,0,43,6,0,6
Umweltschutz,,EFZ,49,0,49,43,0,43,6,0,6
Umweltschutz,,EBA,0,0,0,0,0,0,0,0,0
Umweltschutz,,nReglementiert,0,0,0,0,0,0,0,0,0
Umweltschutz,ZH,abt-total,11,0,11,11,0,11,0,0,0
Umweltschutz,ZH,EFZ,11,0,11,11,0,11,0,0,0
Umweltschutz,ZH,EBA,0,0,0,0,0,0,0,0,0
Umweltschutz,ZH,nReglementiert,0,0,0,0,0,0,0,0,0
Umweltschutz,BE,abt-total,5,0,5,4,0,4,1,0,1
Umweltschutz,BE,EFZ,5,0,5,4,0,4,1,0,1
Umweltschutz,BE,EBA,0,0,0,0,0,0,0,0,0
Umweltschutz,BE,nReglementiert,0,0,0,0,0,0,0,0,0
Umweltschutz,LU,abt-total,3,0,3,3,0,3,0,0,0
Umweltschutz,LU,EFZ,3,0,3,3,0,3,0,0,0
Umweltschutz,LU,EBA,0,0,0,0,0,0,0,0,0
Umweltschutz,LU,nReglementiert,0,0,0,0,0,0,0,0,0
Umweltschutz,UR,abt-total,1,0,1,1,0,1,0,0,0
Umweltschutz,UR,EFZ,1,0,1,1,0,1,0,0,0
Umweltschutz,UR,EBA,0,0,0,0,0,0,0,0,0
Umweltschutz,UR,nReglementiert,0,0,0,0,0,0,0,0,0
Umweltschutz,SZ,abt-total,0,0,0,0,0,0,0,0,0
Umweltschutz,SZ,EFZ,0,0,0,0,0,0,0,0,0
Umweltschutz,SZ,EBA,0,0,0,0,0,0,0,0,0
Umweltschutz,SZ,nReglementiert,0,0,0,0,0,0,0,0,0
Umweltschutz,OW,abt-total,2,0,2,1,0,1,1,0,1
Umweltschutz,OW,EFZ,2,0,2,1,0,1,1,0,1
Umweltschutz,OW,EBA,0,0,0,0,0,0,0,0,0
Umweltschutz,OW,nReglementiert,0,0,0,0,0,0,0,0,0
Umweltschutz,NW,abt-total,0,0,0,0,0,0,0,0,0
Umweltschutz,NW,EFZ,0,0,0,0,0,0,0,0,0
Umweltschutz,NW,EBA,0,0,0,0,0,0,0,0,0
Umweltschutz,NW,nReglementiert,0,0,0,0,0,0,0,0,0
Umweltschutz,GL,abt-total,0,0,0,0,0,0,0,0,0
Umweltschutz,GL,EFZ,0,0,0,0,0,0,0,0,0
Umweltschutz,GL,EBA,0,0,0,0,0,0,0,0,0
Umweltschutz,GL,nReglementiert,0,0,0,0,0,0,0,0,0
Umweltschutz,ZG,abt-total,0,0,0,0,0,0,0,0,0
Umweltschutz,ZG,EFZ,0,0,0,0,0,0,0,0,0
Umweltschutz,ZG,EBA,0,0,0,0,0,0,0,0,0
Umweltschutz,ZG,nReglementiert,0,0,0,0,0,0,0,0,0
Umweltschutz,FR,abt-total,1,0,1,1,0,1,0,0,0
Umweltschutz,FR,EFZ,1,0,1,1,0,1,0,0,0
Umweltschutz,FR,EBA,0,0,0,0,0,0,0,0,0
Umweltschutz,FR,nReglementiert,0,0,0,0,0,0,0,0,0
Umweltschutz,SO,abt-total,1,0,1,1,0,1,0,0,0
Umweltschutz,SO,EFZ,1,0,1,1,0,1,0,0,0
Umweltschutz,SO,EBA,0,0,0,0,0,0,0,0,0
Umweltschutz,SO,nReglementiert,0,0,0,0,0,0,0,0,0
Umweltschutz,BS,abt-total,0,0,0,0,0,0,0,0,0
Umweltschutz,BS,EFZ,0,0,0,0,0,0,0,0,0
Umweltschutz,BS,EBA,0,0,0,0,0,0,0,0,0
Umweltschutz,BS,nReglementiert,0,0,0,0,0,0,0,0,0
Umweltschutz,BL,abt-total,0,0,0,0,0,0,0,0,0
Umweltschutz,BL,EFZ,0,0,0,0,0,0,0,0,0
Umweltschutz,BL,EBA,0,0,0,0,0,0,0,0,0
Umweltschutz,Bl,nReglementiert,0,0,0,0,0,0,0,0,0
Umweltschutz,SH,abt-total,0,0,0,0,0,0,0,0,0
Umweltschutz,SH,EFZ,0,0,0,0,0,0,0,0,0
Umweltschutz,SH,EBA,0,0,0,0,0,0,0,0,0
Umweltschutz,SH,nReglementiert,0,0,0,0,0,0,0,0,0
Umweltschutz,AR,abt-total,0,0,0,0,0,0,0,0,0
Umweltschutz,AR,EFZ,0,0,0,0,0,0,0,0,0
Umweltschutz,AR,EBA,0,0,0,0,0,0,0,0,0
Umweltschutz,AR,nReglementiert,0,0,0,0,0,0,0,0,0
Umweltschutz,AI,abt-total,0,0,0,0,0,0,0,0,0
Umweltschutz,AI,EFZ,0,0,0,0,0,0,0,0,0
Umweltschutz,AI,EBA,0,0,0,0,0,0,0,0,0
Umweltschutz,AI,nReglementiert,0,0,0,0,0,0,0,0,0
Umweltschutz,SG,abt-total,7,0,7,5,0,5,2,0,2
Umweltschutz,SG,EFZ,7,0,7,5,0,5,2,0,2
Umweltschutz,SG,EBA,0,0,0,0,0,0,0,0,0
Umweltschutz,SG,nReglementiert,0,0,0,0,0,0,0,0,0
Umweltschutz,GR,abt-total,1,0,1,0,0,0,1,0,1
Umweltschutz,GR,EFZ,1,0,1,0,0,0,1,0,1
Umweltschutz,GR,EBA,0,0,0,0,0,0,0,0,0
Umweltschutz,GR,nReglementiert,0,0,0,0,0,0,0,0,0
Umweltschutz,AG,abt-total,5,0,5,4,0,4,1,0,1
Umweltschutz,AG,EFZ,5,0,5,4,0,4,1,0,1
Umweltschutz,AG,EBA,0,0,0,0,0,0,0,0,0
Umweltschutz,AG,nReglementiert,0,0,0,0,0,0,0,0,0
Umweltschutz,TG,abt-total,2,0,2,2,0,2,0,0,0
Umweltschutz,TG,EFZ,2,0,2,2,0,2,0,0,0
Umweltschutz,TG,EBA,0,0,0,0,0,0,0,0,0
Umweltschutz,TG,nReglementiert,0,0,0,0,0,0,0,0,0
Umweltschutz,TI,abt-total,5,0,5,5,0,5,0,0,0
Umweltschutz,TI,EFZ,5,0,5,5,0,5,0,0,0
Umweltschutz,TI,EBA,0,0,0,0,0,0,0,0,0
Umweltschutz,TI,nReglementiert,0,0,0,0,0,0,0,0,0
Umweltschutz,VD,abt-total,2,0,2,2,0,2,0,0,0
Umweltschutz,VD,EFZ,2,0,2,2,0,2,0,0,0
Umweltschutz,VD,EBA,0,0,0,0,0,0,0,0,0
Umweltschutz,VD,nReglementiert,0,0,0,0,0,0,0,0,0
Umweltschutz,VS,abt-total,0,0,0,0,0,0,0,0,0
Umweltschutz,VS,EFZ,0,0,0,0,0,0,0,0,0
Umweltschutz,VS,EBA,0,0,0,0,0,0,0,0,0
Umweltschutz,VS,nReglementiert,0,0,0,0,0,0,0,0,0
Umweltschutz,NE,abt-total,0,0,0,0,0,0,0,0,0
Umweltschutz,NE,EFZ,0,0,0,0,0,0,0,0,0
Umweltschutz,NE,EBA,0,0,0,0,0,0,0,0,0
Umweltschutz,NE,nReglementiert,0,0,0,0,0,0,0,0,0
Umweltschutz,GE,abt-total,3,0,3,3,0,3,0,0,0
Umweltschutz,GE,EFZ,3,0,3,3,0,3,0,0,0
Umweltschutz,GE,EBA,0,0,0,0,0,0,0,0,0
Umweltschutz,GE,nReglementiert,0,0,0,0,0,0,0,0,0
Umweltschutz,JU,abt-total,0,0,0,0,0,0,0,0,0
Umweltschutz,JU,EFZ,0,0,0,0,0,0,0,0,0
Umweltschutz,JU,EBA,0,0,0,0,0,0,0,0,0
Umweltschutz,JU,nReglementiert,0,0,0,0,0,0,0,0,0
