Ausbildungsfeld,Canton,Ausbildungstyp,Geschlecht_Total,Geschlecht_Vollschulisch,Geschlecht_Dual,Mann_Total,Mann_Vollschulisch,Mann_Dual,Frau_Total,Frau_Vollschulisch,Frau_Dual
Total,,abt-total,76542,4983,71559,43930,2898,41032,32612,2085,30527
Total,,EFZ,70018,4828,65190,40352,2797,37555,29666,2031,27635
Total,,EBA,6490,127,6363,3569,94,3475,2921,33,2888
Total,,nReglementiert,34,28,6,9,7,2,25,21,4
Total,ZH,abt-total,12166,123,12043,6592,77,6515,5574,46,5528
Total,ZH,EFZ,11056,118,10938,5996,73,5923,5060,45,5015
Total,ZH,EBA,1110,5,1105,596,4,592,514,1,513
Total,ZH,nReglementiert,0,0,0,0,0,0,0,0,0
Total,BE,abt-total,10264,497,9767,5761,343,5418,4503,154,4349
Total,BE,EFZ,9386,401,8985,5266,261,5005,4120,140,3980
Total,BE,EBA,878,96,782,495,82,413,383,14,369
Total,BE,nReglementiert,0,0,0,0,0,0,0,0,0
Total,LU,abt-total,4107,26,4081,2279,13,2266,1828,13,1815
Total,LU,EFZ,3670,26,3644,2044,13,2031,1626,13,1613
Total,LU,EBA,437,0,437,235,0,235,202,0,202
Total,LU,nReglementiert,0,0,0,0,0,0,0,0,0
Total,UR,abt-total,386,0,386,213,0,213,173,0,173
Total,UR,EFZ,374,0,374,209,0,209,165,0,165
Total,UR,EBA,12,0,12,4,0,4,8,0,8
Total,UR,nReglementiert,0,0,0,0,0,0,0,0,0
Total,SZ,abt-total,1222,0,1222,715,0,715,507,0,507
Total,SZ,EFZ,1114,0,1114,649,0,649,465,0,465
Total,SZ,EBA,108,0,108,66,0,66,42,0,42
Total,SZ,nReglementiert,0,0,0,0,0,0,0,0,0
Total,OW,abt-total,387,0,387,244,0,244,143,0,143
Total,OW,EFZ,361,0,361,227,0,227,134,0,134
Total,OW,EBA,26,0,26,17,0,17,9,0,9
Total,OW,nReglementiert,0,0,0,0,0,0,0,0,0
Total,NW,abt-total,388,0,388,217,0,217,171,0,171
Total,NW,EFZ,375,0,375,208,0,208,167,0,167
Total,NW,EBA,13,0,13,9,0,9,4,0,4
Total,NW,nReglementiert,0,0,0,0,0,0,0,0,0
Total,GL,abt-total,462,0,462,284,0,284,178,0,178
Total,GL,EFZ,427,0,427,259,0,259,168,0,168
Total,GL,EBA,35,0,35,25,0,25,10,0,10
Total,GL,nReglementiert,0,0,0,0,0,0,0,0,0
Total,ZG,abt-total,1247,0,1247,697,0,697,550,0,550
Total,ZG,EFZ,1141,0,1141,653,0,653,488,0,488
Total,ZG,EBA,106,0,106,44,0,44,62,0,62
Total,ZG,nReglementiert,0,0,0,0,0,0,0,0,0
Total,FR,abt-total,2748,171,2577,1689,107,1582,1059,64,995
Total,FR,EFZ,2564,171,2393,1581,107,1474,983,64,919
Total,FR,EBA,184,0,184,108,0,108,76,0,76
Total,FR,nReglementiert,0,0,0,0,0,0,0,0,0
Total,SO,abt-total,2296,41,2255,1334,23,1311,962,18,944
Total,SO,EFZ,2016,41,1975,1192,23,1169,824,18,806
Total,SO,EBA,280,0,280,142,0,142,138,0,138
Total,SO,nReglementiert,0,0,0,0,0,0,0,0,0
Total,BS,abt-total,1934,50,1884,994,34,960,940,16,924
Total,BS,EFZ,1660,44,1616,886,30,856,774,14,760
Total,BS,EBA,274,6,268,108,4,104,166,2,164
Total,BS,nReglementiert,0,0,0,0,0,0,0,0,0
Total,BL,abt-total,2005,0,2005,1234,0,1234,771,0,771
Total,BL,EFZ,1756,0,1756,1103,0,1103,653,0,653
Total,BL,EBA,249,0,249,131,0,131,118,0,118
Total,Bl,nReglementiert,0,0,0,0,0,0,0,0,0
Total,SH,abt-total,876,0,876,486,0,486,390,0,390
Total,SH,EFZ,794,0,794,450,0,450,344,0,344
Total,SH,EBA,82,0,82,36,0,36,46,0,46
Total,SH,nReglementiert,0,0,0,0,0,0,0,0,0
Total,AR,abt-total,490,0,490,244,0,244,246,0,246
Total,AR,EFZ,438,0,438,222,0,222,216,0,216
Total,AR,EBA,52,0,52,22,0,22,30,0,30
Total,AR,nReglementiert,0,0,0,0,0,0,0,0,0
Total,AI,abt-total,173,0,173,109,0,109,64,0,64
Total,AI,EFZ,166,0,166,104,0,104,62,0,62
Total,AI,EBA,7,0,7,5,0,5,2,0,2
Total,AI,nReglementiert,0,0,0,0,0,0,0,0,0
Total,SG,abt-total,5618,18,5600,3085,4,3081,2533,14,2519
Total,SG,EFZ,5089,18,5071,2797,4,2793,2292,14,2278
Total,SG,EBA,529,0,529,288,0,288,241,0,241
Total,SG,nReglementiert,0,0,0,0,0,0,0,0,0
Total,GR,abt-total,2054,15,2039,1178,10,1168,876,5,871
Total,GR,EFZ,1897,13,1884,1078,9,1069,819,4,815
Total,GR,EBA,157,2,155,100,1,99,57,1,56
Total,GR,nReglementiert,0,0,0,0,0,0,0,0,0
Total,AG,abt-total,5526,0,5526,3182,0,3182,2344,0,2344
Total,AG,EFZ,5090,0,5090,2971,0,2971,2119,0,2119
Total,AG,EBA,436,0,436,211,0,211,225,0,225
Total,AG,nReglementiert,0,0,0,0,0,0,0,0,0
Total,TG,abt-total,2409,0,2409,1440,0,1440,969,0,969
Total,TG,EFZ,2196,0,2196,1305,0,1305,891,0,891
Total,TG,EBA,213,0,213,135,0,135,78,0,78
Total,TG,nReglementiert,0,0,0,0,0,0,0,0,0
Total,TI,abt-total,3077,747,2330,1924,365,1559,1153,382,771
Total,TI,EFZ,2862,747,2115,1797,365,1432,1065,382,683
Total,TI,EBA,215,0,215,127,0,127,88,0,88
Total,TI,nReglementiert,0,0,0,0,0,0,0,0,0
Total,VD,abt-total,6828,672,6156,4000,413,3587,2828,259,2569
Total,VD,EFZ,6362,671,5691,3689,412,3277,2673,259,2414
Total,VD,EBA,466,1,465,311,1,310,155,0,155
Total,VD,nReglementiert,0,0,0,0,0,0,0,0,0
Total,VS,abt-total,3047,316,2731,1864,117,1747,1183,199,984
Total,VS,EFZ,2814,277,2537,1737,109,1628,1077,168,909
Total,VS,EBA,200,11,189,118,1,117,82,10,72
Total,VS,nReglementiert,33,28,5,9,7,2,24,21,3
Total,NE,abt-total,2194,662,1532,1256,378,878,938,284,654
Total,NE,EFZ,2062,662,1400,1192,378,814,870,284,586
Total,NE,EBA,131,0,131,64,0,64,67,0,67
Total,NE,nReglementiert,1,0,1,0,0,0,1,0,1
Total,GE,abt-total,3728,1464,2264,2363,941,1422,1365,523,842
Total,GE,EFZ,3503,1464,2039,2224,941,1283,1279,523,756
Total,GE,EBA,225,0,225,139,0,139,86,0,86
Total,GE,nReglementiert,0,0,0,0,0,0,0,0,0
Total,JU,abt-total,910,181,729,546,73,473,364,108,256
Total,JU,EFZ,845,175,670,513,72,441,332,103,229
Total,JU,EBA,65,6,59,33,1,32,32,5,27
Total,JU,nReglementiert,0,0,0,0,0,0,0,0,0
Musik und darstellende Kunst,,abt-total,30,17,13,3,3,0,27,14,13
Musik und darstellende Kunst,,EFZ,30,17,13,3,3,0,27,14,13
Musik und darstellende Kunst,,EBA,0,0,0,0,0,0,0,0,0
Musik und darstellende Kunst,,nReglementiert,0,0,0,0,0,0,0,0,0
Musik und darstellende Kunst,ZH,abt-total,13,0,13,0,0,0,13,0,13
Musik und darstellende Kunst,ZH,EFZ,13,0,13,0,0,0,13,0,13
Musik und darstellende Kunst,ZH,EBA,0,0,0,0,0,0,0,0,0
Musik und darstellende Kunst,ZH,nReglementiert,0,0,0,0,0,0,0,0,0
Musik und darstellende Kunst,BE,abt-total,0,0,0,0,0,0,0,0,0
Musik und darstellende Kunst,BE,EFZ,0,0,0,0,0,0,0,0,0
Musik und darstellende Kunst,BE,EBA,0,0,0,0,0,0,0,0,0
Musik und darstellende Kunst,BE,nReglementiert,0,0,0,0,0,0,0,0,0
Musik und darstellende Kunst,LU,abt-total,0,0,0,0,0,0,0,0,0
Musik und darstellende Kunst,LU,EFZ,0,0,0,0,0,0,0,0,0
Musik und darstellende Kunst,LU,EBA,0,0,0,0,0,0,0,0,0
Musik und darstellende Kunst,LU,nReglementiert,0,0,0,0,0,0,0,0,0
Musik und darstellende Kunst,UR,abt-total,0,0,0,0,0,0,0,0,0
Musik und darstellende Kunst,UR,EFZ,0,0,0,0,0,0,0,0,0
Musik und darstellende Kunst,UR,EBA,0,0,0,0,0,0,0,0,0
Musik und darstellende Kunst,UR,nReglementiert,0,0,0,0,0,0,0,0,0
Musik und darstellende Kunst,SZ,abt-total,0,0,0,0,0,0,0,0,0
Musik und darstellende Kunst,SZ,EFZ,0,0,0,0,0,0,0,0,0
Musik und darstellende Kunst,SZ,EBA,0,0,0,0,0,0,0,0,0
Musik und darstellende Kunst,SZ,nReglementiert,0,0,0,0,0,0,0,0,0
Musik und darstellende Kunst,OW,abt-total,0,0,0,0,0,0,0,0,0
Musik und darstellende Kunst,OW,EFZ,0,0,0,0,0,0,0,0,0
Musik und darstellende Kunst,OW,EBA,0,0,0,0,0,0,0,0,0
Musik und darstellende Kunst,OW,nReglementiert,0,0,0,0,0,0,0,0,0
Musik und darstellende Kunst,NW,abt-total,0,0,0,0,0,0,0,0,0
Musik und darstellende Kunst,NW,EFZ,0,0,0,0,0,0,0,0,0
Musik und darstellende Kunst,NW,EBA,0,0,0,0,0,0,0,0,0
Musik und darstellende Kunst,NW,nReglementiert,0,0,0,0,0,0,0,0,0
Musik und darstellende Kunst,GL,abt-total,0,0,0,0,0,0,0,0,0
Musik und darstellende Kunst,GL,EFZ,0,0,0,0,0,0,0,0,0
Musik und darstellende Kunst,GL,EBA,0,0,0,0,0,0,0,0,0
Musik und darstellende Kunst,GL,nReglementiert,0,0,0,0,0,0,0,0,0
Musik und darstellende Kunst,ZG,abt-total,0,0,0,0,0,0,0,0,0
Musik und darstellende Kunst,ZG,EFZ,0,0,0,0,0,0,0,0,0
Musik und darstellende Kunst,ZG,EBA,0,0,0,0,0,0,0,0,0
Musik und darstellende Kunst,ZG,nReglementiert,0,0,0,0,0,0,0,0,0
Musik und darstellende Kunst,FR,abt-total,0,0,0,0,0,0,0,0,0
Musik und darstellende Kunst,FR,EFZ,0,0,0,0,0,0,0,0,0
Musik und darstellende Kunst,FR,EBA,0,0,0,0,0,0,0,0,0
Musik und darstellende Kunst,FR,nReglementiert,0,0,0,0,0,0,0,0,0
Musik und darstellende Kunst,SO,abt-total,0,0,0,0,0,0,0,0,0
Musik und darstellende Kunst,SO,EFZ,0,0,0,0,0,0,0,0,0
Musik und darstellende Kunst,SO,EBA,0,0,0,0,0,0,0,0,0
Musik und darstellende Kunst,SO,nReglementiert,0,0,0,0,0,0,0,0,0
Musik und darstellende Kunst,BS,abt-total,0,0,0,0,0,0,0,0,0
Musik und darstellende Kunst,BS,EFZ,0,0,0,0,0,0,0,0,0
Musik und darstellende Kunst,BS,EBA,0,0,0,0,0,0,0,0,0
Musik und darstellende Kunst,BS,nReglementiert,0,0,0,0,0,0,0,0,0
Musik und darstellende Kunst,BL,abt-total,0,0,0,0,0,0,0,0,0
Musik und darstellende Kunst,BL,EFZ,0,0,0,0,0,0,0,0,0
Musik und darstellende Kunst,BL,EBA,0,0,0,0,0,0,0,0,0
Musik und darstellende Kunst,Bl,nReglementiert,0,0,0,0,0,0,0,0,0
Musik und darstellende Kunst,SH,abt-total,0,0,0,0,0,0,0,0,0
Musik und darstellende Kunst,SH,EFZ,0,0,0,0,0,0,0,0,0
Musik und darstellende Kunst,SH,EBA,0,0,0,0,0,0,0,0,0
Musik und darstellende Kunst,SH,nReglementiert,0,0,0,0,0,0,0,0,0
Musik und darstellende Kunst,AR,abt-total,0,0,0,0,0,0,0,0,0
Musik und darstellende Kunst,AR,EFZ,0,0,0,0,0,0,0,0,0
Musik und darstellende Kunst,AR,EBA,0,0,0,0,0,0,0,0,0
Musik und darstellende Kunst,AR,nReglementiert,0,0,0,0,0,0,0,0,0
Musik und darstellende Kunst,AI,abt-total,0,0,0,0,0,0,0,0,0
Musik und darstellende Kunst,AI,EFZ,0,0,0,0,0,0,0,0,0
Musik und darstellende Kunst,AI,EBA,0,0,0,0,0,0,0,0,0
Musik und darstellende Kunst,AI,nReglementiert,0,0,0,0,0,0,0,0,0
Musik und darstellende Kunst,SG,abt-total,0,0,0,0,0,0,0,0,0
Musik und darstellende Kunst,SG,EFZ,0,0,0,0,0,0,0,0,0
Musik und darstellende Kunst,SG,EBA,0,0,0,0,0,0,0,0,0
Musik und darstellende Kunst,SG,nReglementiert,0,0,0,0,0,0,0,0,0
Musik und darstellende Kunst,GR,abt-total,0,0,0,0,0,0,0,0,0
Musik und darstellende Kunst,GR,EFZ,0,0,0,0,0,0,0,0,0
Musik und darstellende Kunst,GR,EBA,0,0,0,0,0,0,0,0,0
Musik und darstellende Kunst,GR,nReglementiert,0,0,0,0,0,0,0,0,0
Musik und darstellende Kunst,AG,abt-total,0,0,0,0,0,0,0,0,0
Musik und darstellende Kunst,AG,EFZ,0,0,0,0,0,0,0,0,0
Musik und darstellende Kunst,AG,EBA,0,0,0,0,0,0,0,0,0
Musik und darstellende Kunst,AG,nReglementiert,0,0,0,0,0,0,0,0,0
Musik und darstellende Kunst,TG,abt-total,0,0,0,0,0,0,0,0,0
Musik und darstellende Kunst,TG,EFZ,0,0,0,0,0,0,0,0,0
Musik und darstellende Kunst,TG,EBA,0,0,0,0,0,0,0,0,0
Musik und darstellende Kunst,TG,nReglementiert,0,0,0,0,0,0,0,0,0
Musik und darstellende Kunst,TI,abt-total,0,0,0,0,0,0,0,0,0
Musik und darstellende Kunst,TI,EFZ,0,0,0,0,0,0,0,0,0
Musik und darstellende Kunst,TI,EBA,0,0,0,0,0,0,0,0,0
Musik und darstellende Kunst,TI,nReglementiert,0,0,0,0,0,0,0,0,0
Musik und darstellende Kunst,VD,abt-total,0,0,0,0,0,0,0,0,0
Musik und darstellende Kunst,VD,EFZ,0,0,0,0,0,0,0,0,0
Musik und darstellende Kunst,VD,EBA,0,0,0,0,0,0,0,0,0
Musik und darstellende Kunst,VD,nReglementiert,0,0,0,0,0,0,0,0,0
Musik und darstellende Kunst,VS,abt-total,0,0,0,0,0,0,0,0,0
Musik und darstellende Kunst,VS,EFZ,0,0,0,0,0,0,0,0,0
Musik und darstellende Kunst,VS,EBA,0,0,0,0,0,0,0,0,0
Musik und darstellende Kunst,VS,nReglementiert,0,0,0,0,0,0,0,0,0
Musik und darstellende Kunst,NE,abt-total,0,0,0,0,0,0,0,0,0
Musik und darstellende Kunst,NE,EFZ,0,0,0,0,0,0,0,0,0
Musik und darstellende Kunst,NE,EBA,0,0,0,0,0,0,0,0,0
Musik und darstellende Kunst,NE,nReglementiert,0,0,0,0,0,0,0,0,0
Musik und darstellende Kunst,GE,abt-total,17,17,0,3,3,0,14,14,0
Musik und darstellende Kunst,GE,EFZ,17,17,0,3,3,0,14,14,0
Musik und darstellende Kunst,GE,EBA,0,0,0,0,0,0,0,0,0
Musik und darstellende Kunst,GE,nReglementiert,0,0,0,0,0,0,0,0,0
Musik und darstellende Kunst,JU,abt-total,0,0,0,0,0,0,0,0,0
Musik und darstellende Kunst,JU,EFZ,0,0,0,0,0,0,0,0,0
Musik und darstellende Kunst,JU,EBA,0,0,0,0,0,0,0,0,0
Musik und darstellende Kunst,JU,nReglementiert,0,0,0,0,0,0,0,0,0
Audiovisuelle Techniken und Medienproduktion,,abt-total,1474,378,1096,741,167,574,733,211,522
Audiovisuelle Techniken und Medienproduktion,,EFZ,1436,378,1058,723,167,556,713,211,502
Audiovisuelle Techniken und Medienproduktion,,EBA,38,0,38,18,0,18,20,0,20
Audiovisuelle Techniken und Medienproduktion,,nReglementiert,0,0,0,0,0,0,0,0,0
Audiovisuelle Techniken und Medienproduktion,ZH,abt-total,193,0,193,99,0,99,94,0,94
Audiovisuelle Techniken und Medienproduktion,ZH,EFZ,189,0,189,97,0,97,92,0,92
Audiovisuelle Techniken und Medienproduktion,ZH,EBA,4,0,4,2,0,2,2,0,2
Audiovisuelle Techniken und Medienproduktion,ZH,nReglementiert,0,0,0,0,0,0,0,0,0
Audiovisuelle Techniken und Medienproduktion,BE,abt-total,180,18,162,108,9,99,72,9,63
Audiovisuelle Techniken und Medienproduktion,BE,EFZ,177,18,159,106,9,97,71,9,62
Audiovisuelle Techniken und Medienproduktion,BE,EBA,3,0,3,2,0,2,1,0,1
Audiovisuelle Techniken und Medienproduktion,BE,nReglementiert,0,0,0,0,0,0,0,0,0
Audiovisuelle Techniken und Medienproduktion,LU,abt-total,101,26,75,50,13,37,51,13,38
Audiovisuelle Techniken und Medienproduktion,LU,EFZ,94,26,68,46,13,33,48,13,35
Audiovisuelle Techniken und Medienproduktion,LU,EBA,7,0,7,4,0,4,3,0,3
Audiovisuelle Techniken und Medienproduktion,LU,nReglementiert,0,0,0,0,0,0,0,0,0
Audiovisuelle Techniken und Medienproduktion,UR,abt-total,5,0,5,2,0,2,3,0,3
Audiovisuelle Techniken und Medienproduktion,UR,EFZ,5,0,5,2,0,2,3,0,3
Audiovisuelle Techniken und Medienproduktion,UR,EBA,0,0,0,0,0,0,0,0,0
Audiovisuelle Techniken und Medienproduktion,UR,nReglementiert,0,0,0,0,0,0,0,0,0
Audiovisuelle Techniken und Medienproduktion,SZ,abt-total,16,0,16,5,0,5,11,0,11
Audiovisuelle Techniken und Medienproduktion,SZ,EFZ,16,0,16,5,0,5,11,0,11
Audiovisuelle Techniken und Medienproduktion,SZ,EBA,0,0,0,0,0,0,0,0,0
Audiovisuelle Techniken und Medienproduktion,SZ,nReglementiert,0,0,0,0,0,0,0,0,0
Audiovisuelle Techniken und Medienproduktion,OW,abt-total,7,0,7,4,0,4,3,0,3
Audiovisuelle Techniken und Medienproduktion,OW,EFZ,7,0,7,4,0,4,3,0,3
Audiovisuelle Techniken und Medienproduktion,OW,EBA,0,0,0,0,0,0,0,0,0
Audiovisuelle Techniken und Medienproduktion,OW,nReglementiert,0,0,0,0,0,0,0,0,0
Audiovisuelle Techniken und Medienproduktion,NW,abt-total,10,0,10,5,0,5,5,0,5
Audiovisuelle Techniken und Medienproduktion,NW,EFZ,10,0,10,5,0,5,5,0,5
Audiovisuelle Techniken und Medienproduktion,NW,EBA,0,0,0,0,0,0,0,0,0
Audiovisuelle Techniken und Medienproduktion,NW,nReglementiert,0,0,0,0,0,0,0,0,0
Audiovisuelle Techniken und Medienproduktion,GL,abt-total,2,0,2,1,0,1,1,0,1
Audiovisuelle Techniken und Medienproduktion,GL,EFZ,2,0,2,1,0,1,1,0,1
Audiovisuelle Techniken und Medienproduktion,GL,EBA,0,0,0,0,0,0,0,0,0
Audiovisuelle Techniken und Medienproduktion,GL,nReglementiert,0,0,0,0,0,0,0,0,0
Audiovisuelle Techniken und Medienproduktion,ZG,abt-total,22,0,22,9,0,9,13,0,13
Audiovisuelle Techniken und Medienproduktion,ZG,EFZ,22,0,22,9,0,9,13,0,13
Audiovisuelle Techniken und Medienproduktion,ZG,EBA,0,0,0,0,0,0,0,0,0
Audiovisuelle Techniken und Medienproduktion,ZG,nReglementiert,0,0,0,0,0,0,0,0,0
Audiovisuelle Techniken und Medienproduktion,FR,abt-total,57,33,24,27,13,14,30,20,10
Audiovisuelle Techniken und Medienproduktion,FR,EFZ,57,33,24,27,13,14,30,20,10
Audiovisuelle Techniken und Medienproduktion,FR,EBA,0,0,0,0,0,0,0,0,0
Audiovisuelle Techniken und Medienproduktion,FR,nReglementiert,0,0,0,0,0,0,0,0,0
Audiovisuelle Techniken und Medienproduktion,SO,abt-total,23,0,23,8,0,8,15,0,15
Audiovisuelle Techniken und Medienproduktion,SO,EFZ,23,0,23,8,0,8,15,0,15
Audiovisuelle Techniken und Medienproduktion,SO,EBA,0,0,0,0,0,0,0,0,0
Audiovisuelle Techniken und Medienproduktion,SO,nReglementiert,0,0,0,0,0,0,0,0,0
Audiovisuelle Techniken und Medienproduktion,BS,abt-total,22,0,22,9,0,9,13,0,13
Audiovisuelle Techniken und Medienproduktion,BS,EFZ,20,0,20,9,0,9,11,0,11
Audiovisuelle Techniken und Medienproduktion,BS,EBA,2,0,2,0,0,0,2,0,2
Audiovisuelle Techniken und Medienproduktion,BS,nReglementiert,0,0,0,0,0,0,0,0,0
Audiovisuelle Techniken und Medienproduktion,BL,abt-total,20,0,20,12,0,12,8,0,8
Audiovisuelle Techniken und Medienproduktion,BL,EFZ,19,0,19,12,0,12,7,0,7
Audiovisuelle Techniken und Medienproduktion,BL,EBA,1,0,1,0,0,0,1,0,1
Audiovisuelle Techniken und Medienproduktion,Bl,nReglementiert,0,0,0,0,0,0,0,0,0
Audiovisuelle Techniken und Medienproduktion,SH,abt-total,14,0,14,8,0,8,6,0,6
Audiovisuelle Techniken und Medienproduktion,SH,EFZ,11,0,11,7,0,7,4,0,4
Audiovisuelle Techniken und Medienproduktion,SH,EBA,3,0,3,1,0,1,2,0,2
Audiovisuelle Techniken und Medienproduktion,SH,nReglementiert,0,0,0,0,0,0,0,0,0
Audiovisuelle Techniken und Medienproduktion,AR,abt-total,8,0,8,1,0,1,7,0,7
Audiovisuelle Techniken und Medienproduktion,AR,EFZ,8,0,8,1,0,1,7,0,7
Audiovisuelle Techniken und Medienproduktion,AR,EBA,0,0,0,0,0,0,0,0,0
Audiovisuelle Techniken und Medienproduktion,AR,nReglementiert,0,0,0,0,0,0,0,0,0
Audiovisuelle Techniken und Medienproduktion,AI,abt-total,1,0,1,0,0,0,1,0,1
Audiovisuelle Techniken und Medienproduktion,AI,EFZ,1,0,1,0,0,0,1,0,1
Audiovisuelle Techniken und Medienproduktion,AI,EBA,0,0,0,0,0,0,0,0,0
Audiovisuelle Techniken und Medienproduktion,AI,nReglementiert,0,0,0,0,0,0,0,0,0
Audiovisuelle Techniken und Medienproduktion,SG,abt-total,91,11,80,41,4,37,50,7,43
Audiovisuelle Techniken und Medienproduktion,SG,EFZ,80,11,69,36,4,32,44,7,37
Audiovisuelle Techniken und Medienproduktion,SG,EBA,11,0,11,5,0,5,6,0,6
Audiovisuelle Techniken und Medienproduktion,SG,nReglementiert,0,0,0,0,0,0,0,0,0
Audiovisuelle Techniken und Medienproduktion,GR,abt-total,27,0,27,12,0,12,15,0,15
Audiovisuelle Techniken und Medienproduktion,GR,EFZ,26,0,26,11,0,11,15,0,15
Audiovisuelle Techniken und Medienproduktion,GR,EBA,1,0,1,1,0,1,0,0,0
Audiovisuelle Techniken und Medienproduktion,GR,nReglementiert,0,0,0,0,0,0,0,0,0
Audiovisuelle Techniken und Medienproduktion,AG,abt-total,69,0,69,30,0,30,39,0,39
Audiovisuelle Techniken und Medienproduktion,AG,EFZ,67,0,67,29,0,29,38,0,38
Audiovisuelle Techniken und Medienproduktion,AG,EBA,2,0,2,1,0,1,1,0,1
Audiovisuelle Techniken und Medienproduktion,AG,nReglementiert,0,0,0,0,0,0,0,0,0
Audiovisuelle Techniken und Medienproduktion,TG,abt-total,57,0,57,30,0,30,27,0,27
Audiovisuelle Techniken und Medienproduktion,TG,EFZ,55,0,55,30,0,30,25,0,25
Audiovisuelle Techniken und Medienproduktion,TG,EBA,2,0,2,0,0,0,2,0,2
Audiovisuelle Techniken und Medienproduktion,TG,nReglementiert,0,0,0,0,0,0,0,0,0
Audiovisuelle Techniken und Medienproduktion,TI,abt-total,50,20,30,21,7,14,29,13,16
Audiovisuelle Techniken und Medienproduktion,TI,EFZ,50,20,30,21,7,14,29,13,16
Audiovisuelle Techniken und Medienproduktion,TI,EBA,0,0,0,0,0,0,0,0,0
Audiovisuelle Techniken und Medienproduktion,TI,nReglementiert,0,0,0,0,0,0,0,0,0
Audiovisuelle Techniken und Medienproduktion,VD,abt-total,286,147,139,146,67,79,140,80,60
Audiovisuelle Techniken und Medienproduktion,VD,EFZ,284,147,137,144,67,77,140,80,60
Audiovisuelle Techniken und Medienproduktion,VD,EBA,2,0,2,2,0,2,0,0,0
Audiovisuelle Techniken und Medienproduktion,VD,nReglementiert,0,0,0,0,0,0,0,0,0
Audiovisuelle Techniken und Medienproduktion,VS,abt-total,82,34,48,41,10,31,41,24,17
Audiovisuelle Techniken und Medienproduktion,VS,EFZ,82,34,48,41,10,31,41,24,17
Audiovisuelle Techniken und Medienproduktion,VS,EBA,0,0,0,0,0,0,0,0,0
Audiovisuelle Techniken und Medienproduktion,VS,nReglementiert,0,0,0,0,0,0,0,0,0
Audiovisuelle Techniken und Medienproduktion,NE,abt-total,52,39,13,29,20,9,23,19,4
Audiovisuelle Techniken und Medienproduktion,NE,EFZ,52,39,13,29,20,9,23,19,4
Audiovisuelle Techniken und Medienproduktion,NE,EBA,0,0,0,0,0,0,0,0,0
Audiovisuelle Techniken und Medienproduktion,NE,nReglementiert,0,0,0,0,0,0,0,0,0
Audiovisuelle Techniken und Medienproduktion,GE,abt-total,78,50,28,42,24,18,36,26,10
Audiovisuelle Techniken und Medienproduktion,GE,EFZ,78,50,28,42,24,18,36,26,10
Audiovisuelle Techniken und Medienproduktion,GE,EBA,0,0,0,0,0,0,0,0,0
Audiovisuelle Techniken und Medienproduktion,GE,nReglementiert,0,0,0,0,0,0,0,0,0
Audiovisuelle Techniken und Medienproduktion,JU,abt-total,1,0,1,1,0,1,0,0,0
Audiovisuelle Techniken und Medienproduktion,JU,EFZ,1,0,1,1,0,1,0,0,0
Audiovisuelle Techniken und Medienproduktion,JU,EBA,0,0,0,0,0,0,0,0,0
Audiovisuelle Techniken und Medienproduktion,JU,nReglementiert,0,0,0,0,0,0,0,0,0
Design,,abt-total,411,51,360,133,3,130,278,48,230
Design,,EFZ,411,51,360,133,3,130,278,48,230
Design,,EBA,0,0,0,0,0,0,0,0,0
Design,,nReglementiert,0,0,0,0,0,0,0,0,0
Design,ZH,abt-total,53,0,53,15,0,15,38,0,38
Design,ZH,EFZ,53,0,53,15,0,15,38,0,38
Design,ZH,EBA,0,0,0,0,0,0,0,0,0
Design,ZH,nReglementiert,0,0,0,0,0,0,0,0,0
Design,BE,abt-total,43,0,43,10,0,10,33,0,33
Design,BE,EFZ,43,0,43,10,0,10,33,0,33
Design,BE,EBA,0,0,0,0,0,0,0,0,0
Design,BE,nReglementiert,0,0,0,0,0,0,0,0,0
Design,LU,abt-total,18,0,18,6,0,6,12,0,12
Design,LU,EFZ,18,0,18,6,0,6,12,0,12
Design,LU,EBA,0,0,0,0,0,0,0,0,0
Design,LU,nReglementiert,0,0,0,0,0,0,0,0,0
Design,UR,abt-total,1,0,1,1,0,1,0,0,0
Design,UR,EFZ,1,0,1,1,0,1,0,0,0
Design,UR,EBA,0,0,0,0,0,0,0,0,0
Design,UR,nReglementiert,0,0,0,0,0,0,0,0,0
Design,SZ,abt-total,6,0,6,2,0,2,4,0,4
Design,SZ,EFZ,6,0,6,2,0,2,4,0,4
Design,SZ,EBA,0,0,0,0,0,0,0,0,0
Design,SZ,nReglementiert,0,0,0,0,0,0,0,0,0
Design,OW,abt-total,1,0,1,0,0,0,1,0,1
Design,OW,EFZ,1,0,1,0,0,0,1,0,1
Design,OW,EBA,0,0,0,0,0,0,0,0,0
Design,OW,nReglementiert,0,0,0,0,0,0,0,0,0
Design,NW,abt-total,6,0,6,0,0,0,6,0,6
Design,NW,EFZ,6,0,6,0,0,0,6,0,6
Design,NW,EBA,0,0,0,0,0,0,0,0,0
Design,NW,nReglementiert,0,0,0,0,0,0,0,0,0
Design,GL,abt-total,0,0,0,0,0,0,0,0,0
Design,GL,EFZ,0,0,0,0,0,0,0,0,0
Design,GL,EBA,0,0,0,0,0,0,0,0,0
Design,GL,nReglementiert,0,0,0,0,0,0,0,0,0
Design,ZG,abt-total,9,0,9,4,0,4,5,0,5
Design,ZG,EFZ,9,0,9,4,0,4,5,0,5
Design,ZG,EBA,0,0,0,0,0,0,0,0,0
Design,ZG,nReglementiert,0,0,0,0,0,0,0,0,0
Design,FR,abt-total,15,0,15,9,0,9,6,0,6
Design,FR,EFZ,15,0,15,9,0,9,6,0,6
Design,FR,EBA,0,0,0,0,0,0,0,0,0
Design,FR,nReglementiert,0,0,0,0,0,0,0,0,0
Design,SO,abt-total,6,0,6,3,0,3,3,0,3
Design,SO,EFZ,6,0,6,3,0,3,3,0,3
Design,SO,EBA,0,0,0,0,0,0,0,0,0
Design,SO,nReglementiert,0,0,0,0,0,0,0,0,0
Design,BS,abt-total,10,0,10,6,0,6,4,0,4
Design,BS,EFZ,10,0,10,6,0,6,4,0,4
Design,BS,EBA,0,0,0,0,0,0,0,0,0
Design,BS,nReglementiert,0,0,0,0,0,0,0,0,0
Design,BL,abt-total,3,0,3,1,0,1,2,0,2
Design,BL,EFZ,3,0,3,1,0,1,2,0,2
Design,BL,EBA,0,0,0,0,0,0,0,0,0
Design,Bl,nReglementiert,0,0,0,0,0,0,0,0,0
Design,SH,abt-total,2,0,2,0,0,0,2,0,2
Design,SH,EFZ,2,0,2,0,0,0,2,0,2
Design,SH,EBA,0,0,0,0,0,0,0,0,0
Design,SH,nReglementiert,0,0,0,0,0,0,0,0,0
Design,AR,abt-total,1,0,1,0,0,0,1,0,1
Design,AR,EFZ,1,0,1,0,0,0,1,0,1
Design,AR,EBA,0,0,0,0,0,0,0,0,0
Design,AR,nReglementiert,0,0,0,0,0,0,0,0,0
Design,AI,abt-total,0,0,0,0,0,0,0,0,0
Design,AI,EFZ,0,0,0,0,0,0,0,0,0
Design,AI,EBA,0,0,0,0,0,0,0,0,0
Design,AI,nReglementiert,0,0,0,0,0,0,0,0,0
Design,SG,abt-total,22,0,22,3,0,3,19,0,19
Design,SG,EFZ,22,0,22,3,0,3,19,0,19
Design,SG,EBA,0,0,0,0,0,0,0,0,0
Design,SG,nReglementiert,0,0,0,0,0,0,0,0,0
Design,GR,abt-total,16,0,16,4,0,4,12,0,12
Design,GR,EFZ,16,0,16,4,0,4,12,0,12
Design,GR,EBA,0,0,0,0,0,0,0,0,0
Design,GR,nReglementiert,0,0,0,0,0,0,0,0,0
Design,AG,abt-total,22,0,22,7,0,7,15,0,15
Design,AG,EFZ,22,0,22,7,0,7,15,0,15
Design,AG,EBA,0,0,0,0,0,0,0,0,0
Design,AG,nReglementiert,0,0,0,0,0,0,0,0,0
Design,TG,abt-total,8,0,8,2,0,2,6,0,6
Design,TG,EFZ,8,0,8,2,0,2,6,0,6
Design,TG,EBA,0,0,0,0,0,0,0,0,0
Design,TG,nReglementiert,0,0,0,0,0,0,0,0,0
Design,TI,abt-total,34,20,14,10,0,10,24,20,4
Design,TI,EFZ,34,20,14,10,0,10,24,20,4
Design,TI,EBA,0,0,0,0,0,0,0,0,0
Design,TI,nReglementiert,0,0,0,0,0,0,0,0,0
Design,VD,abt-total,88,31,57,28,3,25,60,28,32
Design,VD,EFZ,88,31,57,28,3,25,60,28,32
Design,VD,EBA,0,0,0,0,0,0,0,0,0
Design,VD,nReglementiert,0,0,0,0,0,0,0,0,0
Design,VS,abt-total,18,0,18,7,0,7,11,0,11
Design,VS,EFZ,18,0,18,7,0,7,11,0,11
Design,VS,EBA,0,0,0,0,0,0,0,0,0
Design,VS,nReglementiert,0,0,0,0,0,0,0,0,0
Design,NE,abt-total,5,0,5,2,0,2,3,0,3
Design,NE,EFZ,5,0,5,2,0,2,3,0,3
Design,NE,EBA,0,0,0,0,0,0,0,0,0
Design,NE,nReglementiert,0,0,0,0,0,0,0,0,0
Design,GE,abt-total,24,0,24,13,0,13,11,0,11
Design,GE,EFZ,24,0,24,13,0,13,11,0,11
Design,GE,EBA,0,0,0,0,0,0,0,0,0
Design,GE,nReglementiert,0,0,0,0,0,0,0,0,0
Design,JU,abt-total,0,0,0,0,0,0,0,0,0
Design,JU,EFZ,0,0,0,0,0,0,0,0,0
Design,JU,EBA,0,0,0,0,0,0,0,0,0
Design,JU,nReglementiert,0,0,0,0,0,0,0,0,0
Kunstgewerbe,,abt-total,485,90,395,70,23,47,415,67,348
Kunstgewerbe,,EFZ,469,90,379,70,23,47,399,67,332
Kunstgewerbe,,EBA,16,0,16,0,0,0,16,0,16
Kunstgewerbe,,nReglementiert,0,0,0,0,0,0,0,0,0
Kunstgewerbe,ZH,abt-total,98,0,98,12,0,12,86,0,86
Kunstgewerbe,ZH,EFZ,90,0,90,12,0,12,78,0,78
Kunstgewerbe,ZH,EBA,8,0,8,0,0,0,8,0,8
Kunstgewerbe,ZH,nReglementiert,0,0,0,0,0,0,0,0,0
Kunstgewerbe,BE,abt-total,88,29,59,8,5,3,80,24,56
Kunstgewerbe,BE,EFZ,88,29,59,8,5,3,80,24,56
Kunstgewerbe,BE,EBA,0,0,0,0,0,0,0,0,0
Kunstgewerbe,BE,nReglementiert,0,0,0,0,0,0,0,0,0
Kunstgewerbe,LU,abt-total,21,0,21,3,0,3,18,0,18
Kunstgewerbe,LU,EFZ,19,0,19,3,0,3,16,0,16
Kunstgewerbe,LU,EBA,2,0,2,0,0,0,2,0,2
Kunstgewerbe,LU,nReglementiert,0,0,0,0,0,0,0,0,0
Kunstgewerbe,UR,abt-total,2,0,2,0,0,0,2,0,2
Kunstgewerbe,UR,EFZ,2,0,2,0,0,0,2,0,2
Kunstgewerbe,UR,EBA,0,0,0,0,0,0,0,0,0
Kunstgewerbe,UR,nReglementiert,0,0,0,0,0,0,0,0,0
Kunstgewerbe,SZ,abt-total,9,0,9,2,0,2,7,0,7
Kunstgewerbe,SZ,EFZ,9,0,9,2,0,2,7,0,7
Kunstgewerbe,SZ,EBA,0,0,0,0,0,0,0,0,0
Kunstgewerbe,SZ,nReglementiert,0,0,0,0,0,0,0,0,0
Kunstgewerbe,OW,abt-total,4,0,4,1,0,1,3,0,3
Kunstgewerbe,OW,EFZ,4,0,4,1,0,1,3,0,3
Kunstgewerbe,OW,EBA,0,0,0,0,0,0,0,0,0
Kunstgewerbe,OW,nReglementiert,0,0,0,0,0,0,0,0,0
Kunstgewerbe,NW,abt-total,2,0,2,0,0,0,2,0,2
Kunstgewerbe,NW,EFZ,2,0,2,0,0,0,2,0,2
Kunstgewerbe,NW,EBA,0,0,0,0,0,0,0,0,0
Kunstgewerbe,NW,nReglementiert,0,0,0,0,0,0,0,0,0
Kunstgewerbe,GL,abt-total,4,0,4,2,0,2,2,0,2
Kunstgewerbe,GL,EFZ,4,0,4,2,0,2,2,0,2
Kunstgewerbe,GL,EBA,0,0,0,0,0,0,0,0,0
Kunstgewerbe,GL,nReglementiert,0,0,0,0,0,0,0,0,0
Kunstgewerbe,ZG,abt-total,3,0,3,0,0,0,3,0,3
Kunstgewerbe,ZG,EFZ,3,0,3,0,0,0,3,0,3
Kunstgewerbe,ZG,EBA,0,0,0,0,0,0,0,0,0
Kunstgewerbe,ZG,nReglementiert,0,0,0,0,0,0,0,0,0
Kunstgewerbe,FR,abt-total,13,0,13,0,0,0,13,0,13
Kunstgewerbe,FR,EFZ,13,0,13,0,0,0,13,0,13
Kunstgewerbe,FR,EBA,0,0,0,0,0,0,0,0,0
Kunstgewerbe,FR,nReglementiert,0,0,0,0,0,0,0,0,0
Kunstgewerbe,SO,abt-total,14,0,14,0,0,0,14,0,14
Kunstgewerbe,SO,EFZ,14,0,14,0,0,0,14,0,14
Kunstgewerbe,SO,EBA,0,0,0,0,0,0,0,0,0
Kunstgewerbe,SO,nReglementiert,0,0,0,0,0,0,0,0,0
Kunstgewerbe,BS,abt-total,12,0,12,4,0,4,8,0,8
Kunstgewerbe,BS,EFZ,12,0,12,4,0,4,8,0,8
Kunstgewerbe,BS,EBA,0,0,0,0,0,0,0,0,0
Kunstgewerbe,BS,nReglementiert,0,0,0,0,0,0,0,0,0
Kunstgewerbe,BL,abt-total,5,0,5,2,0,2,3,0,3
Kunstgewerbe,BL,EFZ,5,0,5,2,0,2,3,0,3
Kunstgewerbe,BL,EBA,0,0,0,0,0,0,0,0,0
Kunstgewerbe,Bl,nReglementiert,0,0,0,0,0,0,0,0,0
Kunstgewerbe,SH,abt-total,4,0,4,1,0,1,3,0,3
Kunstgewerbe,SH,EFZ,4,0,4,1,0,1,3,0,3
Kunstgewerbe,SH,EBA,0,0,0,0,0,0,0,0,0
Kunstgewerbe,SH,nReglementiert,0,0,0,0,0,0,0,0,0
Kunstgewerbe,AR,abt-total,2,0,2,0,0,0,2,0,2
Kunstgewerbe,AR,EFZ,2,0,2,0,0,0,2,0,2
Kunstgewerbe,AR,EBA,0,0,0,0,0,0,0,0,0
Kunstgewerbe,AR,nReglementiert,0,0,0,0,0,0,0,0,0
Kunstgewerbe,AI,abt-total,0,0,0,0,0,0,0,0,0
Kunstgewerbe,AI,EFZ,0,0,0,0,0,0,0,0,0
Kunstgewerbe,AI,EBA,0,0,0,0,0,0,0,0,0
Kunstgewerbe,AI,nReglementiert,0,0,0,0,0,0,0,0,0
Kunstgewerbe,SG,abt-total,29,0,29,5,0,5,24,0,24
Kunstgewerbe,SG,EFZ,28,0,28,5,0,5,23,0,23
Kunstgewerbe,SG,EBA,1,0,1,0,0,0,1,0,1
Kunstgewerbe,SG,nReglementiert,0,0,0,0,0,0,0,0,0
Kunstgewerbe,GR,abt-total,11,0,11,0,0,0,11,0,11
Kunstgewerbe,GR,EFZ,10,0,10,0,0,0,10,0,10
Kunstgewerbe,GR,EBA,1,0,1,0,0,0,1,0,1
Kunstgewerbe,GR,nReglementiert,0,0,0,0,0,0,0,0,0
Kunstgewerbe,AG,abt-total,33,0,33,2,0,2,31,0,31
Kunstgewerbe,AG,EFZ,33,0,33,2,0,2,31,0,31
Kunstgewerbe,AG,EBA,0,0,0,0,0,0,0,0,0
Kunstgewerbe,AG,nReglementiert,0,0,0,0,0,0,0,0,0
Kunstgewerbe,TG,abt-total,14,0,14,1,0,1,13,0,13
Kunstgewerbe,TG,EFZ,14,0,14,1,0,1,13,0,13
Kunstgewerbe,TG,EBA,0,0,0,0,0,0,0,0,0
Kunstgewerbe,TG,nReglementiert,0,0,0,0,0,0,0,0,0
Kunstgewerbe,TI,abt-total,11,7,4,3,1,2,8,6,2
Kunstgewerbe,TI,EFZ,11,7,4,3,1,2,8,6,2
Kunstgewerbe,TI,EBA,0,0,0,0,0,0,0,0,0
Kunstgewerbe,TI,nReglementiert,0,0,0,0,0,0,0,0,0
Kunstgewerbe,VD,abt-total,44,11,33,8,5,3,36,6,30
Kunstgewerbe,VD,EFZ,40,11,29,8,5,3,32,6,26
Kunstgewerbe,VD,EBA,4,0,4,0,0,0,4,0,4
Kunstgewerbe,VD,nReglementiert,0,0,0,0,0,0,0,0,0
Kunstgewerbe,VS,abt-total,2,0,2,0,0,0,2,0,2
Kunstgewerbe,VS,EFZ,2,0,2,0,0,0,2,0,2
Kunstgewerbe,VS,EBA,0,0,0,0,0,0,0,0,0
Kunstgewerbe,VS,nReglementiert,0,0,0,0,0,0,0,0,0
Kunstgewerbe,NE,abt-total,16,9,7,4,3,1,12,6,6
Kunstgewerbe,NE,EFZ,16,9,7,4,3,1,12,6,6
Kunstgewerbe,NE,EBA,0,0,0,0,0,0,0,0,0
Kunstgewerbe,NE,nReglementiert,0,0,0,0,0,0,0,0,0
Kunstgewerbe,GE,abt-total,42,34,8,12,9,3,30,25,5
Kunstgewerbe,GE,EFZ,42,34,8,12,9,3,30,25,5
Kunstgewerbe,GE,EBA,0,0,0,0,0,0,0,0,0
Kunstgewerbe,GE,nReglementiert,0,0,0,0,0,0,0,0,0
Kunstgewerbe,JU,abt-total,2,0,2,0,0,0,2,0,2
Kunstgewerbe,JU,EFZ,2,0,2,0,0,0,2,0,2
Kunstgewerbe,JU,EBA,0,0,0,0,0,0,0,0,0
Kunstgewerbe,JU,nReglementiert,0,0,0,0,0,0,0,0,0
"Bibliothek, Informationswesen, Archiv",,abt-total,98,0,98,26,0,26,72,0,72
"Bibliothek, Informationswesen, Archiv",,EFZ,98,0,98,26,0,26,72,0,72
"Bibliothek, Informationswesen, Archiv",,EBA,0,0,0,0,0,0,0,0,0
"Bibliothek, Informationswesen, Archiv",,nReglementiert,0,0,0,0,0,0,0,0,0
"Bibliothek, Informationswesen, Archiv",ZH,abt-total,10,0,10,3,0,3,7,0,7
"Bibliothek, Informationswesen, Archiv",ZH,EFZ,10,0,10,3,0,3,7,0,7
"Bibliothek, Informationswesen, Archiv",ZH,EBA,0,0,0,0,0,0,0,0,0
"Bibliothek, Informationswesen, Archiv",ZH,nReglementiert,0,0,0,0,0,0,0,0,0
"Bibliothek, Informationswesen, Archiv",BE,abt-total,11,0,11,4,0,4,7,0,7
"Bibliothek, Informationswesen, Archiv",BE,EFZ,11,0,11,4,0,4,7,0,7
"Bibliothek, Informationswesen, Archiv",BE,EBA,0,0,0,0,0,0,0,0,0
"Bibliothek, Informationswesen, Archiv",BE,nReglementiert,0,0,0,0,0,0,0,0,0
"Bibliothek, Informationswesen, Archiv",LU,abt-total,1,0,1,0,0,0,1,0,1
"Bibliothek, Informationswesen, Archiv",LU,EFZ,1,0,1,0,0,0,1,0,1
"Bibliothek, Informationswesen, Archiv",LU,EBA,0,0,0,0,0,0,0,0,0
"Bibliothek, Informationswesen, Archiv",LU,nReglementiert,0,0,0,0,0,0,0,0,0
"Bibliothek, Informationswesen, Archiv",UR,abt-total,1,0,1,0,0,0,1,0,1
"Bibliothek, Informationswesen, Archiv",UR,EFZ,1,0,1,0,0,0,1,0,1
"Bibliothek, Informationswesen, Archiv",UR,EBA,0,0,0,0,0,0,0,0,0
"Bibliothek, Informationswesen, Archiv",UR,nReglementiert,0,0,0,0,0,0,0,0,0
"Bibliothek, Informationswesen, Archiv",SZ,abt-total,0,0,0,0,0,0,0,0,0
"Bibliothek, Informationswesen, Archiv",SZ,EFZ,0,0,0,0,0,0,0,0,0
"Bibliothek, Informationswesen, Archiv",SZ,EBA,0,0,0,0,0,0,0,0,0
"Bibliothek, Informationswesen, Archiv",SZ,nReglementiert,0,0,0,0,0,0,0,0,0
"Bibliothek, Informationswesen, Archiv",OW,abt-total,0,0,0,0,0,0,0,0,0
"Bibliothek, Informationswesen, Archiv",OW,EFZ,0,0,0,0,0,0,0,0,0
"Bibliothek, Informationswesen, Archiv",OW,EBA,0,0,0,0,0,0,0,0,0
"Bibliothek, Informationswesen, Archiv",OW,nReglementiert,0,0,0,0,0,0,0,0,0
"Bibliothek, Informationswesen, Archiv",NW,abt-total,0,0,0,0,0,0,0,0,0
"Bibliothek, Informationswesen, Archiv",NW,EFZ,0,0,0,0,0,0,0,0,0
"Bibliothek, Informationswesen, Archiv",NW,EBA,0,0,0,0,0,0,0,0,0
"Bibliothek, Informationswesen, Archiv",NW,nReglementiert,0,0,0,0,0,0,0,0,0
"Bibliothek, Informationswesen, Archiv",GL,abt-total,0,0,0,0,0,0,0,0,0
"Bibliothek, Informationswesen, Archiv",GL,EFZ,0,0,0,0,0,0,0,0,0
"Bibliothek, Informationswesen, Archiv",GL,EBA,0,0,0,0,0,0,0,0,0
"Bibliothek, Informationswesen, Archiv",GL,nReglementiert,0,0,0,0,0,0,0,0,0
"Bibliothek, Informationswesen, Archiv",ZG,abt-total,1,0,1,0,0,0,1,0,1
"Bibliothek, Informationswesen, Archiv",ZG,EFZ,1,0,1,0,0,0,1,0,1
"Bibliothek, Informationswesen, Archiv",ZG,EBA,0,0,0,0,0,0,0,0,0
"Bibliothek, Informationswesen, Archiv",ZG,nReglementiert,0,0,0,0,0,0,0,0,0
"Bibliothek, Informationswesen, Archiv",FR,abt-total,2,0,2,0,0,0,2,0,2
"Bibliothek, Informationswesen, Archiv",FR,EFZ,2,0,2,0,0,0,2,0,2
"Bibliothek, Informationswesen, Archiv",FR,EBA,0,0,0,0,0,0,0,0,0
"Bibliothek, Informationswesen, Archiv",FR,nReglementiert,0,0,0,0,0,0,0,0,0
"Bibliothek, Informationswesen, Archiv",SO,abt-total,0,0,0,0,0,0,0,0,0
"Bibliothek, Informationswesen, Archiv",SO,EFZ,0,0,0,0,0,0,0,0,0
"Bibliothek, Informationswesen, Archiv",SO,EBA,0,0,0,0,0,0,0,0,0
"Bibliothek, Informationswesen, Archiv",SO,nReglementiert,0,0,0,0,0,0,0,0,0
"Bibliothek, Informationswesen, Archiv",BS,abt-total,6,0,6,1,0,1,5,0,5
"Bibliothek, Informationswesen, Archiv",BS,EFZ,6,0,6,1,0,1,5,0,5
"Bibliothek, Informationswesen, Archiv",BS,EBA,0,0,0,0,0,0,0,0,0
"Bibliothek, Informationswesen, Archiv",BS,nReglementiert,0,0,0,0,0,0,0,0,0
"Bibliothek, Informationswesen, Archiv",BL,abt-total,2,0,2,0,0,0,2,0,2
"Bibliothek, Informationswesen, Archiv",BL,EFZ,2,0,2,0,0,0,2,0,2
"Bibliothek, Informationswesen, Archiv",BL,EBA,0,0,0,0,0,0,0,0,0
"Bibliothek, Informationswesen, Archiv",Bl,nReglementiert,0,0,0,0,0,0,0,0,0
"Bibliothek, Informationswesen, Archiv",SH,abt-total,1,0,1,1,0,1,0,0,0
"Bibliothek, Informationswesen, Archiv",SH,EFZ,1,0,1,1,0,1,0,0,0
"Bibliothek, Informationswesen, Archiv",SH,EBA,0,0,0,0,0,0,0,0,0
"Bibliothek, Informationswesen, Archiv",SH,nReglementiert,0,0,0,0,0,0,0,0,0
"Bibliothek, Informationswesen, Archiv",AR,abt-total,0,0,0,0,0,0,0,0,0
"Bibliothek, Informationswesen, Archiv",AR,EFZ,0,0,0,0,0,0,0,0,0
"Bibliothek, Informationswesen, Archiv",AR,EBA,0,0,0,0,0,0,0,0,0
"Bibliothek, Informationswesen, Archiv",AR,nReglementiert,0,0,0,0,0,0,0,0,0
"Bibliothek, Informationswesen, Archiv",AI,abt-total,0,0,0,0,0,0,0,0,0
"Bibliothek, Informationswesen, Archiv",AI,EFZ,0,0,0,0,0,0,0,0,0
"Bibliothek, Informationswesen, Archiv",AI,EBA,0,0,0,0,0,0,0,0,0
"Bibliothek, Informationswesen, Archiv",AI,nReglementiert,0,0,0,0,0,0,0,0,0
"Bibliothek, Informationswesen, Archiv",SG,abt-total,4,0,4,2,0,2,2,0,2
"Bibliothek, Informationswesen, Archiv",SG,EFZ,4,0,4,2,0,2,2,0,2
"Bibliothek, Informationswesen, Archiv",SG,EBA,0,0,0,0,0,0,0,0,0
"Bibliothek, Informationswesen, Archiv",SG,nReglementiert,0,0,0,0,0,0,0,0,0
"Bibliothek, Informationswesen, Archiv",GR,abt-total,1,0,1,0,0,0,1,0,1
"Bibliothek, Informationswesen, Archiv",GR,EFZ,1,0,1,0,0,0,1,0,1
"Bibliothek, Informationswesen, Archiv",GR,EBA,0,0,0,0,0,0,0,0,0
"Bibliothek, Informationswesen, Archiv",GR,nReglementiert,0,0,0,0,0,0,0,0,0
"Bibliothek, Informationswesen, Archiv",AG,abt-total,1,0,1,0,0,0,1,0,1
"Bibliothek, Informationswesen, Archiv",AG,EFZ,1,0,1,0,0,0,1,0,1
"Bibliothek, Informationswesen, Archiv",AG,EBA,0,0,0,0,0,0,0,0,0
"Bibliothek, Informationswesen, Archiv",AG,nReglementiert,0,0,0,0,0,0,0,0,0
"Bibliothek, Informationswesen, Archiv",TG,abt-total,1,0,1,0,0,0,1,0,1
"Bibliothek, Informationswesen, Archiv",TG,EFZ,1,0,1,0,0,0,1,0,1
"Bibliothek, Informationswesen, Archiv",TG,EBA,0,0,0,0,0,0,0,0,0
"Bibliothek, Informationswesen, Archiv",TG,nReglementiert,0,0,0,0,0,0,0,0,0
"Bibliothek, Informationswesen, Archiv",TI,abt-total,1,0,1,1,0,1,0,0,0
"Bibliothek, Informationswesen, Archiv",TI,EFZ,1,0,1,1,0,1,0,0,0
"Bibliothek, Informationswesen, Archiv",TI,EBA,0,0,0,0,0,0,0,0,0
"Bibliothek, Informationswesen, Archiv",TI,nReglementiert,0,0,0,0,0,0,0,0,0
"Bibliothek, Informationswesen, Archiv",VD,abt-total,28,0,28,7,0,7,21,0,21
"Bibliothek, Informationswesen, Archiv",VD,EFZ,28,0,28,7,0,7,21,0,21
"Bibliothek, Informationswesen, Archiv",VD,EBA,0,0,0,0,0,0,0,0,0
"Bibliothek, Informationswesen, Archiv",VD,nReglementiert,0,0,0,0,0,0,0,0,0
"Bibliothek, Informationswesen, Archiv",VS,abt-total,4,0,4,0,0,0,4,0,4
"Bibliothek, Informationswesen, Archiv",VS,EFZ,4,0,4,0,0,0,4,0,4
"Bibliothek, Informationswesen, Archiv",VS,EBA,0,0,0,0,0,0,0,0,0
"Bibliothek, Informationswesen, Archiv",VS,nReglementiert,0,0,0,0,0,0,0,0,0
"Bibliothek, Informationswesen, Archiv",NE,abt-total,6,0,6,3,0,3,3,0,3
"Bibliothek, Informationswesen, Archiv",NE,EFZ,6,0,6,3,0,3,3,0,3
"Bibliothek, Informationswesen, Archiv",NE,EBA,0,0,0,0,0,0,0,0,0
"Bibliothek, Informationswesen, Archiv",NE,nReglementiert,0,0,0,0,0,0,0,0,0
"Bibliothek, Informationswesen, Archiv",GE,abt-total,14,0,14,2,0,2,12,0,12
"Bibliothek, Informationswesen, Archiv",GE,EFZ,14,0,14,2,0,2,12,0,12
"Bibliothek, Informationswesen, Archiv",GE,EBA,0,0,0,0,0,0,0,0,0
"Bibliothek, Informationswesen, Archiv",GE,nReglementiert,0,0,0,0,0,0,0,0,0
"Bibliothek, Informationswesen, Archiv",JU,abt-total,3,0,3,2,0,2,1,0,1
"Bibliothek, Informationswesen, Archiv",JU,EFZ,3,0,3,2,0,2,1,0,1
"Bibliothek, Informationswesen, Archiv",JU,EBA,0,0,0,0,0,0,0,0,0
"Bibliothek, Informationswesen, Archiv",JU,nReglementiert,0,0,0,0,0,0,0,0,0
Handel,,abt-total,10055,2,10053,4044,0,4044,6011,2,6009
Handel,,EFZ,8343,2,8341,3392,0,3392,4951,2,4949
Handel,,EBA,1712,0,1712,652,0,652,1060,0,1060
Handel,,nReglementiert,0,0,0,0,0,0,0,0,0
Handel,ZH,abt-total,1859,0,1859,816,0,816,1043,0,1043
Handel,ZH,EFZ,1512,0,1512,668,0,668,844,0,844
Handel,ZH,EBA,347,0,347,148,0,148,199,0,199
Handel,ZH,nReglementiert,0,0,0,0,0,0,0,0,0
Handel,BE,abt-total,1248,0,1248,478,0,478,770,0,770
Handel,BE,EFZ,1030,0,1030,402,0,402,628,0,628
Handel,BE,EBA,218,0,218,76,0,76,142,0,142
Handel,BE,nReglementiert,0,0,0,0,0,0,0,0,0
Handel,LU,abt-total,592,0,592,210,0,210,382,0,382
Handel,LU,EFZ,468,0,468,176,0,176,292,0,292
Handel,LU,EBA,124,0,124,34,0,34,90,0,90
Handel,LU,nReglementiert,0,0,0,0,0,0,0,0,0
Handel,UR,abt-total,40,0,40,6,0,6,34,0,34
Handel,UR,EFZ,38,0,38,6,0,6,32,0,32
Handel,UR,EBA,2,0,2,0,0,0,2,0,2
Handel,UR,nReglementiert,0,0,0,0,0,0,0,0,0
Handel,SZ,abt-total,176,0,176,56,0,56,120,0,120
Handel,SZ,EFZ,146,0,146,46,0,46,100,0,100
Handel,SZ,EBA,30,0,30,10,0,10,20,0,20
Handel,SZ,nReglementiert,0,0,0,0,0,0,0,0,0
Handel,OW,abt-total,37,0,37,11,0,11,26,0,26
Handel,OW,EFZ,33,0,33,10,0,10,23,0,23
Handel,OW,EBA,4,0,4,1,0,1,3,0,3
Handel,OW,nReglementiert,0,0,0,0,0,0,0,0,0
Handel,NW,abt-total,40,0,40,11,0,11,29,0,29
Handel,NW,EFZ,37,0,37,10,0,10,27,0,27
Handel,NW,EBA,3,0,3,1,0,1,2,0,2
Handel,NW,nReglementiert,0,0,0,0,0,0,0,0,0
Handel,GL,abt-total,46,0,46,14,0,14,32,0,32
Handel,GL,EFZ,39,0,39,14,0,14,25,0,25
Handel,GL,EBA,7,0,7,0,0,0,7,0,7
Handel,GL,nReglementiert,0,0,0,0,0,0,0,0,0
Handel,ZG,abt-total,170,0,170,56,0,56,114,0,114
Handel,ZG,EFZ,136,0,136,43,0,43,93,0,93
Handel,ZG,EBA,34,0,34,13,0,13,21,0,21
Handel,ZG,nReglementiert,0,0,0,0,0,0,0,0,0
Handel,FR,abt-total,303,0,303,117,0,117,186,0,186
Handel,FR,EFZ,275,0,275,107,0,107,168,0,168
Handel,FR,EBA,28,0,28,10,0,10,18,0,18
Handel,FR,nReglementiert,0,0,0,0,0,0,0,0,0
Handel,SO,abt-total,338,0,338,155,0,155,183,0,183
Handel,SO,EFZ,255,0,255,115,0,115,140,0,140
Handel,SO,EBA,83,0,83,40,0,40,43,0,43
Handel,SO,nReglementiert,0,0,0,0,0,0,0,0,0
Handel,BS,abt-total,276,0,276,112,0,112,164,0,164
Handel,BS,EFZ,228,0,228,99,0,99,129,0,129
Handel,BS,EBA,48,0,48,13,0,13,35,0,35
Handel,BS,nReglementiert,0,0,0,0,0,0,0,0,0
Handel,BL,abt-total,259,0,259,132,0,132,127,0,127
Handel,BL,EFZ,194,0,194,97,0,97,97,0,97
Handel,BL,EBA,65,0,65,35,0,35,30,0,30
Handel,Bl,nReglementiert,0,0,0,0,0,0,0,0,0
Handel,SH,abt-total,113,0,113,42,0,42,71,0,71
Handel,SH,EFZ,97,0,97,38,0,38,59,0,59
Handel,SH,EBA,16,0,16,4,0,4,12,0,12
Handel,SH,nReglementiert,0,0,0,0,0,0,0,0,0
Handel,AR,abt-total,32,0,32,9,0,9,23,0,23
Handel,AR,EFZ,25,0,25,7,0,7,18,0,18
Handel,AR,EBA,7,0,7,2,0,2,5,0,5
Handel,AR,nReglementiert,0,0,0,0,0,0,0,0,0
Handel,AI,abt-total,22,0,22,4,0,4,18,0,18
Handel,AI,EFZ,20,0,20,4,0,4,16,0,16
Handel,AI,EBA,2,0,2,0,0,0,2,0,2
Handel,AI,nReglementiert,0,0,0,0,0,0,0,0,0
Handel,SG,abt-total,856,0,856,296,0,296,560,0,560
Handel,SG,EFZ,701,0,701,246,0,246,455,0,455
Handel,SG,EBA,155,0,155,50,0,50,105,0,105
Handel,SG,nReglementiert,0,0,0,0,0,0,0,0,0
Handel,GR,abt-total,219,0,219,69,0,69,150,0,150
Handel,GR,EFZ,188,0,188,59,0,59,129,0,129
Handel,GR,EBA,31,0,31,10,0,10,21,0,21
Handel,GR,nReglementiert,0,0,0,0,0,0,0,0,0
Handel,AG,abt-total,844,0,844,344,0,344,500,0,500
Handel,AG,EFZ,702,0,702,302,0,302,400,0,400
Handel,AG,EBA,142,0,142,42,0,42,100,0,100
Handel,AG,nReglementiert,0,0,0,0,0,0,0,0,0
Handel,TG,abt-total,319,0,319,129,0,129,190,0,190
Handel,TG,EFZ,251,0,251,96,0,96,155,0,155
Handel,TG,EBA,68,0,68,33,0,33,35,0,35
Handel,TG,nReglementiert,0,0,0,0,0,0,0,0,0
Handel,TI,abt-total,294,2,292,141,0,141,153,2,151
Handel,TI,EFZ,264,2,262,129,0,129,135,2,133
Handel,TI,EBA,30,0,30,12,0,12,18,0,18
Handel,TI,nReglementiert,0,0,0,0,0,0,0,0,0
Handel,VD,abt-total,887,0,887,364,0,364,523,0,523
Handel,VD,EFZ,781,0,781,314,0,314,467,0,467
Handel,VD,EBA,106,0,106,50,0,50,56,0,56
Handel,VD,nReglementiert,0,0,0,0,0,0,0,0,0
Handel,VS,abt-total,412,0,412,161,0,161,251,0,251
Handel,VS,EFZ,350,0,350,141,0,141,209,0,209
Handel,VS,EBA,62,0,62,20,0,20,42,0,42
Handel,VS,nReglementiert,0,0,0,0,0,0,0,0,0
Handel,NE,abt-total,175,0,175,64,0,64,111,0,111
Handel,NE,EFZ,165,0,165,57,0,57,108,0,108
Handel,NE,EBA,10,0,10,7,0,7,3,0,3
Handel,NE,nReglementiert,0,0,0,0,0,0,0,0,0
Handel,GE,abt-total,420,0,420,218,0,218,202,0,202
Handel,GE,EFZ,341,0,341,179,0,179,162,0,162
Handel,GE,EBA,79,0,79,39,0,39,40,0,40
Handel,GE,nReglementiert,0,0,0,0,0,0,0,0,0
Handel,JU,abt-total,78,0,78,29,0,29,49,0,49
Handel,JU,EFZ,67,0,67,27,0,27,40,0,40
Handel,JU,EBA,11,0,11,2,0,2,9,0,9
Handel,JU,nReglementiert,0,0,0,0,0,0,0,0,0
Sekretariats- und Büroarbeit,,abt-total,500,0,500,159,0,159,341,0,341
Sekretariats- und Büroarbeit,,EFZ,0,0,0,0,0,0,0,0,0
Sekretariats- und Büroarbeit,,EBA,500,0,500,159,0,159,341,0,341
Sekretariats- und Büroarbeit,,nReglementiert,0,0,0,0,0,0,0,0,0
Sekretariats- und Büroarbeit,ZH,abt-total,89,0,89,31,0,31,58,0,58
Sekretariats- und Büroarbeit,ZH,EFZ,0,0,0,0,0,0,0,0,0
Sekretariats- und Büroarbeit,ZH,EBA,89,0,89,31,0,31,58,0,58
Sekretariats- und Büroarbeit,ZH,nReglementiert,0,0,0,0,0,0,0,0,0
Sekretariats- und Büroarbeit,BE,abt-total,62,0,62,20,0,20,42,0,42
Sekretariats- und Büroarbeit,BE,EFZ,0,0,0,0,0,0,0,0,0
Sekretariats- und Büroarbeit,BE,EBA,62,0,62,20,0,20,42,0,42
Sekretariats- und Büroarbeit,BE,nReglementiert,0,0,0,0,0,0,0,0,0
Sekretariats- und Büroarbeit,LU,abt-total,22,0,22,5,0,5,17,0,17
Sekretariats- und Büroarbeit,LU,EFZ,0,0,0,0,0,0,0,0,0
Sekretariats- und Büroarbeit,LU,EBA,22,0,22,5,0,5,17,0,17
Sekretariats- und Büroarbeit,LU,nReglementiert,0,0,0,0,0,0,0,0,0
Sekretariats- und Büroarbeit,UR,abt-total,0,0,0,0,0,0,0,0,0
Sekretariats- und Büroarbeit,UR,EFZ,0,0,0,0,0,0,0,0,0
Sekretariats- und Büroarbeit,UR,EBA,0,0,0,0,0,0,0,0,0
Sekretariats- und Büroarbeit,UR,nReglementiert,0,0,0,0,0,0,0,0,0
Sekretariats- und Büroarbeit,SZ,abt-total,1,0,1,0,0,0,1,0,1
Sekretariats- und Büroarbeit,SZ,EFZ,0,0,0,0,0,0,0,0,0
Sekretariats- und Büroarbeit,SZ,EBA,1,0,1,0,0,0,1,0,1
Sekretariats- und Büroarbeit,SZ,nReglementiert,0,0,0,0,0,0,0,0,0
Sekretariats- und Büroarbeit,OW,abt-total,1,0,1,1,0,1,0,0,0
Sekretariats- und Büroarbeit,OW,EFZ,0,0,0,0,0,0,0,0,0
Sekretariats- und Büroarbeit,OW,EBA,1,0,1,1,0,1,0,0,0
Sekretariats- und Büroarbeit,OW,nReglementiert,0,0,0,0,0,0,0,0,0
Sekretariats- und Büroarbeit,NW,abt-total,0,0,0,0,0,0,0,0,0
Sekretariats- und Büroarbeit,NW,EFZ,0,0,0,0,0,0,0,0,0
Sekretariats- und Büroarbeit,NW,EBA,0,0,0,0,0,0,0,0,0
Sekretariats- und Büroarbeit,NW,nReglementiert,0,0,0,0,0,0,0,0,0
Sekretariats- und Büroarbeit,GL,abt-total,1,0,1,1,0,1,0,0,0
Sekretariats- und Büroarbeit,GL,EFZ,0,0,0,0,0,0,0,0,0
Sekretariats- und Büroarbeit,GL,EBA,1,0,1,1,0,1,0,0,0
Sekretariats- und Büroarbeit,GL,nReglementiert,0,0,0,0,0,0,0,0,0
Sekretariats- und Büroarbeit,ZG,abt-total,17,0,17,4,0,4,13,0,13
Sekretariats- und Büroarbeit,ZG,EFZ,0,0,0,0,0,0,0,0,0
Sekretariats- und Büroarbeit,ZG,EBA,17,0,17,4,0,4,13,0,13
Sekretariats- und Büroarbeit,ZG,nReglementiert,0,0,0,0,0,0,0,0,0
Sekretariats- und Büroarbeit,FR,abt-total,10,0,10,1,0,1,9,0,9
Sekretariats- und Büroarbeit,FR,EFZ,0,0,0,0,0,0,0,0,0
Sekretariats- und Büroarbeit,FR,EBA,10,0,10,1,0,1,9,0,9
Sekretariats- und Büroarbeit,FR,nReglementiert,0,0,0,0,0,0,0,0,0
Sekretariats- und Büroarbeit,SO,abt-total,11,0,11,2,0,2,9,0,9
Sekretariats- und Büroarbeit,SO,EFZ,0,0,0,0,0,0,0,0,0
Sekretariats- und Büroarbeit,SO,EBA,11,0,11,2,0,2,9,0,9
Sekretariats- und Büroarbeit,SO,nReglementiert,0,0,0,0,0,0,0,0,0
Sekretariats- und Büroarbeit,BS,abt-total,81,0,81,28,0,28,53,0,53
Sekretariats- und Büroarbeit,BS,EFZ,0,0,0,0,0,0,0,0,0
Sekretariats- und Büroarbeit,BS,EBA,81,0,81,28,0,28,53,0,53
Sekretariats- und Büroarbeit,BS,nReglementiert,0,0,0,0,0,0,0,0,0
Sekretariats- und Büroarbeit,BL,abt-total,41,0,41,17,0,17,24,0,24
Sekretariats- und Büroarbeit,BL,EFZ,0,0,0,0,0,0,0,0,0
Sekretariats- und Büroarbeit,BL,EBA,41,0,41,17,0,17,24,0,24
Sekretariats- und Büroarbeit,Bl,nReglementiert,0,0,0,0,0,0,0,0,0
Sekretariats- und Büroarbeit,SH,abt-total,2,0,2,1,0,1,1,0,1
Sekretariats- und Büroarbeit,SH,EFZ,0,0,0,0,0,0,0,0,0
Sekretariats- und Büroarbeit,SH,EBA,2,0,2,1,0,1,1,0,1
Sekretariats- und Büroarbeit,SH,nReglementiert,0,0,0,0,0,0,0,0,0
Sekretariats- und Büroarbeit,AR,abt-total,1,0,1,1,0,1,0,0,0
Sekretariats- und Büroarbeit,AR,EFZ,0,0,0,0,0,0,0,0,0
Sekretariats- und Büroarbeit,AR,EBA,1,0,1,1,0,1,0,0,0
Sekretariats- und Büroarbeit,AR,nReglementiert,0,0,0,0,0,0,0,0,0
Sekretariats- und Büroarbeit,AI,abt-total,0,0,0,0,0,0,0,0,0
Sekretariats- und Büroarbeit,AI,EFZ,0,0,0,0,0,0,0,0,0
Sekretariats- und Büroarbeit,AI,EBA,0,0,0,0,0,0,0,0,0
Sekretariats- und Büroarbeit,AI,nReglementiert,0,0,0,0,0,0,0,0,0
Sekretariats- und Büroarbeit,SG,abt-total,19,0,19,7,0,7,12,0,12
Sekretariats- und Büroarbeit,SG,EFZ,0,0,0,0,0,0,0,0,0
Sekretariats- und Büroarbeit,SG,EBA,19,0,19,7,0,7,12,0,12
Sekretariats- und Büroarbeit,SG,nReglementiert,0,0,0,0,0,0,0,0,0
Sekretariats- und Büroarbeit,GR,abt-total,10,0,10,3,0,3,7,0,7
Sekretariats- und Büroarbeit,GR,EFZ,0,0,0,0,0,0,0,0,0
Sekretariats- und Büroarbeit,GR,EBA,10,0,10,3,0,3,7,0,7
Sekretariats- und Büroarbeit,GR,nReglementiert,0,0,0,0,0,0,0,0,0
Sekretariats- und Büroarbeit,AG,abt-total,23,0,23,2,0,2,21,0,21
Sekretariats- und Büroarbeit,AG,EFZ,0,0,0,0,0,0,0,0,0
Sekretariats- und Büroarbeit,AG,EBA,23,0,23,2,0,2,21,0,21
Sekretariats- und Büroarbeit,AG,nReglementiert,0,0,0,0,0,0,0,0,0
Sekretariats- und Büroarbeit,TG,abt-total,10,0,10,4,0,4,6,0,6
Sekretariats- und Büroarbeit,TG,EFZ,0,0,0,0,0,0,0,0,0
Sekretariats- und Büroarbeit,TG,EBA,10,0,10,4,0,4,6,0,6
Sekretariats- und Büroarbeit,TG,nReglementiert,0,0,0,0,0,0,0,0,0
Sekretariats- und Büroarbeit,TI,abt-total,11,0,11,5,0,5,6,0,6
Sekretariats- und Büroarbeit,TI,EFZ,0,0,0,0,0,0,0,0,0
Sekretariats- und Büroarbeit,TI,EBA,11,0,11,5,0,5,6,0,6
Sekretariats- und Büroarbeit,TI,nReglementiert,0,0,0,0,0,0,0,0,0
Sekretariats- und Büroarbeit,VD,abt-total,62,0,62,22,0,22,40,0,40
Sekretariats- und Büroarbeit,VD,EFZ,0,0,0,0,0,0,0,0,0
Sekretariats- und Büroarbeit,VD,EBA,62,0,62,22,0,22,40,0,40
Sekretariats- und Büroarbeit,VD,nReglementiert,0,0,0,0,0,0,0,0,0
Sekretariats- und Büroarbeit,VS,abt-total,4,0,4,0,0,0,4,0,4
Sekretariats- und Büroarbeit,VS,EFZ,0,0,0,0,0,0,0,0,0
Sekretariats- und Büroarbeit,VS,EBA,4,0,4,0,0,0,4,0,4
Sekretariats- und Büroarbeit,VS,nReglementiert,0,0,0,0,0,0,0,0,0
Sekretariats- und Büroarbeit,NE,abt-total,0,0,0,0,0,0,0,0,0
Sekretariats- und Büroarbeit,NE,EFZ,0,0,0,0,0,0,0,0,0
Sekretariats- und Büroarbeit,NE,EBA,0,0,0,0,0,0,0,0,0
Sekretariats- und Büroarbeit,NE,nReglementiert,0,0,0,0,0,0,0,0,0
Sekretariats- und Büroarbeit,GE,abt-total,20,0,20,4,0,4,16,0,16
Sekretariats- und Büroarbeit,GE,EFZ,0,0,0,0,0,0,0,0,0
Sekretariats- und Büroarbeit,GE,EBA,20,0,20,4,0,4,16,0,16
Sekretariats- und Büroarbeit,GE,nReglementiert,0,0,0,0,0,0,0,0,0
Sekretariats- und Büroarbeit,JU,abt-total,2,0,2,0,0,0,2,0,2
Sekretariats- und Büroarbeit,JU,EFZ,0,0,0,0,0,0,0,0,0
Sekretariats- und Büroarbeit,JU,EBA,2,0,2,0,0,0,2,0,2
Sekretariats- und Büroarbeit,JU,nReglementiert,0,0,0,0,0,0,0,0,0
Wirtschaft und Verwaltung,,abt-total,12642,1527,11115,4756,861,3895,7886,666,7220
Wirtschaft und Verwaltung,,EFZ,12642,1527,11115,4756,861,3895,7886,666,7220
Wirtschaft und Verwaltung,,EBA,0,0,0,0,0,0,0,0,0
Wirtschaft und Verwaltung,,nReglementiert,0,0,0,0,0,0,0,0,0
Wirtschaft und Verwaltung,ZH,abt-total,2200,0,2200,820,0,820,1380,0,1380
Wirtschaft und Verwaltung,ZH,EFZ,2200,0,2200,820,0,820,1380,0,1380
Wirtschaft und Verwaltung,ZH,EBA,0,0,0,0,0,0,0,0,0
Wirtschaft und Verwaltung,ZH,nReglementiert,0,0,0,0,0,0,0,0,0
Wirtschaft und Verwaltung,BE,abt-total,1423,0,1423,516,0,516,907,0,907
Wirtschaft und Verwaltung,BE,EFZ,1423,0,1423,516,0,516,907,0,907
Wirtschaft und Verwaltung,BE,EBA,0,0,0,0,0,0,0,0,0
Wirtschaft und Verwaltung,BE,nReglementiert,0,0,0,0,0,0,0,0,0
Wirtschaft und Verwaltung,LU,abt-total,510,0,510,134,0,134,376,0,376
Wirtschaft und Verwaltung,LU,EFZ,510,0,510,134,0,134,376,0,376
Wirtschaft und Verwaltung,LU,EBA,0,0,0,0,0,0,0,0,0
Wirtschaft und Verwaltung,LU,nReglementiert,0,0,0,0,0,0,0,0,0
Wirtschaft und Verwaltung,UR,abt-total,46,0,46,13,0,13,33,0,33
Wirtschaft und Verwaltung,UR,EFZ,46,0,46,13,0,13,33,0,33
Wirtschaft und Verwaltung,UR,EBA,0,0,0,0,0,0,0,0,0
Wirtschaft und Verwaltung,UR,nReglementiert,0,0,0,0,0,0,0,0,0
Wirtschaft und Verwaltung,SZ,abt-total,148,0,148,47,0,47,101,0,101
Wirtschaft und Verwaltung,SZ,EFZ,148,0,148,47,0,47,101,0,101
Wirtschaft und Verwaltung,SZ,EBA,0,0,0,0,0,0,0,0,0
Wirtschaft und Verwaltung,SZ,nReglementiert,0,0,0,0,0,0,0,0,0
Wirtschaft und Verwaltung,OW,abt-total,40,0,40,12,0,12,28,0,28
Wirtschaft und Verwaltung,OW,EFZ,40,0,40,12,0,12,28,0,28
Wirtschaft und Verwaltung,OW,EBA,0,0,0,0,0,0,0,0,0
Wirtschaft und Verwaltung,OW,nReglementiert,0,0,0,0,0,0,0,0,0
Wirtschaft und Verwaltung,NW,abt-total,51,0,51,13,0,13,38,0,38
Wirtschaft und Verwaltung,NW,EFZ,51,0,51,13,0,13,38,0,38
Wirtschaft und Verwaltung,NW,EBA,0,0,0,0,0,0,0,0,0
Wirtschaft und Verwaltung,NW,nReglementiert,0,0,0,0,0,0,0,0,0
Wirtschaft und Verwaltung,GL,abt-total,74,0,74,25,0,25,49,0,49
Wirtschaft und Verwaltung,GL,EFZ,74,0,74,25,0,25,49,0,49
Wirtschaft und Verwaltung,GL,EBA,0,0,0,0,0,0,0,0,0
Wirtschaft und Verwaltung,GL,nReglementiert,0,0,0,0,0,0,0,0,0
Wirtschaft und Verwaltung,ZG,abt-total,233,0,233,80,0,80,153,0,153
Wirtschaft und Verwaltung,ZG,EFZ,233,0,233,80,0,80,153,0,153
Wirtschaft und Verwaltung,ZG,EBA,0,0,0,0,0,0,0,0,0
Wirtschaft und Verwaltung,ZG,nReglementiert,0,0,0,0,0,0,0,0,0
Wirtschaft und Verwaltung,FR,abt-total,409,0,409,119,0,119,290,0,290
Wirtschaft und Verwaltung,FR,EFZ,409,0,409,119,0,119,290,0,290
Wirtschaft und Verwaltung,FR,EBA,0,0,0,0,0,0,0,0,0
Wirtschaft und Verwaltung,FR,nReglementiert,0,0,0,0,0,0,0,0,0
Wirtschaft und Verwaltung,SO,abt-total,321,0,321,106,0,106,215,0,215
Wirtschaft und Verwaltung,SO,EFZ,321,0,321,106,0,106,215,0,215
Wirtschaft und Verwaltung,SO,EBA,0,0,0,0,0,0,0,0,0
Wirtschaft und Verwaltung,SO,nReglementiert,0,0,0,0,0,0,0,0,0
Wirtschaft und Verwaltung,BS,abt-total,344,0,344,149,0,149,195,0,195
Wirtschaft und Verwaltung,BS,EFZ,344,0,344,149,0,149,195,0,195
Wirtschaft und Verwaltung,BS,EBA,0,0,0,0,0,0,0,0,0
Wirtschaft und Verwaltung,BS,nReglementiert,0,0,0,0,0,0,0,0,0
Wirtschaft und Verwaltung,BL,abt-total,245,0,245,116,0,116,129,0,129
Wirtschaft und Verwaltung,BL,EFZ,245,0,245,116,0,116,129,0,129
Wirtschaft und Verwaltung,BL,EBA,0,0,0,0,0,0,0,0,0
Wirtschaft und Verwaltung,Bl,nReglementiert,0,0,0,0,0,0,0,0,0
Wirtschaft und Verwaltung,SH,abt-total,129,0,129,39,0,39,90,0,90
Wirtschaft und Verwaltung,SH,EFZ,129,0,129,39,0,39,90,0,90
Wirtschaft und Verwaltung,SH,EBA,0,0,0,0,0,0,0,0,0
Wirtschaft und Verwaltung,SH,nReglementiert,0,0,0,0,0,0,0,0,0
Wirtschaft und Verwaltung,AR,abt-total,57,0,57,17,0,17,40,0,40
Wirtschaft und Verwaltung,AR,EFZ,57,0,57,17,0,17,40,0,40
Wirtschaft und Verwaltung,AR,EBA,0,0,0,0,0,0,0,0,0
Wirtschaft und Verwaltung,AR,nReglementiert,0,0,0,0,0,0,0,0,0
Wirtschaft und Verwaltung,AI,abt-total,22,0,22,9,0,9,13,0,13
Wirtschaft und Verwaltung,AI,EFZ,22,0,22,9,0,9,13,0,13
Wirtschaft und Verwaltung,AI,EBA,0,0,0,0,0,0,0,0,0
Wirtschaft und Verwaltung,AI,nReglementiert,0,0,0,0,0,0,0,0,0
Wirtschaft und Verwaltung,SG,abt-total,826,0,826,253,0,253,573,0,573
Wirtschaft und Verwaltung,SG,EFZ,826,0,826,253,0,253,573,0,573
Wirtschaft und Verwaltung,SG,EBA,0,0,0,0,0,0,0,0,0
Wirtschaft und Verwaltung,SG,nReglementiert,0,0,0,0,0,0,0,0,0
Wirtschaft und Verwaltung,GR,abt-total,299,0,299,86,0,86,213,0,213
Wirtschaft und Verwaltung,GR,EFZ,299,0,299,86,0,86,213,0,213
Wirtschaft und Verwaltung,GR,EBA,0,0,0,0,0,0,0,0,0
Wirtschaft und Verwaltung,GR,nReglementiert,0,0,0,0,0,0,0,0,0
Wirtschaft und Verwaltung,AG,abt-total,869,0,869,300,0,300,569,0,569
Wirtschaft und Verwaltung,AG,EFZ,869,0,869,300,0,300,569,0,569
Wirtschaft und Verwaltung,AG,EBA,0,0,0,0,0,0,0,0,0
Wirtschaft und Verwaltung,AG,nReglementiert,0,0,0,0,0,0,0,0,0
Wirtschaft und Verwaltung,TG,abt-total,294,0,294,98,0,98,196,0,196
Wirtschaft und Verwaltung,TG,EFZ,294,0,294,98,0,98,196,0,196
Wirtschaft und Verwaltung,TG,EBA,0,0,0,0,0,0,0,0,0
Wirtschaft und Verwaltung,TG,nReglementiert,0,0,0,0,0,0,0,0,0
Wirtschaft und Verwaltung,TI,abt-total,746,454,292,341,228,113,405,226,179
Wirtschaft und Verwaltung,TI,EFZ,746,454,292,341,228,113,405,226,179
Wirtschaft und Verwaltung,TI,EBA,0,0,0,0,0,0,0,0,0
Wirtschaft und Verwaltung,TI,nReglementiert,0,0,0,0,0,0,0,0,0
Wirtschaft und Verwaltung,VD,abt-total,1154,8,1146,428,5,423,726,3,723
Wirtschaft und Verwaltung,VD,EFZ,1154,8,1146,428,5,423,726,3,723
Wirtschaft und Verwaltung,VD,EBA,0,0,0,0,0,0,0,0,0
Wirtschaft und Verwaltung,VD,nReglementiert,0,0,0,0,0,0,0,0,0
Wirtschaft und Verwaltung,VS,abt-total,317,0,317,93,0,93,224,0,224
Wirtschaft und Verwaltung,VS,EFZ,317,0,317,93,0,93,224,0,224
Wirtschaft und Verwaltung,VS,EBA,0,0,0,0,0,0,0,0,0
Wirtschaft und Verwaltung,VS,nReglementiert,0,0,0,0,0,0,0,0,0
Wirtschaft und Verwaltung,NE,abt-total,446,249,197,174,111,63,272,138,134
Wirtschaft und Verwaltung,NE,EFZ,446,249,197,174,111,63,272,138,134
Wirtschaft und Verwaltung,NE,EBA,0,0,0,0,0,0,0,0,0
Wirtschaft und Verwaltung,NE,nReglementiert,0,0,0,0,0,0,0,0,0
Wirtschaft und Verwaltung,GE,abt-total,1260,816,444,696,517,179,564,299,265
Wirtschaft und Verwaltung,GE,EFZ,1260,816,444,696,517,179,564,299,265
Wirtschaft und Verwaltung,GE,EBA,0,0,0,0,0,0,0,0,0
Wirtschaft und Verwaltung,GE,nReglementiert,0,0,0,0,0,0,0,0,0
Wirtschaft und Verwaltung,JU,abt-total,179,0,179,72,0,72,107,0,107
Wirtschaft und Verwaltung,JU,EFZ,179,0,179,72,0,72,107,0,107
Wirtschaft und Verwaltung,JU,EBA,0,0,0,0,0,0,0,0,0
Wirtschaft und Verwaltung,JU,nReglementiert,0,0,0,0,0,0,0,0,0
Informatik,,abt-total,1972,488,1484,1803,439,1364,169,49,120
Informatik,,EFZ,1873,476,1397,1717,429,1288,156,47,109
Informatik,,EBA,99,12,87,86,10,76,13,2,11
Informatik,,nReglementiert,0,0,0,0,0,0,0,0,0
Informatik,ZH,abt-total,441,5,436,400,5,395,41,0,41
Informatik,ZH,EFZ,412,5,407,377,5,372,35,0,35
Informatik,ZH,EBA,29,0,29,23,0,23,6,0,6
Informatik,ZH,nReglementiert,0,0,0,0,0,0,0,0,0
Informatik,BE,abt-total,308,40,268,279,38,241,29,2,27
Informatik,BE,EFZ,277,28,249,251,28,223,26,0,26
Informatik,BE,EBA,31,12,19,28,10,18,3,2,1
Informatik,BE,nReglementiert,0,0,0,0,0,0,0,0,0
Informatik,LU,abt-total,78,0,78,70,0,70,8,0,8
Informatik,LU,EFZ,72,0,72,65,0,65,7,0,7
Informatik,LU,EBA,6,0,6,5,0,5,1,0,1
Informatik,LU,nReglementiert,0,0,0,0,0,0,0,0,0
Informatik,UR,abt-total,3,0,3,2,0,2,1,0,1
Informatik,UR,EFZ,3,0,3,2,0,2,1,0,1
Informatik,UR,EBA,0,0,0,0,0,0,0,0,0
Informatik,UR,nReglementiert,0,0,0,0,0,0,0,0,0
Informatik,SZ,abt-total,11,0,11,10,0,10,1,0,1
Informatik,SZ,EFZ,11,0,11,10,0,10,1,0,1
Informatik,SZ,EBA,0,0,0,0,0,0,0,0,0
Informatik,SZ,nReglementiert,0,0,0,0,0,0,0,0,0
Informatik,OW,abt-total,2,0,2,1,0,1,1,0,1
Informatik,OW,EFZ,2,0,2,1,0,1,1,0,1
Informatik,OW,EBA,0,0,0,0,0,0,0,0,0
Informatik,OW,nReglementiert,0,0,0,0,0,0,0,0,0
Informatik,NW,abt-total,3,0,3,3,0,3,0,0,0
Informatik,NW,EFZ,3,0,3,3,0,3,0,0,0
Informatik,NW,EBA,0,0,0,0,0,0,0,0,0
Informatik,NW,nReglementiert,0,0,0,0,0,0,0,0,0
Informatik,GL,abt-total,4,0,4,4,0,4,0,0,0
Informatik,GL,EFZ,4,0,4,4,0,4,0,0,0
Informatik,GL,EBA,0,0,0,0,0,0,0,0,0
Informatik,GL,nReglementiert,0,0,0,0,0,0,0,0,0
Informatik,ZG,abt-total,61,0,61,57,0,57,4,0,4
Informatik,ZG,EFZ,60,0,60,57,0,57,3,0,3
Informatik,ZG,EBA,1,0,1,0,0,0,1,0,1
Informatik,ZG,nReglementiert,0,0,0,0,0,0,0,0,0
Informatik,FR,abt-total,63,38,25,59,35,24,4,3,1
Informatik,FR,EFZ,63,38,25,59,35,24,4,3,1
Informatik,FR,EBA,0,0,0,0,0,0,0,0,0
Informatik,FR,nReglementiert,0,0,0,0,0,0,0,0,0
Informatik,SO,abt-total,47,11,36,44,11,33,3,0,3
Informatik,SO,EFZ,45,11,34,43,11,32,2,0,2
Informatik,SO,EBA,2,0,2,1,0,1,1,0,1
Informatik,SO,nReglementiert,0,0,0,0,0,0,0,0,0
Informatik,BS,abt-total,44,0,44,41,0,41,3,0,3
Informatik,BS,EFZ,41,0,41,38,0,38,3,0,3
Informatik,BS,EBA,3,0,3,3,0,3,0,0,0
Informatik,BS,nReglementiert,0,0,0,0,0,0,0,0,0
Informatik,BL,abt-total,42,0,42,40,0,40,2,0,2
Informatik,BL,EFZ,38,0,38,36,0,36,2,0,2
Informatik,BL,EBA,4,0,4,4,0,4,0,0,0
Informatik,Bl,nReglementiert,0,0,0,0,0,0,0,0,0
Informatik,SH,abt-total,15,0,15,13,0,13,2,0,2
Informatik,SH,EFZ,15,0,15,13,0,13,2,0,2
Informatik,SH,EBA,0,0,0,0,0,0,0,0,0
Informatik,SH,nReglementiert,0,0,0,0,0,0,0,0,0
Informatik,AR,abt-total,8,0,8,8,0,8,0,0,0
Informatik,AR,EFZ,8,0,8,8,0,8,0,0,0
Informatik,AR,EBA,0,0,0,0,0,0,0,0,0
Informatik,AR,nReglementiert,0,0,0,0,0,0,0,0,0
Informatik,AI,abt-total,1,0,1,1,0,1,0,0,0
Informatik,AI,EFZ,1,0,1,1,0,1,0,0,0
Informatik,AI,EBA,0,0,0,0,0,0,0,0,0
Informatik,AI,nReglementiert,0,0,0,0,0,0,0,0,0
Informatik,SG,abt-total,87,0,87,80,0,80,7,0,7
Informatik,SG,EFZ,86,0,86,79,0,79,7,0,7
Informatik,SG,EBA,1,0,1,1,0,1,0,0,0
Informatik,SG,nReglementiert,0,0,0,0,0,0,0,0,0
Informatik,GR,abt-total,33,3,30,30,3,27,3,0,3
Informatik,GR,EFZ,33,3,30,30,3,27,3,0,3
Informatik,GR,EBA,0,0,0,0,0,0,0,0,0
Informatik,GR,nReglementiert,0,0,0,0,0,0,0,0,0
Informatik,AG,abt-total,105,0,105,97,0,97,8,0,8
Informatik,AG,EFZ,97,0,97,90,0,90,7,0,7
Informatik,AG,EBA,8,0,8,7,0,7,1,0,1
Informatik,AG,nReglementiert,0,0,0,0,0,0,0,0,0
Informatik,TG,abt-total,29,0,29,28,0,28,1,0,1
Informatik,TG,EFZ,28,0,28,27,0,27,1,0,1
Informatik,TG,EBA,1,0,1,1,0,1,0,0,0
Informatik,TG,nReglementiert,0,0,0,0,0,0,0,0,0
Informatik,TI,abt-total,47,20,27,46,20,26,1,0,1
Informatik,TI,EFZ,46,20,26,45,20,25,1,0,1
Informatik,TI,EBA,1,0,1,1,0,1,0,0,0
Informatik,TI,nReglementiert,0,0,0,0,0,0,0,0,0
Informatik,VD,abt-total,212,111,101,195,99,96,17,12,5
Informatik,VD,EFZ,205,111,94,188,99,89,17,12,5
Informatik,VD,EBA,7,0,7,7,0,7,0,0,0
Informatik,VD,nReglementiert,0,0,0,0,0,0,0,0,0
Informatik,VS,abt-total,59,39,20,54,34,20,5,5,0
Informatik,VS,EFZ,55,39,16,50,34,16,5,5,0
Informatik,VS,EBA,4,0,4,4,0,4,0,0,0
Informatik,VS,nReglementiert,0,0,0,0,0,0,0,0,0
Informatik,NE,abt-total,129,114,15,118,103,15,11,11,0
Informatik,NE,EFZ,129,114,15,118,103,15,11,11,0
Informatik,NE,EBA,0,0,0,0,0,0,0,0,0
Informatik,NE,nReglementiert,0,0,0,0,0,0,0,0,0
Informatik,GE,abt-total,108,80,28,94,67,27,14,13,1
Informatik,GE,EFZ,107,80,27,93,67,26,14,13,1
Informatik,GE,EBA,1,0,1,1,0,1,0,0,0
Informatik,GE,nReglementiert,0,0,0,0,0,0,0,0,0
Informatik,JU,abt-total,32,27,5,29,24,5,3,3,0
Informatik,JU,EFZ,32,27,5,29,24,5,3,3,0
Informatik,JU,EBA,0,0,0,0,0,0,0,0,0
Informatik,JU,nReglementiert,0,0,0,0,0,0,0,0,0
Maschinenbau und Metallverarbeitung,,abt-total,4822,556,4266,4426,471,3955,396,85,311
Maschinenbau und Metallverarbeitung,,EFZ,4376,499,3877,4050,422,3628,326,77,249
Maschinenbau und Metallverarbeitung,,EBA,445,57,388,375,49,326,70,8,62
Maschinenbau und Metallverarbeitung,,nReglementiert,1,0,1,1,0,1,0,0,0
Maschinenbau und Metallverarbeitung,ZH,abt-total,585,18,567,554,16,538,31,2,29
Maschinenbau und Metallverarbeitung,ZH,EFZ,548,16,532,517,14,503,31,2,29
Maschinenbau und Metallverarbeitung,ZH,EBA,37,2,35,37,2,35,0,0,0
Maschinenbau und Metallverarbeitung,ZH,nReglementiert,0,0,0,0,0,0,0,0,0
Maschinenbau und Metallverarbeitung,BE,abt-total,740,160,580,702,142,560,38,18,20
Maschinenbau und Metallverarbeitung,BE,EFZ,656,106,550,628,96,532,28,10,18
Maschinenbau und Metallverarbeitung,BE,EBA,84,54,30,74,46,28,10,8,2
Maschinenbau und Metallverarbeitung,BE,nReglementiert,0,0,0,0,0,0,0,0,0
Maschinenbau und Metallverarbeitung,LU,abt-total,251,0,251,240,0,240,11,0,11
Maschinenbau und Metallverarbeitung,LU,EFZ,224,0,224,213,0,213,11,0,11
Maschinenbau und Metallverarbeitung,LU,EBA,27,0,27,27,0,27,0,0,0
Maschinenbau und Metallverarbeitung,LU,nReglementiert,0,0,0,0,0,0,0,0,0
Maschinenbau und Metallverarbeitung,UR,abt-total,27,0,27,25,0,25,2,0,2
Maschinenbau und Metallverarbeitung,UR,EFZ,26,0,26,24,0,24,2,0,2
Maschinenbau und Metallverarbeitung,UR,EBA,1,0,1,1,0,1,0,0,0
Maschinenbau und Metallverarbeitung,UR,nReglementiert,0,0,0,0,0,0,0,0,0
Maschinenbau und Metallverarbeitung,SZ,abt-total,71,0,71,68,0,68,3,0,3
Maschinenbau und Metallverarbeitung,SZ,EFZ,69,0,69,66,0,66,3,0,3
Maschinenbau und Metallverarbeitung,SZ,EBA,2,0,2,2,0,2,0,0,0
Maschinenbau und Metallverarbeitung,SZ,nReglementiert,0,0,0,0,0,0,0,0,0
Maschinenbau und Metallverarbeitung,OW,abt-total,28,0,28,26,0,26,2,0,2
Maschinenbau und Metallverarbeitung,OW,EFZ,26,0,26,24,0,24,2,0,2
Maschinenbau und Metallverarbeitung,OW,EBA,2,0,2,2,0,2,0,0,0
Maschinenbau und Metallverarbeitung,OW,nReglementiert,0,0,0,0,0,0,0,0,0
Maschinenbau und Metallverarbeitung,NW,abt-total,32,0,32,31,0,31,1,0,1
Maschinenbau und Metallverarbeitung,NW,EFZ,32,0,32,31,0,31,1,0,1
Maschinenbau und Metallverarbeitung,NW,EBA,0,0,0,0,0,0,0,0,0
Maschinenbau und Metallverarbeitung,NW,nReglementiert,0,0,0,0,0,0,0,0,0
Maschinenbau und Metallverarbeitung,GL,abt-total,40,0,40,38,0,38,2,0,2
Maschinenbau und Metallverarbeitung,GL,EFZ,37,0,37,35,0,35,2,0,2
Maschinenbau und Metallverarbeitung,GL,EBA,3,0,3,3,0,3,0,0,0
Maschinenbau und Metallverarbeitung,GL,nReglementiert,0,0,0,0,0,0,0,0,0
Maschinenbau und Metallverarbeitung,ZG,abt-total,55,0,55,52,0,52,3,0,3
Maschinenbau und Metallverarbeitung,ZG,EFZ,52,0,52,49,0,49,3,0,3
Maschinenbau und Metallverarbeitung,ZG,EBA,3,0,3,3,0,3,0,0,0
Maschinenbau und Metallverarbeitung,ZG,nReglementiert,0,0,0,0,0,0,0,0,0
Maschinenbau und Metallverarbeitung,FR,abt-total,151,13,138,145,13,132,6,0,6
Maschinenbau und Metallverarbeitung,FR,EFZ,146,13,133,140,13,127,6,0,6
Maschinenbau und Metallverarbeitung,FR,EBA,5,0,5,5,0,5,0,0,0
Maschinenbau und Metallverarbeitung,FR,nReglementiert,0,0,0,0,0,0,0,0,0
Maschinenbau und Metallverarbeitung,SO,abt-total,245,14,231,213,11,202,32,3,29
Maschinenbau und Metallverarbeitung,SO,EFZ,228,14,214,205,11,194,23,3,20
Maschinenbau und Metallverarbeitung,SO,EBA,17,0,17,8,0,8,9,0,9
Maschinenbau und Metallverarbeitung,SO,nReglementiert,0,0,0,0,0,0,0,0,0
Maschinenbau und Metallverarbeitung,BS,abt-total,63,24,39,61,23,38,2,1,1
Maschinenbau und Metallverarbeitung,BS,EFZ,59,24,35,58,23,35,1,1,0
Maschinenbau und Metallverarbeitung,BS,EBA,4,0,4,3,0,3,1,0,1
Maschinenbau und Metallverarbeitung,BS,nReglementiert,0,0,0,0,0,0,0,0,0
Maschinenbau und Metallverarbeitung,BL,abt-total,135,0,135,127,0,127,8,0,8
Maschinenbau und Metallverarbeitung,BL,EFZ,123,0,123,115,0,115,8,0,8
Maschinenbau und Metallverarbeitung,BL,EBA,12,0,12,12,0,12,0,0,0
Maschinenbau und Metallverarbeitung,Bl,nReglementiert,0,0,0,0,0,0,0,0,0
Maschinenbau und Metallverarbeitung,SH,abt-total,72,0,72,67,0,67,5,0,5
Maschinenbau und Metallverarbeitung,SH,EFZ,66,0,66,61,0,61,5,0,5
Maschinenbau und Metallverarbeitung,SH,EBA,6,0,6,6,0,6,0,0,0
Maschinenbau und Metallverarbeitung,SH,nReglementiert,0,0,0,0,0,0,0,0,0
Maschinenbau und Metallverarbeitung,AR,abt-total,17,0,17,16,0,16,1,0,1
Maschinenbau und Metallverarbeitung,AR,EFZ,15,0,15,14,0,14,1,0,1
Maschinenbau und Metallverarbeitung,AR,EBA,2,0,2,2,0,2,0,0,0
Maschinenbau und Metallverarbeitung,AR,nReglementiert,0,0,0,0,0,0,0,0,0
Maschinenbau und Metallverarbeitung,AI,abt-total,9,0,9,8,0,8,1,0,1
Maschinenbau und Metallverarbeitung,AI,EFZ,9,0,9,8,0,8,1,0,1
Maschinenbau und Metallverarbeitung,AI,EBA,0,0,0,0,0,0,0,0,0
Maschinenbau und Metallverarbeitung,AI,nReglementiert,0,0,0,0,0,0,0,0,0
Maschinenbau und Metallverarbeitung,SG,abt-total,498,0,498,471,0,471,27,0,27
Maschinenbau und Metallverarbeitung,SG,EFZ,453,0,453,429,0,429,24,0,24
Maschinenbau und Metallverarbeitung,SG,EBA,45,0,45,42,0,42,3,0,3
Maschinenbau und Metallverarbeitung,SG,nReglementiert,0,0,0,0,0,0,0,0,0
Maschinenbau und Metallverarbeitung,GR,abt-total,79,0,79,78,0,78,1,0,1
Maschinenbau und Metallverarbeitung,GR,EFZ,76,0,76,75,0,75,1,0,1
Maschinenbau und Metallverarbeitung,GR,EBA,3,0,3,3,0,3,0,0,0
Maschinenbau und Metallverarbeitung,GR,nReglementiert,0,0,0,0,0,0,0,0,0
Maschinenbau und Metallverarbeitung,AG,abt-total,359,0,359,344,0,344,15,0,15
Maschinenbau und Metallverarbeitung,AG,EFZ,342,0,342,328,0,328,14,0,14
Maschinenbau und Metallverarbeitung,AG,EBA,17,0,17,16,0,16,1,0,1
Maschinenbau und Metallverarbeitung,AG,nReglementiert,0,0,0,0,0,0,0,0,0
Maschinenbau und Metallverarbeitung,TG,abt-total,147,0,147,132,0,132,15,0,15
Maschinenbau und Metallverarbeitung,TG,EFZ,135,0,135,121,0,121,14,0,14
Maschinenbau und Metallverarbeitung,TG,EBA,12,0,12,11,0,11,1,0,1
Maschinenbau und Metallverarbeitung,TG,nReglementiert,0,0,0,0,0,0,0,0,0
Maschinenbau und Metallverarbeitung,TI,abt-total,113,22,91,111,21,90,2,1,1
Maschinenbau und Metallverarbeitung,TI,EFZ,106,22,84,104,21,83,2,1,1
Maschinenbau und Metallverarbeitung,TI,EBA,7,0,7,7,0,7,0,0,0
Maschinenbau und Metallverarbeitung,TI,nReglementiert,0,0,0,0,0,0,0,0,0
Maschinenbau und Metallverarbeitung,VD,abt-total,343,91,252,298,76,222,45,15,30
Maschinenbau und Metallverarbeitung,VD,EFZ,306,90,216,266,75,191,40,15,25
Maschinenbau und Metallverarbeitung,VD,EBA,37,1,36,32,1,31,5,0,5
Maschinenbau und Metallverarbeitung,VD,nReglementiert,0,0,0,0,0,0,0,0,0
Maschinenbau und Metallverarbeitung,VS,abt-total,148,4,144,144,3,141,4,1,3
Maschinenbau und Metallverarbeitung,VS,EFZ,137,4,133,133,3,130,4,1,3
Maschinenbau und Metallverarbeitung,VS,EBA,10,0,10,10,0,10,0,0,0
Maschinenbau und Metallverarbeitung,VS,nReglementiert,1,0,1,1,0,1,0,0,0
Maschinenbau und Metallverarbeitung,NE,abt-total,315,88,227,233,77,156,82,11,71
Maschinenbau und Metallverarbeitung,NE,EFZ,245,88,157,200,77,123,45,11,34
Maschinenbau und Metallverarbeitung,NE,EBA,70,0,70,33,0,33,37,0,37
Maschinenbau und Metallverarbeitung,NE,nReglementiert,0,0,0,0,0,0,0,0,0
Maschinenbau und Metallverarbeitung,GE,abt-total,157,80,77,136,67,69,21,13,8
Maschinenbau und Metallverarbeitung,GE,EFZ,136,80,56,115,67,48,21,13,8
Maschinenbau und Metallverarbeitung,GE,EBA,21,0,21,21,0,21,0,0,0
Maschinenbau und Metallverarbeitung,GE,nReglementiert,0,0,0,0,0,0,0,0,0
Maschinenbau und Metallverarbeitung,JU,abt-total,142,42,100,106,22,84,36,20,16
Maschinenbau und Metallverarbeitung,JU,EFZ,124,42,82,91,22,69,33,20,13
Maschinenbau und Metallverarbeitung,JU,EBA,18,0,18,15,0,15,3,0,3
Maschinenbau und Metallverarbeitung,JU,nReglementiert,0,0,0,0,0,0,0,0,0
Elektrizität und Energie,,abt-total,4163,5,4158,4086,5,4081,77,0,77
Elektrizität und Energie,,EFZ,3926,0,3926,3851,0,3851,75,0,75
Elektrizität und Energie,,EBA,237,5,232,235,5,230,2,0,2
Elektrizität und Energie,,nReglementiert,0,0,0,0,0,0,0,0,0
Elektrizität und Energie,ZH,abt-total,713,0,713,701,0,701,12,0,12
Elektrizität und Energie,ZH,EFZ,670,0,670,658,0,658,12,0,12
Elektrizität und Energie,ZH,EBA,43,0,43,43,0,43,0,0,0
Elektrizität und Energie,ZH,nReglementiert,0,0,0,0,0,0,0,0,0
Elektrizität und Energie,BE,abt-total,455,5,450,439,5,434,16,0,16
Elektrizität und Energie,BE,EFZ,431,0,431,415,0,415,16,0,16
Elektrizität und Energie,BE,EBA,24,5,19,24,5,19,0,0,0
Elektrizität und Energie,BE,nReglementiert,0,0,0,0,0,0,0,0,0
Elektrizität und Energie,LU,abt-total,265,0,265,261,0,261,4,0,4
Elektrizität und Energie,LU,EFZ,249,0,249,245,0,245,4,0,4
Elektrizität und Energie,LU,EBA,16,0,16,16,0,16,0,0,0
Elektrizität und Energie,LU,nReglementiert,0,0,0,0,0,0,0,0,0
Elektrizität und Energie,UR,abt-total,29,0,29,29,0,29,0,0,0
Elektrizität und Energie,UR,EFZ,28,0,28,28,0,28,0,0,0
Elektrizität und Energie,UR,EBA,1,0,1,1,0,1,0,0,0
Elektrizität und Energie,UR,nReglementiert,0,0,0,0,0,0,0,0,0
Elektrizität und Energie,SZ,abt-total,75,0,75,75,0,75,0,0,0
Elektrizität und Energie,SZ,EFZ,72,0,72,72,0,72,0,0,0
Elektrizität und Energie,SZ,EBA,3,0,3,3,0,3,0,0,0
Elektrizität und Energie,SZ,nReglementiert,0,0,0,0,0,0,0,0,0
Elektrizität und Energie,OW,abt-total,27,0,27,26,0,26,1,0,1
Elektrizität und Energie,OW,EFZ,23,0,23,23,0,23,0,0,0
Elektrizität und Energie,OW,EBA,4,0,4,3,0,3,1,0,1
Elektrizität und Energie,OW,nReglementiert,0,0,0,0,0,0,0,0,0
Elektrizität und Energie,NW,abt-total,24,0,24,23,0,23,1,0,1
Elektrizität und Energie,NW,EFZ,24,0,24,23,0,23,1,0,1
Elektrizität und Energie,NW,EBA,0,0,0,0,0,0,0,0,0
Elektrizität und Energie,NW,nReglementiert,0,0,0,0,0,0,0,0,0
Elektrizität und Energie,GL,abt-total,31,0,31,31,0,31,0,0,0
Elektrizität und Energie,GL,EFZ,30,0,30,30,0,30,0,0,0
Elektrizität und Energie,GL,EBA,1,0,1,1,0,1,0,0,0
Elektrizität und Energie,GL,nReglementiert,0,0,0,0,0,0,0,0,0
Elektrizität und Energie,ZG,abt-total,90,0,90,90,0,90,0,0,0
Elektrizität und Energie,ZG,EFZ,87,0,87,87,0,87,0,0,0
Elektrizität und Energie,ZG,EBA,3,0,3,3,0,3,0,0,0
Elektrizität und Energie,ZG,nReglementiert,0,0,0,0,0,0,0,0,0
Elektrizität und Energie,FR,abt-total,151,0,151,145,0,145,6,0,6
Elektrizität und Energie,FR,EFZ,138,0,138,132,0,132,6,0,6
Elektrizität und Energie,FR,EBA,13,0,13,13,0,13,0,0,0
Elektrizität und Energie,FR,nReglementiert,0,0,0,0,0,0,0,0,0
Elektrizität und Energie,SO,abt-total,126,0,126,126,0,126,0,0,0
Elektrizität und Energie,SO,EFZ,111,0,111,111,0,111,0,0,0
Elektrizität und Energie,SO,EBA,15,0,15,15,0,15,0,0,0
Elektrizität und Energie,SO,nReglementiert,0,0,0,0,0,0,0,0,0
Elektrizität und Energie,BS,abt-total,135,0,135,130,0,130,5,0,5
Elektrizität und Energie,BS,EFZ,125,0,125,121,0,121,4,0,4
Elektrizität und Energie,BS,EBA,10,0,10,9,0,9,1,0,1
Elektrizität und Energie,BS,nReglementiert,0,0,0,0,0,0,0,0,0
Elektrizität und Energie,BL,abt-total,108,0,108,106,0,106,2,0,2
Elektrizität und Energie,BL,EFZ,99,0,99,97,0,97,2,0,2
Elektrizität und Energie,BL,EBA,9,0,9,9,0,9,0,0,0
Elektrizität und Energie,Bl,nReglementiert,0,0,0,0,0,0,0,0,0
Elektrizität und Energie,SH,abt-total,46,0,46,45,0,45,1,0,1
Elektrizität und Energie,SH,EFZ,45,0,45,44,0,44,1,0,1
Elektrizität und Energie,SH,EBA,1,0,1,1,0,1,0,0,0
Elektrizität und Energie,SH,nReglementiert,0,0,0,0,0,0,0,0,0
Elektrizität und Energie,AR,abt-total,18,0,18,18,0,18,0,0,0
Elektrizität und Energie,AR,EFZ,18,0,18,18,0,18,0,0,0
Elektrizität und Energie,AR,EBA,0,0,0,0,0,0,0,0,0
Elektrizität und Energie,AR,nReglementiert,0,0,0,0,0,0,0,0,0
Elektrizität und Energie,AI,abt-total,9,0,9,9,0,9,0,0,0
Elektrizität und Energie,AI,EFZ,9,0,9,9,0,9,0,0,0
Elektrizität und Energie,AI,EBA,0,0,0,0,0,0,0,0,0
Elektrizität und Energie,AI,nReglementiert,0,0,0,0,0,0,0,0,0
Elektrizität und Energie,SG,abt-total,298,0,298,292,0,292,6,0,6
Elektrizität und Energie,SG,EFZ,288,0,288,282,0,282,6,0,6
Elektrizität und Energie,SG,EBA,10,0,10,10,0,10,0,0,0
Elektrizität und Energie,SG,nReglementiert,0,0,0,0,0,0,0,0,0
Elektrizität und Energie,GR,abt-total,166,0,166,161,0,161,5,0,5
Elektrizität und Energie,GR,EFZ,152,0,152,147,0,147,5,0,5
Elektrizität und Energie,GR,EBA,14,0,14,14,0,14,0,0,0
Elektrizität und Energie,GR,nReglementiert,0,0,0,0,0,0,0,0,0
Elektrizität und Energie,AG,abt-total,307,0,307,302,0,302,5,0,5
Elektrizität und Energie,AG,EFZ,307,0,307,302,0,302,5,0,5
Elektrizität und Energie,AG,EBA,0,0,0,0,0,0,0,0,0
Elektrizität und Energie,AG,nReglementiert,0,0,0,0,0,0,0,0,0
Elektrizität und Energie,TG,abt-total,148,0,148,146,0,146,2,0,2
Elektrizität und Energie,TG,EFZ,138,0,138,136,0,136,2,0,2
Elektrizität und Energie,TG,EBA,10,0,10,10,0,10,0,0,0
Elektrizität und Energie,TG,nReglementiert,0,0,0,0,0,0,0,0,0
Elektrizität und Energie,TI,abt-total,212,0,212,211,0,211,1,0,1
Elektrizität und Energie,TI,EFZ,207,0,207,206,0,206,1,0,1
Elektrizität und Energie,TI,EBA,5,0,5,5,0,5,0,0,0
Elektrizität und Energie,TI,nReglementiert,0,0,0,0,0,0,0,0,0
Elektrizität und Energie,VD,abt-total,349,0,349,346,0,346,3,0,3
Elektrizität und Energie,VD,EFZ,321,0,321,318,0,318,3,0,3
Elektrizität und Energie,VD,EBA,28,0,28,28,0,28,0,0,0
Elektrizität und Energie,VD,nReglementiert,0,0,0,0,0,0,0,0,0
Elektrizität und Energie,VS,abt-total,224,0,224,219,0,219,5,0,5
Elektrizität und Energie,VS,EFZ,210,0,210,205,0,205,5,0,5
Elektrizität und Energie,VS,EBA,14,0,14,14,0,14,0,0,0
Elektrizität und Energie,VS,nReglementiert,0,0,0,0,0,0,0,0,0
Elektrizität und Energie,NE,abt-total,67,0,67,65,0,65,2,0,2
Elektrizität und Energie,NE,EFZ,63,0,63,61,0,61,2,0,2
Elektrizität und Energie,NE,EBA,4,0,4,4,0,4,0,0,0
Elektrizität und Energie,NE,nReglementiert,0,0,0,0,0,0,0,0,0
Elektrizität und Energie,GE,abt-total,63,0,63,63,0,63,0,0,0
Elektrizität und Energie,GE,EFZ,56,0,56,56,0,56,0,0,0
Elektrizität und Energie,GE,EBA,7,0,7,7,0,7,0,0,0
Elektrizität und Energie,GE,nReglementiert,0,0,0,0,0,0,0,0,0
Elektrizität und Energie,JU,abt-total,27,0,27,27,0,27,0,0,0
Elektrizität und Energie,JU,EFZ,25,0,25,25,0,25,0,0,0
Elektrizität und Energie,JU,EBA,2,0,2,2,0,2,0,0,0
Elektrizität und Energie,JU,nReglementiert,0,0,0,0,0,0,0,0,0
Elektronik und Automation,,abt-total,1871,492,1379,1799,471,1328,72,21,51
Elektronik und Automation,,EFZ,1871,492,1379,1799,471,1328,72,21,51
Elektronik und Automation,,EBA,0,0,0,0,0,0,0,0,0
Elektronik und Automation,,nReglementiert,0,0,0,0,0,0,0,0,0
Elektronik und Automation,ZH,abt-total,234,37,197,228,37,191,6,0,6
Elektronik und Automation,ZH,EFZ,234,37,197,228,37,191,6,0,6
Elektronik und Automation,ZH,EBA,0,0,0,0,0,0,0,0,0
Elektronik und Automation,ZH,nReglementiert,0,0,0,0,0,0,0,0,0
Elektronik und Automation,BE,abt-total,198,63,135,187,59,128,11,4,7
Elektronik und Automation,BE,EFZ,198,63,135,187,59,128,11,4,7
Elektronik und Automation,BE,EBA,0,0,0,0,0,0,0,0,0
Elektronik und Automation,BE,nReglementiert,0,0,0,0,0,0,0,0,0
Elektronik und Automation,LU,abt-total,66,0,66,66,0,66,0,0,0
Elektronik und Automation,LU,EFZ,66,0,66,66,0,66,0,0,0
Elektronik und Automation,LU,EBA,0,0,0,0,0,0,0,0,0
Elektronik und Automation,LU,nReglementiert,0,0,0,0,0,0,0,0,0
Elektronik und Automation,UR,abt-total,4,0,4,4,0,4,0,0,0
Elektronik und Automation,UR,EFZ,4,0,4,4,0,4,0,0,0
Elektronik und Automation,UR,EBA,0,0,0,0,0,0,0,0,0
Elektronik und Automation,UR,nReglementiert,0,0,0,0,0,0,0,0,0
Elektronik und Automation,SZ,abt-total,19,0,19,18,0,18,1,0,1
Elektronik und Automation,SZ,EFZ,19,0,19,18,0,18,1,0,1
Elektronik und Automation,SZ,EBA,0,0,0,0,0,0,0,0,0
Elektronik und Automation,SZ,nReglementiert,0,0,0,0,0,0,0,0,0
Elektronik und Automation,OW,abt-total,8,0,8,8,0,8,0,0,0
Elektronik und Automation,OW,EFZ,8,0,8,8,0,8,0,0,0
Elektronik und Automation,OW,EBA,0,0,0,0,0,0,0,0,0
Elektronik und Automation,OW,nReglementiert,0,0,0,0,0,0,0,0,0
Elektronik und Automation,NW,abt-total,7,0,7,6,0,6,1,0,1
Elektronik und Automation,NW,EFZ,7,0,7,6,0,6,1,0,1
Elektronik und Automation,NW,EBA,0,0,0,0,0,0,0,0,0
Elektronik und Automation,NW,nReglementiert,0,0,0,0,0,0,0,0,0
Elektronik und Automation,GL,abt-total,13,0,13,13,0,13,0,0,0
Elektronik und Automation,GL,EFZ,13,0,13,13,0,13,0,0,0
Elektronik und Automation,GL,EBA,0,0,0,0,0,0,0,0,0
Elektronik und Automation,GL,nReglementiert,0,0,0,0,0,0,0,0,0
Elektronik und Automation,ZG,abt-total,40,0,40,39,0,39,1,0,1
Elektronik und Automation,ZG,EFZ,40,0,40,39,0,39,1,0,1
Elektronik und Automation,ZG,EBA,0,0,0,0,0,0,0,0,0
Elektronik und Automation,ZG,nReglementiert,0,0,0,0,0,0,0,0,0
Elektronik und Automation,FR,abt-total,98,45,53,95,43,52,3,2,1
Elektronik und Automation,FR,EFZ,98,45,53,95,43,52,3,2,1
Elektronik und Automation,FR,EBA,0,0,0,0,0,0,0,0,0
Elektronik und Automation,FR,nReglementiert,0,0,0,0,0,0,0,0,0
Elektronik und Automation,SO,abt-total,48,0,48,47,0,47,1,0,1
Elektronik und Automation,SO,EFZ,48,0,48,47,0,47,1,0,1
Elektronik und Automation,SO,EBA,0,0,0,0,0,0,0,0,0
Elektronik und Automation,SO,nReglementiert,0,0,0,0,0,0,0,0,0
Elektronik und Automation,BS,abt-total,34,0,34,34,0,34,0,0,0
Elektronik und Automation,BS,EFZ,34,0,34,34,0,34,0,0,0
Elektronik und Automation,BS,EBA,0,0,0,0,0,0,0,0,0
Elektronik und Automation,BS,nReglementiert,0,0,0,0,0,0,0,0,0
Elektronik und Automation,BL,abt-total,26,0,26,25,0,25,1,0,1
Elektronik und Automation,BL,EFZ,26,0,26,25,0,25,1,0,1
Elektronik und Automation,BL,EBA,0,0,0,0,0,0,0,0,0
Elektronik und Automation,Bl,nReglementiert,0,0,0,0,0,0,0,0,0
Elektronik und Automation,SH,abt-total,24,0,24,23,0,23,1,0,1
Elektronik und Automation,SH,EFZ,24,0,24,23,0,23,1,0,1
Elektronik und Automation,SH,EBA,0,0,0,0,0,0,0,0,0
Elektronik und Automation,SH,nReglementiert,0,0,0,0,0,0,0,0,0
Elektronik und Automation,AR,abt-total,7,0,7,4,0,4,3,0,3
Elektronik und Automation,AR,EFZ,7,0,7,4,0,4,3,0,3
Elektronik und Automation,AR,EBA,0,0,0,0,0,0,0,0,0
Elektronik und Automation,AR,nReglementiert,0,0,0,0,0,0,0,0,0
Elektronik und Automation,AI,abt-total,2,0,2,1,0,1,1,0,1
Elektronik und Automation,AI,EFZ,2,0,2,1,0,1,1,0,1
Elektronik und Automation,AI,EBA,0,0,0,0,0,0,0,0,0
Elektronik und Automation,AI,nReglementiert,0,0,0,0,0,0,0,0,0
Elektronik und Automation,SG,abt-total,119,0,119,110,0,110,9,0,9
Elektronik und Automation,SG,EFZ,119,0,119,110,0,110,9,0,9
Elektronik und Automation,SG,EBA,0,0,0,0,0,0,0,0,0
Elektronik und Automation,SG,nReglementiert,0,0,0,0,0,0,0,0,0
Elektronik und Automation,GR,abt-total,53,0,53,51,0,51,2,0,2
Elektronik und Automation,GR,EFZ,53,0,53,51,0,51,2,0,2
Elektronik und Automation,GR,EBA,0,0,0,0,0,0,0,0,0
Elektronik und Automation,GR,nReglementiert,0,0,0,0,0,0,0,0,0
Elektronik und Automation,AG,abt-total,142,0,142,139,0,139,3,0,3
Elektronik und Automation,AG,EFZ,142,0,142,139,0,139,3,0,3
Elektronik und Automation,AG,EBA,0,0,0,0,0,0,0,0,0
Elektronik und Automation,AG,nReglementiert,0,0,0,0,0,0,0,0,0
Elektronik und Automation,TG,abt-total,37,0,37,36,0,36,1,0,1
Elektronik und Automation,TG,EFZ,37,0,37,36,0,36,1,0,1
Elektronik und Automation,TG,EBA,0,0,0,0,0,0,0,0,0
Elektronik und Automation,TG,nReglementiert,0,0,0,0,0,0,0,0,0
Elektronik und Automation,TI,abt-total,106,64,42,103,61,42,3,3,0
Elektronik und Automation,TI,EFZ,106,64,42,103,61,42,3,3,0
Elektronik und Automation,TI,EBA,0,0,0,0,0,0,0,0,0
Elektronik und Automation,TI,nReglementiert,0,0,0,0,0,0,0,0,0
Elektronik und Automation,VD,abt-total,214,115,99,201,108,93,13,7,6
Elektronik und Automation,VD,EFZ,214,115,99,201,108,93,13,7,6
Elektronik und Automation,VD,EBA,0,0,0,0,0,0,0,0,0
Elektronik und Automation,VD,nReglementiert,0,0,0,0,0,0,0,0,0
Elektronik und Automation,VS,abt-total,75,34,41,73,34,39,2,0,2
Elektronik und Automation,VS,EFZ,75,34,41,73,34,39,2,0,2
Elektronik und Automation,VS,EBA,0,0,0,0,0,0,0,0,0
Elektronik und Automation,VS,nReglementiert,0,0,0,0,0,0,0,0,0
Elektronik und Automation,NE,abt-total,73,54,19,67,51,16,6,3,3
Elektronik und Automation,NE,EFZ,73,54,19,67,51,16,6,3,3
Elektronik und Automation,NE,EBA,0,0,0,0,0,0,0,0,0
Elektronik und Automation,NE,nReglementiert,0,0,0,0,0,0,0,0,0
Elektronik und Automation,GE,abt-total,201,66,135,198,64,134,3,2,1
Elektronik und Automation,GE,EFZ,201,66,135,198,64,134,3,2,1
Elektronik und Automation,GE,EBA,0,0,0,0,0,0,0,0,0
Elektronik und Automation,GE,nReglementiert,0,0,0,0,0,0,0,0,0
Elektronik und Automation,JU,abt-total,23,14,9,23,14,9,0,0,0
Elektronik und Automation,JU,EFZ,23,14,9,23,14,9,0,0,0
Elektronik und Automation,JU,EBA,0,0,0,0,0,0,0,0,0
Elektronik und Automation,JU,nReglementiert,0,0,0,0,0,0,0,0,0
Chemie und Verfahrenstechnik,,abt-total,673,57,616,376,25,351,297,32,265
Chemie und Verfahrenstechnik,,EFZ,673,57,616,376,25,351,297,32,265
Chemie und Verfahrenstechnik,,EBA,0,0,0,0,0,0,0,0,0
Chemie und Verfahrenstechnik,,nReglementiert,0,0,0,0,0,0,0,0,0
Chemie und Verfahrenstechnik,ZH,abt-total,64,0,64,33,0,33,31,0,31
Chemie und Verfahrenstechnik,ZH,EFZ,64,0,64,33,0,33,31,0,31
Chemie und Verfahrenstechnik,ZH,EBA,0,0,0,0,0,0,0,0,0
Chemie und Verfahrenstechnik,ZH,nReglementiert,0,0,0,0,0,0,0,0,0
Chemie und Verfahrenstechnik,BE,abt-total,30,0,30,12,0,12,18,0,18
Chemie und Verfahrenstechnik,BE,EFZ,30,0,30,12,0,12,18,0,18
Chemie und Verfahrenstechnik,BE,EBA,0,0,0,0,0,0,0,0,0
Chemie und Verfahrenstechnik,BE,nReglementiert,0,0,0,0,0,0,0,0,0
Chemie und Verfahrenstechnik,LU,abt-total,7,0,7,2,0,2,5,0,5
Chemie und Verfahrenstechnik,LU,EFZ,7,0,7,2,0,2,5,0,5
Chemie und Verfahrenstechnik,LU,EBA,0,0,0,0,0,0,0,0,0
Chemie und Verfahrenstechnik,LU,nReglementiert,0,0,0,0,0,0,0,0,0
Chemie und Verfahrenstechnik,UR,abt-total,2,0,2,2,0,2,0,0,0
Chemie und Verfahrenstechnik,UR,EFZ,2,0,2,2,0,2,0,0,0
Chemie und Verfahrenstechnik,UR,EBA,0,0,0,0,0,0,0,0,0
Chemie und Verfahrenstechnik,UR,nReglementiert,0,0,0,0,0,0,0,0,0
Chemie und Verfahrenstechnik,SZ,abt-total,1,0,1,1,0,1,0,0,0
Chemie und Verfahrenstechnik,SZ,EFZ,1,0,1,1,0,1,0,0,0
Chemie und Verfahrenstechnik,SZ,EBA,0,0,0,0,0,0,0,0,0
Chemie und Verfahrenstechnik,SZ,nReglementiert,0,0,0,0,0,0,0,0,0
Chemie und Verfahrenstechnik,OW,abt-total,0,0,0,0,0,0,0,0,0
Chemie und Verfahrenstechnik,OW,EFZ,0,0,0,0,0,0,0,0,0
Chemie und Verfahrenstechnik,OW,EBA,0,0,0,0,0,0,0,0,0
Chemie und Verfahrenstechnik,OW,nReglementiert,0,0,0,0,0,0,0,0,0
Chemie und Verfahrenstechnik,NW,abt-total,0,0,0,0,0,0,0,0,0
Chemie und Verfahrenstechnik,NW,EFZ,0,0,0,0,0,0,0,0,0
Chemie und Verfahrenstechnik,NW,EBA,0,0,0,0,0,0,0,0,0
Chemie und Verfahrenstechnik,NW,nReglementiert,0,0,0,0,0,0,0,0,0
Chemie und Verfahrenstechnik,GL,abt-total,1,0,1,0,0,0,1,0,1
Chemie und Verfahrenstechnik,GL,EFZ,1,0,1,0,0,0,1,0,1
Chemie und Verfahrenstechnik,GL,EBA,0,0,0,0,0,0,0,0,0
Chemie und Verfahrenstechnik,GL,nReglementiert,0,0,0,0,0,0,0,0,0
Chemie und Verfahrenstechnik,ZG,abt-total,4,0,4,2,0,2,2,0,2
Chemie und Verfahrenstechnik,ZG,EFZ,4,0,4,2,0,2,2,0,2
Chemie und Verfahrenstechnik,ZG,EBA,0,0,0,0,0,0,0,0,0
Chemie und Verfahrenstechnik,ZG,nReglementiert,0,0,0,0,0,0,0,0,0
Chemie und Verfahrenstechnik,FR,abt-total,24,0,24,7,0,7,17,0,17
Chemie und Verfahrenstechnik,FR,EFZ,24,0,24,7,0,7,17,0,17
Chemie und Verfahrenstechnik,FR,EBA,0,0,0,0,0,0,0,0,0
Chemie und Verfahrenstechnik,FR,nReglementiert,0,0,0,0,0,0,0,0,0
Chemie und Verfahrenstechnik,SO,abt-total,5,0,5,2,0,2,3,0,3
Chemie und Verfahrenstechnik,SO,EFZ,5,0,5,2,0,2,3,0,3
Chemie und Verfahrenstechnik,SO,EBA,0,0,0,0,0,0,0,0,0
Chemie und Verfahrenstechnik,SO,nReglementiert,0,0,0,0,0,0,0,0,0
Chemie und Verfahrenstechnik,BS,abt-total,79,0,79,50,0,50,29,0,29
Chemie und Verfahrenstechnik,BS,EFZ,79,0,79,50,0,50,29,0,29
Chemie und Verfahrenstechnik,BS,EBA,0,0,0,0,0,0,0,0,0
Chemie und Verfahrenstechnik,BS,nReglementiert,0,0,0,0,0,0,0,0,0
Chemie und Verfahrenstechnik,BL,abt-total,97,0,97,58,0,58,39,0,39
Chemie und Verfahrenstechnik,BL,EFZ,97,0,97,58,0,58,39,0,39
Chemie und Verfahrenstechnik,BL,EBA,0,0,0,0,0,0,0,0,0
Chemie und Verfahrenstechnik,Bl,nReglementiert,0,0,0,0,0,0,0,0,0
Chemie und Verfahrenstechnik,SH,abt-total,11,0,11,5,0,5,6,0,6
Chemie und Verfahrenstechnik,SH,EFZ,11,0,11,5,0,5,6,0,6
Chemie und Verfahrenstechnik,SH,EBA,0,0,0,0,0,0,0,0,0
Chemie und Verfahrenstechnik,SH,nReglementiert,0,0,0,0,0,0,0,0,0
Chemie und Verfahrenstechnik,AR,abt-total,4,0,4,2,0,2,2,0,2
Chemie und Verfahrenstechnik,AR,EFZ,4,0,4,2,0,2,2,0,2
Chemie und Verfahrenstechnik,AR,EBA,0,0,0,0,0,0,0,0,0
Chemie und Verfahrenstechnik,AR,nReglementiert,0,0,0,0,0,0,0,0,0
Chemie und Verfahrenstechnik,AI,abt-total,0,0,0,0,0,0,0,0,0
Chemie und Verfahrenstechnik,AI,EFZ,0,0,0,0,0,0,0,0,0
Chemie und Verfahrenstechnik,AI,EBA,0,0,0,0,0,0,0,0,0
Chemie und Verfahrenstechnik,AI,nReglementiert,0,0,0,0,0,0,0,0,0
Chemie und Verfahrenstechnik,SG,abt-total,24,0,24,15,0,15,9,0,9
Chemie und Verfahrenstechnik,SG,EFZ,24,0,24,15,0,15,9,0,9
Chemie und Verfahrenstechnik,SG,EBA,0,0,0,0,0,0,0,0,0
Chemie und Verfahrenstechnik,SG,nReglementiert,0,0,0,0,0,0,0,0,0
Chemie und Verfahrenstechnik,GR,abt-total,9,0,9,4,0,4,5,0,5
Chemie und Verfahrenstechnik,GR,EFZ,9,0,9,4,0,4,5,0,5
Chemie und Verfahrenstechnik,GR,EBA,0,0,0,0,0,0,0,0,0
Chemie und Verfahrenstechnik,GR,nReglementiert,0,0,0,0,0,0,0,0,0
Chemie und Verfahrenstechnik,AG,abt-total,60,0,60,37,0,37,23,0,23
Chemie und Verfahrenstechnik,AG,EFZ,60,0,60,37,0,37,23,0,23
Chemie und Verfahrenstechnik,AG,EBA,0,0,0,0,0,0,0,0,0
Chemie und Verfahrenstechnik,AG,nReglementiert,0,0,0,0,0,0,0,0,0
Chemie und Verfahrenstechnik,TG,abt-total,4,0,4,1,0,1,3,0,3
Chemie und Verfahrenstechnik,TG,EFZ,4,0,4,1,0,1,3,0,3
Chemie und Verfahrenstechnik,TG,EBA,0,0,0,0,0,0,0,0,0
Chemie und Verfahrenstechnik,TG,nReglementiert,0,0,0,0,0,0,0,0,0
Chemie und Verfahrenstechnik,TI,abt-total,35,1,34,22,1,21,13,0,13
Chemie und Verfahrenstechnik,TI,EFZ,35,1,34,22,1,21,13,0,13
Chemie und Verfahrenstechnik,TI,EBA,0,0,0,0,0,0,0,0,0
Chemie und Verfahrenstechnik,TI,nReglementiert,0,0,0,0,0,0,0,0,0
Chemie und Verfahrenstechnik,VD,abt-total,66,21,45,34,9,25,32,12,20
Chemie und Verfahrenstechnik,VD,EFZ,66,21,45,34,9,25,32,12,20
Chemie und Verfahrenstechnik,VD,EBA,0,0,0,0,0,0,0,0,0
Chemie und Verfahrenstechnik,VD,nReglementiert,0,0,0,0,0,0,0,0,0
Chemie und Verfahrenstechnik,VS,abt-total,78,33,45,48,15,33,30,18,12
Chemie und Verfahrenstechnik,VS,EFZ,78,33,45,48,15,33,30,18,12
Chemie und Verfahrenstechnik,VS,EBA,0,0,0,0,0,0,0,0,0
Chemie und Verfahrenstechnik,VS,nReglementiert,0,0,0,0,0,0,0,0,0
Chemie und Verfahrenstechnik,NE,abt-total,14,0,14,7,0,7,7,0,7
Chemie und Verfahrenstechnik,NE,EFZ,14,0,14,7,0,7,7,0,7
Chemie und Verfahrenstechnik,NE,EBA,0,0,0,0,0,0,0,0,0
Chemie und Verfahrenstechnik,NE,nReglementiert,0,0,0,0,0,0,0,0,0
Chemie und Verfahrenstechnik,GE,abt-total,48,0,48,31,0,31,17,0,17
Chemie und Verfahrenstechnik,GE,EFZ,48,0,48,31,0,31,17,0,17
Chemie und Verfahrenstechnik,GE,EBA,0,0,0,0,0,0,0,0,0
Chemie und Verfahrenstechnik,GE,nReglementiert,0,0,0,0,0,0,0,0,0
Chemie und Verfahrenstechnik,JU,abt-total,6,2,4,1,0,1,5,2,3
Chemie und Verfahrenstechnik,JU,EFZ,6,2,4,1,0,1,5,2,3
Chemie und Verfahrenstechnik,JU,EBA,0,0,0,0,0,0,0,0,0
Chemie und Verfahrenstechnik,JU,nReglementiert,0,0,0,0,0,0,0,0,0
"Kraftfahrzeuge, Schiffe und Flugzeuge",,abt-total,4303,29,4274,4089,26,4063,214,3,211
"Kraftfahrzeuge, Schiffe und Flugzeuge",,EFZ,3762,29,3733,3561,26,3535,201,3,198
"Kraftfahrzeuge, Schiffe und Flugzeuge",,EBA,541,0,541,528,0,528,13,0,13
"Kraftfahrzeuge, Schiffe und Flugzeuge",,nReglementiert,0,0,0,0,0,0,0,0,0
"Kraftfahrzeuge, Schiffe und Flugzeuge",ZH,abt-total,596,0,596,569,0,569,27,0,27
"Kraftfahrzeuge, Schiffe und Flugzeuge",ZH,EFZ,521,0,521,494,0,494,27,0,27
"Kraftfahrzeuge, Schiffe und Flugzeuge",ZH,EBA,75,0,75,75,0,75,0,0,0
"Kraftfahrzeuge, Schiffe und Flugzeuge",ZH,nReglementiert,0,0,0,0,0,0,0,0,0
"Kraftfahrzeuge, Schiffe und Flugzeuge",BE,abt-total,524,0,524,489,0,489,35,0,35
"Kraftfahrzeuge, Schiffe und Flugzeuge",BE,EFZ,479,0,479,444,0,444,35,0,35
"Kraftfahrzeuge, Schiffe und Flugzeuge",BE,EBA,45,0,45,45,0,45,0,0,0
"Kraftfahrzeuge, Schiffe und Flugzeuge",BE,nReglementiert,0,0,0,0,0,0,0,0,0
"Kraftfahrzeuge, Schiffe und Flugzeuge",LU,abt-total,267,0,267,249,0,249,18,0,18
"Kraftfahrzeuge, Schiffe und Flugzeuge",LU,EFZ,225,0,225,209,0,209,16,0,16
"Kraftfahrzeuge, Schiffe und Flugzeuge",LU,EBA,42,0,42,40,0,40,2,0,2
"Kraftfahrzeuge, Schiffe und Flugzeuge",LU,nReglementiert,0,0,0,0,0,0,0,0,0
"Kraftfahrzeuge, Schiffe und Flugzeuge",UR,abt-total,26,0,26,23,0,23,3,0,3
"Kraftfahrzeuge, Schiffe und Flugzeuge",UR,EFZ,23,0,23,22,0,22,1,0,1
"Kraftfahrzeuge, Schiffe und Flugzeuge",UR,EBA,3,0,3,1,0,1,2,0,2
"Kraftfahrzeuge, Schiffe und Flugzeuge",UR,nReglementiert,0,0,0,0,0,0,0,0,0
"Kraftfahrzeuge, Schiffe und Flugzeuge",SZ,abt-total,80,0,80,79,0,79,1,0,1
"Kraftfahrzeuge, Schiffe und Flugzeuge",SZ,EFZ,69,0,69,69,0,69,0,0,0
"Kraftfahrzeuge, Schiffe und Flugzeuge",SZ,EBA,11,0,11,10,0,10,1,0,1
"Kraftfahrzeuge, Schiffe und Flugzeuge",SZ,nReglementiert,0,0,0,0,0,0,0,0,0
"Kraftfahrzeuge, Schiffe und Flugzeuge",OW,abt-total,31,0,31,30,0,30,1,0,1
"Kraftfahrzeuge, Schiffe und Flugzeuge",OW,EFZ,28,0,28,27,0,27,1,0,1
"Kraftfahrzeuge, Schiffe und Flugzeuge",OW,EBA,3,0,3,3,0,3,0,0,0
"Kraftfahrzeuge, Schiffe und Flugzeuge",OW,nReglementiert,0,0,0,0,0,0,0,0,0
"Kraftfahrzeuge, Schiffe und Flugzeuge",NW,abt-total,24,0,24,21,0,21,3,0,3
"Kraftfahrzeuge, Schiffe und Flugzeuge",NW,EFZ,20,0,20,17,0,17,3,0,3
"Kraftfahrzeuge, Schiffe und Flugzeuge",NW,EBA,4,0,4,4,0,4,0,0,0
"Kraftfahrzeuge, Schiffe und Flugzeuge",NW,nReglementiert,0,0,0,0,0,0,0,0,0
"Kraftfahrzeuge, Schiffe und Flugzeuge",GL,abt-total,34,0,34,31,0,31,3,0,3
"Kraftfahrzeuge, Schiffe und Flugzeuge",GL,EFZ,25,0,25,22,0,22,3,0,3
"Kraftfahrzeuge, Schiffe und Flugzeuge",GL,EBA,9,0,9,9,0,9,0,0,0
"Kraftfahrzeuge, Schiffe und Flugzeuge",GL,nReglementiert,0,0,0,0,0,0,0,0,0
"Kraftfahrzeuge, Schiffe und Flugzeuge",ZG,abt-total,40,0,40,39,0,39,1,0,1
"Kraftfahrzeuge, Schiffe und Flugzeuge",ZG,EFZ,36,0,36,35,0,35,1,0,1
"Kraftfahrzeuge, Schiffe und Flugzeuge",ZG,EBA,4,0,4,4,0,4,0,0,0
"Kraftfahrzeuge, Schiffe und Flugzeuge",ZG,nReglementiert,0,0,0,0,0,0,0,0,0
"Kraftfahrzeuge, Schiffe und Flugzeuge",FR,abt-total,201,0,201,195,0,195,6,0,6
"Kraftfahrzeuge, Schiffe und Flugzeuge",FR,EFZ,181,0,181,175,0,175,6,0,6
"Kraftfahrzeuge, Schiffe und Flugzeuge",FR,EBA,20,0,20,20,0,20,0,0,0
"Kraftfahrzeuge, Schiffe und Flugzeuge",FR,nReglementiert,0,0,0,0,0,0,0,0,0
"Kraftfahrzeuge, Schiffe und Flugzeuge",SO,abt-total,139,0,139,131,0,131,8,0,8
"Kraftfahrzeuge, Schiffe und Flugzeuge",SO,EFZ,117,0,117,109,0,109,8,0,8
"Kraftfahrzeuge, Schiffe und Flugzeuge",SO,EBA,22,0,22,22,0,22,0,0,0
"Kraftfahrzeuge, Schiffe und Flugzeuge",SO,nReglementiert,0,0,0,0,0,0,0,0,0
"Kraftfahrzeuge, Schiffe und Flugzeuge",BS,abt-total,59,0,59,51,0,51,8,0,8
"Kraftfahrzeuge, Schiffe und Flugzeuge",BS,EFZ,55,0,55,48,0,48,7,0,7
"Kraftfahrzeuge, Schiffe und Flugzeuge",BS,EBA,4,0,4,3,0,3,1,0,1
"Kraftfahrzeuge, Schiffe und Flugzeuge",BS,nReglementiert,0,0,0,0,0,0,0,0,0
"Kraftfahrzeuge, Schiffe und Flugzeuge",BL,abt-total,100,0,100,96,0,96,4,0,4
"Kraftfahrzeuge, Schiffe und Flugzeuge",BL,EFZ,86,0,86,82,0,82,4,0,4
"Kraftfahrzeuge, Schiffe und Flugzeuge",BL,EBA,14,0,14,14,0,14,0,0,0
"Kraftfahrzeuge, Schiffe und Flugzeuge",Bl,nReglementiert,0,0,0,0,0,0,0,0,0
"Kraftfahrzeuge, Schiffe und Flugzeuge",SH,abt-total,46,0,46,46,0,46,0,0,0
"Kraftfahrzeuge, Schiffe und Flugzeuge",SH,EFZ,40,0,40,40,0,40,0,0,0
"Kraftfahrzeuge, Schiffe und Flugzeuge",SH,EBA,6,0,6,6,0,6,0,0,0
"Kraftfahrzeuge, Schiffe und Flugzeuge",SH,nReglementiert,0,0,0,0,0,0,0,0,0
"Kraftfahrzeuge, Schiffe und Flugzeuge",AR,abt-total,19,0,19,18,0,18,1,0,1
"Kraftfahrzeuge, Schiffe und Flugzeuge",AR,EFZ,18,0,18,17,0,17,1,0,1
"Kraftfahrzeuge, Schiffe und Flugzeuge",AR,EBA,1,0,1,1,0,1,0,0,0
"Kraftfahrzeuge, Schiffe und Flugzeuge",AR,nReglementiert,0,0,0,0,0,0,0,0,0
"Kraftfahrzeuge, Schiffe und Flugzeuge",AI,abt-total,11,0,11,10,0,10,1,0,1
"Kraftfahrzeuge, Schiffe und Flugzeuge",AI,EFZ,10,0,10,9,0,9,1,0,1
"Kraftfahrzeuge, Schiffe und Flugzeuge",AI,EBA,1,0,1,1,0,1,0,0,0
"Kraftfahrzeuge, Schiffe und Flugzeuge",AI,nReglementiert,0,0,0,0,0,0,0,0,0
"Kraftfahrzeuge, Schiffe und Flugzeuge",SG,abt-total,302,0,302,289,0,289,13,0,13
"Kraftfahrzeuge, Schiffe und Flugzeuge",SG,EFZ,260,0,260,248,0,248,12,0,12
"Kraftfahrzeuge, Schiffe und Flugzeuge",SG,EBA,42,0,42,41,0,41,1,0,1
"Kraftfahrzeuge, Schiffe und Flugzeuge",SG,nReglementiert,0,0,0,0,0,0,0,0,0
"Kraftfahrzeuge, Schiffe und Flugzeuge",GR,abt-total,148,0,148,142,0,142,6,0,6
"Kraftfahrzeuge, Schiffe und Flugzeuge",GR,EFZ,131,0,131,125,0,125,6,0,6
"Kraftfahrzeuge, Schiffe und Flugzeuge",GR,EBA,17,0,17,17,0,17,0,0,0
"Kraftfahrzeuge, Schiffe und Flugzeuge",GR,nReglementiert,0,0,0,0,0,0,0,0,0
"Kraftfahrzeuge, Schiffe und Flugzeuge",AG,abt-total,357,0,357,340,0,340,17,0,17
"Kraftfahrzeuge, Schiffe und Flugzeuge",AG,EFZ,301,0,301,284,0,284,17,0,17
"Kraftfahrzeuge, Schiffe und Flugzeuge",AG,EBA,56,0,56,56,0,56,0,0,0
"Kraftfahrzeuge, Schiffe und Flugzeuge",AG,nReglementiert,0,0,0,0,0,0,0,0,0
"Kraftfahrzeuge, Schiffe und Flugzeuge",TG,abt-total,172,0,172,167,0,167,5,0,5
"Kraftfahrzeuge, Schiffe und Flugzeuge",TG,EFZ,148,0,148,143,0,143,5,0,5
"Kraftfahrzeuge, Schiffe und Flugzeuge",TG,EBA,24,0,24,24,0,24,0,0,0
"Kraftfahrzeuge, Schiffe und Flugzeuge",TG,nReglementiert,0,0,0,0,0,0,0,0,0
"Kraftfahrzeuge, Schiffe und Flugzeuge",TI,abt-total,190,0,190,187,0,187,3,0,3
"Kraftfahrzeuge, Schiffe und Flugzeuge",TI,EFZ,147,0,147,146,0,146,1,0,1
"Kraftfahrzeuge, Schiffe und Flugzeuge",TI,EBA,43,0,43,41,0,41,2,0,2
"Kraftfahrzeuge, Schiffe und Flugzeuge",TI,nReglementiert,0,0,0,0,0,0,0,0,0
"Kraftfahrzeuge, Schiffe und Flugzeuge",VD,abt-total,387,13,374,369,12,357,18,1,17
"Kraftfahrzeuge, Schiffe und Flugzeuge",VD,EFZ,334,13,321,319,12,307,15,1,14
"Kraftfahrzeuge, Schiffe und Flugzeuge",VD,EBA,53,0,53,50,0,50,3,0,3
"Kraftfahrzeuge, Schiffe und Flugzeuge",VD,nReglementiert,0,0,0,0,0,0,0,0,0
"Kraftfahrzeuge, Schiffe und Flugzeuge",VS,abt-total,217,0,217,197,0,197,20,0,20
"Kraftfahrzeuge, Schiffe und Flugzeuge",VS,EFZ,195,0,195,175,0,175,20,0,20
"Kraftfahrzeuge, Schiffe und Flugzeuge",VS,EBA,22,0,22,22,0,22,0,0,0
"Kraftfahrzeuge, Schiffe und Flugzeuge",VS,nReglementiert,0,0,0,0,0,0,0,0,0
"Kraftfahrzeuge, Schiffe und Flugzeuge",NE,abt-total,92,0,92,87,0,87,5,0,5
"Kraftfahrzeuge, Schiffe und Flugzeuge",NE,EFZ,87,0,87,83,0,83,4,0,4
"Kraftfahrzeuge, Schiffe und Flugzeuge",NE,EBA,5,0,5,4,0,4,1,0,1
"Kraftfahrzeuge, Schiffe und Flugzeuge",NE,nReglementiert,0,0,0,0,0,0,0,0,0
"Kraftfahrzeuge, Schiffe und Flugzeuge",GE,abt-total,195,16,179,189,14,175,6,2,4
"Kraftfahrzeuge, Schiffe und Flugzeuge",GE,EFZ,182,16,166,176,14,162,6,2,4
"Kraftfahrzeuge, Schiffe und Flugzeuge",GE,EBA,13,0,13,13,0,13,0,0,0
"Kraftfahrzeuge, Schiffe und Flugzeuge",GE,nReglementiert,0,0,0,0,0,0,0,0,0
"Kraftfahrzeuge, Schiffe und Flugzeuge",JU,abt-total,46,0,46,45,0,45,1,0,1
"Kraftfahrzeuge, Schiffe und Flugzeuge",JU,EFZ,44,0,44,43,0,43,1,0,1
"Kraftfahrzeuge, Schiffe und Flugzeuge",JU,EBA,2,0,2,2,0,2,0,0,0
"Kraftfahrzeuge, Schiffe und Flugzeuge",JU,nReglementiert,0,0,0,0,0,0,0,0,0
Ernährungsgewerbe,,abt-total,1531,1,1530,843,1,842,688,0,688
Ernährungsgewerbe,,EFZ,1343,0,1343,728,0,728,615,0,615
Ernährungsgewerbe,,EBA,188,1,187,115,1,114,73,0,73
Ernährungsgewerbe,,nReglementiert,0,0,0,0,0,0,0,0,0
Ernährungsgewerbe,ZH,abt-total,143,0,143,74,0,74,69,0,69
Ernährungsgewerbe,ZH,EFZ,126,0,126,67,0,67,59,0,59
Ernährungsgewerbe,ZH,EBA,17,0,17,7,0,7,10,0,10
Ernährungsgewerbe,ZH,nReglementiert,0,0,0,0,0,0,0,0,0
Ernährungsgewerbe,BE,abt-total,205,1,204,94,1,93,111,0,111
Ernährungsgewerbe,BE,EFZ,175,0,175,77,0,77,98,0,98
Ernährungsgewerbe,BE,EBA,30,1,29,17,1,16,13,0,13
Ernährungsgewerbe,BE,nReglementiert,0,0,0,0,0,0,0,0,0
Ernährungsgewerbe,LU,abt-total,118,0,118,60,0,60,58,0,58
Ernährungsgewerbe,LU,EFZ,99,0,99,47,0,47,52,0,52
Ernährungsgewerbe,LU,EBA,19,0,19,13,0,13,6,0,6
Ernährungsgewerbe,LU,nReglementiert,0,0,0,0,0,0,0,0,0
Ernährungsgewerbe,UR,abt-total,12,0,12,2,0,2,10,0,10
Ernährungsgewerbe,UR,EFZ,11,0,11,2,0,2,9,0,9
Ernährungsgewerbe,UR,EBA,1,0,1,0,0,0,1,0,1
Ernährungsgewerbe,UR,nReglementiert,0,0,0,0,0,0,0,0,0
Ernährungsgewerbe,SZ,abt-total,36,0,36,16,0,16,20,0,20
Ernährungsgewerbe,SZ,EFZ,28,0,28,12,0,12,16,0,16
Ernährungsgewerbe,SZ,EBA,8,0,8,4,0,4,4,0,4
Ernährungsgewerbe,SZ,nReglementiert,0,0,0,0,0,0,0,0,0
Ernährungsgewerbe,OW,abt-total,8,0,8,5,0,5,3,0,3
Ernährungsgewerbe,OW,EFZ,8,0,8,5,0,5,3,0,3
Ernährungsgewerbe,OW,EBA,0,0,0,0,0,0,0,0,0
Ernährungsgewerbe,OW,nReglementiert,0,0,0,0,0,0,0,0,0
Ernährungsgewerbe,NW,abt-total,6,0,6,3,0,3,3,0,3
Ernährungsgewerbe,NW,EFZ,5,0,5,2,0,2,3,0,3
Ernährungsgewerbe,NW,EBA,1,0,1,1,0,1,0,0,0
Ernährungsgewerbe,NW,nReglementiert,0,0,0,0,0,0,0,0,0
Ernährungsgewerbe,GL,abt-total,3,0,3,1,0,1,2,0,2
Ernährungsgewerbe,GL,EFZ,3,0,3,1,0,1,2,0,2
Ernährungsgewerbe,GL,EBA,0,0,0,0,0,0,0,0,0
Ernährungsgewerbe,GL,nReglementiert,0,0,0,0,0,0,0,0,0
Ernährungsgewerbe,ZG,abt-total,16,0,16,6,0,6,10,0,10
Ernährungsgewerbe,ZG,EFZ,13,0,13,5,0,5,8,0,8
Ernährungsgewerbe,ZG,EBA,3,0,3,1,0,1,2,0,2
Ernährungsgewerbe,ZG,nReglementiert,0,0,0,0,0,0,0,0,0
Ernährungsgewerbe,FR,abt-total,119,0,119,81,0,81,38,0,38
Ernährungsgewerbe,FR,EFZ,112,0,112,76,0,76,36,0,36
Ernährungsgewerbe,FR,EBA,7,0,7,5,0,5,2,0,2
Ernährungsgewerbe,FR,nReglementiert,0,0,0,0,0,0,0,0,0
Ernährungsgewerbe,SO,abt-total,46,0,46,22,0,22,24,0,24
Ernährungsgewerbe,SO,EFZ,39,0,39,19,0,19,20,0,20
Ernährungsgewerbe,SO,EBA,7,0,7,3,0,3,4,0,4
Ernährungsgewerbe,SO,nReglementiert,0,0,0,0,0,0,0,0,0
Ernährungsgewerbe,BS,abt-total,21,0,21,15,0,15,6,0,6
Ernährungsgewerbe,BS,EFZ,16,0,16,10,0,10,6,0,6
Ernährungsgewerbe,BS,EBA,5,0,5,5,0,5,0,0,0
Ernährungsgewerbe,BS,nReglementiert,0,0,0,0,0,0,0,0,0
Ernährungsgewerbe,BL,abt-total,36,0,36,16,0,16,20,0,20
Ernährungsgewerbe,BL,EFZ,32,0,32,16,0,16,16,0,16
Ernährungsgewerbe,BL,EBA,4,0,4,0,0,0,4,0,4
Ernährungsgewerbe,Bl,nReglementiert,0,0,0,0,0,0,0,0,0
Ernährungsgewerbe,SH,abt-total,15,0,15,4,0,4,11,0,11
Ernährungsgewerbe,SH,EFZ,15,0,15,4,0,4,11,0,11
Ernährungsgewerbe,SH,EBA,0,0,0,0,0,0,0,0,0
Ernährungsgewerbe,SH,nReglementiert,0,0,0,0,0,0,0,0,0
Ernährungsgewerbe,AR,abt-total,15,0,15,9,0,9,6,0,6
Ernährungsgewerbe,AR,EFZ,13,0,13,7,0,7,6,0,6
Ernährungsgewerbe,AR,EBA,2,0,2,2,0,2,0,0,0
Ernährungsgewerbe,AR,nReglementiert,0,0,0,0,0,0,0,0,0
Ernährungsgewerbe,AI,abt-total,15,0,15,8,0,8,7,0,7
Ernährungsgewerbe,AI,EFZ,15,0,15,8,0,8,7,0,7
Ernährungsgewerbe,AI,EBA,0,0,0,0,0,0,0,0,0
Ernährungsgewerbe,AI,nReglementiert,0,0,0,0,0,0,0,0,0
Ernährungsgewerbe,SG,abt-total,161,0,161,86,0,86,75,0,75
Ernährungsgewerbe,SG,EFZ,130,0,130,68,0,68,62,0,62
Ernährungsgewerbe,SG,EBA,31,0,31,18,0,18,13,0,13
Ernährungsgewerbe,SG,nReglementiert,0,0,0,0,0,0,0,0,0
Ernährungsgewerbe,GR,abt-total,35,0,35,12,0,12,23,0,23
Ernährungsgewerbe,GR,EFZ,32,0,32,10,0,10,22,0,22
Ernährungsgewerbe,GR,EBA,3,0,3,2,0,2,1,0,1
Ernährungsgewerbe,GR,nReglementiert,0,0,0,0,0,0,0,0,0
Ernährungsgewerbe,AG,abt-total,129,0,129,74,0,74,55,0,55
Ernährungsgewerbe,AG,EFZ,116,0,116,65,0,65,51,0,51
Ernährungsgewerbe,AG,EBA,13,0,13,9,0,9,4,0,4
Ernährungsgewerbe,AG,nReglementiert,0,0,0,0,0,0,0,0,0
Ernährungsgewerbe,TG,abt-total,61,0,61,29,0,29,32,0,32
Ernährungsgewerbe,TG,EFZ,52,0,52,23,0,23,29,0,29
Ernährungsgewerbe,TG,EBA,9,0,9,6,0,6,3,0,3
Ernährungsgewerbe,TG,nReglementiert,0,0,0,0,0,0,0,0,0
Ernährungsgewerbe,TI,abt-total,38,0,38,26,0,26,12,0,12
Ernährungsgewerbe,TI,EFZ,35,0,35,24,0,24,11,0,11
Ernährungsgewerbe,TI,EBA,3,0,3,2,0,2,1,0,1
Ernährungsgewerbe,TI,nReglementiert,0,0,0,0,0,0,0,0,0
Ernährungsgewerbe,VD,abt-total,155,0,155,103,0,103,52,0,52
Ernährungsgewerbe,VD,EFZ,136,0,136,88,0,88,48,0,48
Ernährungsgewerbe,VD,EBA,19,0,19,15,0,15,4,0,4
Ernährungsgewerbe,VD,nReglementiert,0,0,0,0,0,0,0,0,0
Ernährungsgewerbe,VS,abt-total,54,0,54,37,0,37,17,0,17
Ernährungsgewerbe,VS,EFZ,53,0,53,36,0,36,17,0,17
Ernährungsgewerbe,VS,EBA,1,0,1,1,0,1,0,0,0
Ernährungsgewerbe,VS,nReglementiert,0,0,0,0,0,0,0,0,0
Ernährungsgewerbe,NE,abt-total,29,0,29,19,0,19,10,0,10
Ernährungsgewerbe,NE,EFZ,29,0,29,19,0,19,10,0,10
Ernährungsgewerbe,NE,EBA,0,0,0,0,0,0,0,0,0
Ernährungsgewerbe,NE,nReglementiert,0,0,0,0,0,0,0,0,0
Ernährungsgewerbe,GE,abt-total,27,0,27,19,0,19,8,0,8
Ernährungsgewerbe,GE,EFZ,24,0,24,17,0,17,7,0,7
Ernährungsgewerbe,GE,EBA,3,0,3,2,0,2,1,0,1
Ernährungsgewerbe,GE,nReglementiert,0,0,0,0,0,0,0,0,0
Ernährungsgewerbe,JU,abt-total,28,0,28,22,0,22,6,0,6
Ernährungsgewerbe,JU,EFZ,26,0,26,20,0,20,6,0,6
Ernährungsgewerbe,JU,EBA,2,0,2,2,0,2,0,0,0
Ernährungsgewerbe,JU,nReglementiert,0,0,0,0,0,0,0,0,0
"Textil, Bekleidung, Schuhe, Leder",,abt-total,489,330,159,59,15,44,430,315,115
"Textil, Bekleidung, Schuhe, Leder",,EFZ,488,330,158,59,15,44,429,315,114
"Textil, Bekleidung, Schuhe, Leder",,EBA,1,0,1,0,0,0,1,0,1
"Textil, Bekleidung, Schuhe, Leder",,nReglementiert,0,0,0,0,0,0,0,0,0
"Textil, Bekleidung, Schuhe, Leder",ZH,abt-total,58,41,17,4,1,3,54,40,14
"Textil, Bekleidung, Schuhe, Leder",ZH,EFZ,58,41,17,4,1,3,54,40,14
"Textil, Bekleidung, Schuhe, Leder",ZH,EBA,0,0,0,0,0,0,0,0,0
"Textil, Bekleidung, Schuhe, Leder",ZH,nReglementiert,0,0,0,0,0,0,0,0,0
"Textil, Bekleidung, Schuhe, Leder",BE,abt-total,59,40,19,8,2,6,51,38,13
"Textil, Bekleidung, Schuhe, Leder",BE,EFZ,59,40,19,8,2,6,51,38,13
"Textil, Bekleidung, Schuhe, Leder",BE,EBA,0,0,0,0,0,0,0,0,0
"Textil, Bekleidung, Schuhe, Leder",BE,nReglementiert,0,0,0,0,0,0,0,0,0
"Textil, Bekleidung, Schuhe, Leder",LU,abt-total,7,0,7,0,0,0,7,0,7
"Textil, Bekleidung, Schuhe, Leder",LU,EFZ,7,0,7,0,0,0,7,0,7
"Textil, Bekleidung, Schuhe, Leder",LU,EBA,0,0,0,0,0,0,0,0,0
"Textil, Bekleidung, Schuhe, Leder",LU,nReglementiert,0,0,0,0,0,0,0,0,0
"Textil, Bekleidung, Schuhe, Leder",UR,abt-total,4,0,4,1,0,1,3,0,3
"Textil, Bekleidung, Schuhe, Leder",UR,EFZ,4,0,4,1,0,1,3,0,3
"Textil, Bekleidung, Schuhe, Leder",UR,EBA,0,0,0,0,0,0,0,0,0
"Textil, Bekleidung, Schuhe, Leder",UR,nReglementiert,0,0,0,0,0,0,0,0,0
"Textil, Bekleidung, Schuhe, Leder",SZ,abt-total,7,0,7,2,0,2,5,0,5
"Textil, Bekleidung, Schuhe, Leder",SZ,EFZ,7,0,7,2,0,2,5,0,5
"Textil, Bekleidung, Schuhe, Leder",SZ,EBA,0,0,0,0,0,0,0,0,0
"Textil, Bekleidung, Schuhe, Leder",SZ,nReglementiert,0,0,0,0,0,0,0,0,0
"Textil, Bekleidung, Schuhe, Leder",OW,abt-total,1,0,1,1,0,1,0,0,0
"Textil, Bekleidung, Schuhe, Leder",OW,EFZ,1,0,1,1,0,1,0,0,0
"Textil, Bekleidung, Schuhe, Leder",OW,EBA,0,0,0,0,0,0,0,0,0
"Textil, Bekleidung, Schuhe, Leder",OW,nReglementiert,0,0,0,0,0,0,0,0,0
"Textil, Bekleidung, Schuhe, Leder",NW,abt-total,5,0,5,0,0,0,5,0,5
"Textil, Bekleidung, Schuhe, Leder",NW,EFZ,5,0,5,0,0,0,5,0,5
"Textil, Bekleidung, Schuhe, Leder",NW,EBA,0,0,0,0,0,0,0,0,0
"Textil, Bekleidung, Schuhe, Leder",NW,nReglementiert,0,0,0,0,0,0,0,0,0
"Textil, Bekleidung, Schuhe, Leder",GL,abt-total,1,0,1,1,0,1,0,0,0
"Textil, Bekleidung, Schuhe, Leder",GL,EFZ,1,0,1,1,0,1,0,0,0
"Textil, Bekleidung, Schuhe, Leder",GL,EBA,0,0,0,0,0,0,0,0,0
"Textil, Bekleidung, Schuhe, Leder",GL,nReglementiert,0,0,0,0,0,0,0,0,0
"Textil, Bekleidung, Schuhe, Leder",ZG,abt-total,2,0,2,1,0,1,1,0,1
"Textil, Bekleidung, Schuhe, Leder",ZG,EFZ,2,0,2,1,0,1,1,0,1
"Textil, Bekleidung, Schuhe, Leder",ZG,EBA,0,0,0,0,0,0,0,0,0
"Textil, Bekleidung, Schuhe, Leder",ZG,nReglementiert,0,0,0,0,0,0,0,0,0
"Textil, Bekleidung, Schuhe, Leder",FR,abt-total,16,13,3,1,0,1,15,13,2
"Textil, Bekleidung, Schuhe, Leder",FR,EFZ,16,13,3,1,0,1,15,13,2
"Textil, Bekleidung, Schuhe, Leder",FR,EBA,0,0,0,0,0,0,0,0,0
"Textil, Bekleidung, Schuhe, Leder",FR,nReglementiert,0,0,0,0,0,0,0,0,0
"Textil, Bekleidung, Schuhe, Leder",SO,abt-total,20,16,4,2,1,1,18,15,3
"Textil, Bekleidung, Schuhe, Leder",SO,EFZ,20,16,4,2,1,1,18,15,3
"Textil, Bekleidung, Schuhe, Leder",SO,EBA,0,0,0,0,0,0,0,0,0
"Textil, Bekleidung, Schuhe, Leder",SO,nReglementiert,0,0,0,0,0,0,0,0,0
"Textil, Bekleidung, Schuhe, Leder",BS,abt-total,16,11,5,4,2,2,12,9,3
"Textil, Bekleidung, Schuhe, Leder",BS,EFZ,16,11,5,4,2,2,12,9,3
"Textil, Bekleidung, Schuhe, Leder",BS,EBA,0,0,0,0,0,0,0,0,0
"Textil, Bekleidung, Schuhe, Leder",BS,nReglementiert,0,0,0,0,0,0,0,0,0
"Textil, Bekleidung, Schuhe, Leder",BL,abt-total,1,0,1,1,0,1,0,0,0
"Textil, Bekleidung, Schuhe, Leder",BL,EFZ,1,0,1,1,0,1,0,0,0
"Textil, Bekleidung, Schuhe, Leder",BL,EBA,0,0,0,0,0,0,0,0,0
"Textil, Bekleidung, Schuhe, Leder",Bl,nReglementiert,0,0,0,0,0,0,0,0,0
"Textil, Bekleidung, Schuhe, Leder",SH,abt-total,0,0,0,0,0,0,0,0,0
"Textil, Bekleidung, Schuhe, Leder",SH,EFZ,0,0,0,0,0,0,0,0,0
"Textil, Bekleidung, Schuhe, Leder",SH,EBA,0,0,0,0,0,0,0,0,0
"Textil, Bekleidung, Schuhe, Leder",SH,nReglementiert,0,0,0,0,0,0,0,0,0
"Textil, Bekleidung, Schuhe, Leder",AR,abt-total,5,0,5,2,0,2,3,0,3
"Textil, Bekleidung, Schuhe, Leder",AR,EFZ,5,0,5,2,0,2,3,0,3
"Textil, Bekleidung, Schuhe, Leder",AR,EBA,0,0,0,0,0,0,0,0,0
"Textil, Bekleidung, Schuhe, Leder",AR,nReglementiert,0,0,0,0,0,0,0,0,0
"Textil, Bekleidung, Schuhe, Leder",AI,abt-total,0,0,0,0,0,0,0,0,0
"Textil, Bekleidung, Schuhe, Leder",AI,EFZ,0,0,0,0,0,0,0,0,0
"Textil, Bekleidung, Schuhe, Leder",AI,EBA,0,0,0,0,0,0,0,0,0
"Textil, Bekleidung, Schuhe, Leder",AI,nReglementiert,0,0,0,0,0,0,0,0,0
"Textil, Bekleidung, Schuhe, Leder",SG,abt-total,15,7,8,1,0,1,14,7,7
"Textil, Bekleidung, Schuhe, Leder",SG,EFZ,15,7,8,1,0,1,14,7,7
"Textil, Bekleidung, Schuhe, Leder",SG,EBA,0,0,0,0,0,0,0,0,0
"Textil, Bekleidung, Schuhe, Leder",SG,nReglementiert,0,0,0,0,0,0,0,0,0
"Textil, Bekleidung, Schuhe, Leder",GR,abt-total,4,4,0,1,1,0,3,3,0
"Textil, Bekleidung, Schuhe, Leder",GR,EFZ,4,4,0,1,1,0,3,3,0
"Textil, Bekleidung, Schuhe, Leder",GR,EBA,0,0,0,0,0,0,0,0,0
"Textil, Bekleidung, Schuhe, Leder",GR,nReglementiert,0,0,0,0,0,0,0,0,0
"Textil, Bekleidung, Schuhe, Leder",AG,abt-total,28,0,28,5,0,5,23,0,23
"Textil, Bekleidung, Schuhe, Leder",AG,EFZ,28,0,28,5,0,5,23,0,23
"Textil, Bekleidung, Schuhe, Leder",AG,EBA,0,0,0,0,0,0,0,0,0
"Textil, Bekleidung, Schuhe, Leder",AG,nReglementiert,0,0,0,0,0,0,0,0,0
"Textil, Bekleidung, Schuhe, Leder",TG,abt-total,10,0,10,1,0,1,9,0,9
"Textil, Bekleidung, Schuhe, Leder",TG,EFZ,10,0,10,1,0,1,9,0,9
"Textil, Bekleidung, Schuhe, Leder",TG,EBA,0,0,0,0,0,0,0,0,0
"Textil, Bekleidung, Schuhe, Leder",TG,nReglementiert,0,0,0,0,0,0,0,0,0
"Textil, Bekleidung, Schuhe, Leder",TI,abt-total,102,98,4,5,4,1,97,94,3
"Textil, Bekleidung, Schuhe, Leder",TI,EFZ,102,98,4,5,4,1,97,94,3
"Textil, Bekleidung, Schuhe, Leder",TI,EBA,0,0,0,0,0,0,0,0,0
"Textil, Bekleidung, Schuhe, Leder",TI,nReglementiert,0,0,0,0,0,0,0,0,0
"Textil, Bekleidung, Schuhe, Leder",VD,abt-total,67,50,17,10,2,8,57,48,9
"Textil, Bekleidung, Schuhe, Leder",VD,EFZ,66,50,16,10,2,8,56,48,8
"Textil, Bekleidung, Schuhe, Leder",VD,EBA,1,0,1,0,0,0,1,0,1
"Textil, Bekleidung, Schuhe, Leder",VD,nReglementiert,0,0,0,0,0,0,0,0,0
"Textil, Bekleidung, Schuhe, Leder",VS,abt-total,20,18,2,2,1,1,18,17,1
"Textil, Bekleidung, Schuhe, Leder",VS,EFZ,20,18,2,2,1,1,18,17,1
"Textil, Bekleidung, Schuhe, Leder",VS,EBA,0,0,0,0,0,0,0,0,0
"Textil, Bekleidung, Schuhe, Leder",VS,nReglementiert,0,0,0,0,0,0,0,0,0
"Textil, Bekleidung, Schuhe, Leder",NE,abt-total,24,22,2,2,0,2,22,22,0
"Textil, Bekleidung, Schuhe, Leder",NE,EFZ,24,22,2,2,0,2,22,22,0
"Textil, Bekleidung, Schuhe, Leder",NE,EBA,0,0,0,0,0,0,0,0,0
"Textil, Bekleidung, Schuhe, Leder",NE,nReglementiert,0,0,0,0,0,0,0,0,0
"Textil, Bekleidung, Schuhe, Leder",GE,abt-total,17,10,7,4,1,3,13,9,4
"Textil, Bekleidung, Schuhe, Leder",GE,EFZ,17,10,7,4,1,3,13,9,4
"Textil, Bekleidung, Schuhe, Leder",GE,EBA,0,0,0,0,0,0,0,0,0
"Textil, Bekleidung, Schuhe, Leder",GE,nReglementiert,0,0,0,0,0,0,0,0,0
"Textil, Bekleidung, Schuhe, Leder",JU,abt-total,0,0,0,0,0,0,0,0,0
"Textil, Bekleidung, Schuhe, Leder",JU,EFZ,0,0,0,0,0,0,0,0,0
"Textil, Bekleidung, Schuhe, Leder",JU,EBA,0,0,0,0,0,0,0,0,0
"Textil, Bekleidung, Schuhe, Leder",JU,nReglementiert,0,0,0,0,0,0,0,0,0
"Werkstoffe (Holz, Papier, Kunststoff, Glas)",,abt-total,2047,121,1926,1852,101,1751,195,20,175
"Werkstoffe (Holz, Papier, Kunststoff, Glas)",,EFZ,1651,99,1552,1483,83,1400,168,16,152
"Werkstoffe (Holz, Papier, Kunststoff, Glas)",,EBA,396,22,374,369,18,351,27,4,23
"Werkstoffe (Holz, Papier, Kunststoff, Glas)",,nReglementiert,0,0,0,0,0,0,0,0,0
"Werkstoffe (Holz, Papier, Kunststoff, Glas)",ZH,abt-total,244,12,232,218,9,209,26,3,23
"Werkstoffe (Holz, Papier, Kunststoff, Glas)",ZH,EFZ,182,11,171,157,8,149,25,3,22
"Werkstoffe (Holz, Papier, Kunststoff, Glas)",ZH,EBA,62,1,61,61,1,60,1,0,1
"Werkstoffe (Holz, Papier, Kunststoff, Glas)",ZH,nReglementiert,0,0,0,0,0,0,0,0,0
"Werkstoffe (Holz, Papier, Kunststoff, Glas)",BE,abt-total,281,44,237,242,34,208,39,10,29
"Werkstoffe (Holz, Papier, Kunststoff, Glas)",BE,EFZ,213,28,185,179,21,158,34,7,27
"Werkstoffe (Holz, Papier, Kunststoff, Glas)",BE,EBA,68,16,52,63,13,50,5,3,2
"Werkstoffe (Holz, Papier, Kunststoff, Glas)",BE,nReglementiert,0,0,0,0,0,0,0,0,0
"Werkstoffe (Holz, Papier, Kunststoff, Glas)",LU,abt-total,160,0,160,150,0,150,10,0,10
"Werkstoffe (Holz, Papier, Kunststoff, Glas)",LU,EFZ,113,0,113,108,0,108,5,0,5
"Werkstoffe (Holz, Papier, Kunststoff, Glas)",LU,EBA,47,0,47,42,0,42,5,0,5
"Werkstoffe (Holz, Papier, Kunststoff, Glas)",LU,nReglementiert,0,0,0,0,0,0,0,0,0
"Werkstoffe (Holz, Papier, Kunststoff, Glas)",UR,abt-total,15,0,15,13,0,13,2,0,2
"Werkstoffe (Holz, Papier, Kunststoff, Glas)",UR,EFZ,15,0,15,13,0,13,2,0,2
"Werkstoffe (Holz, Papier, Kunststoff, Glas)",UR,EBA,0,0,0,0,0,0,0,0,0
"Werkstoffe (Holz, Papier, Kunststoff, Glas)",UR,nReglementiert,0,0,0,0,0,0,0,0,0
"Werkstoffe (Holz, Papier, Kunststoff, Glas)",SZ,abt-total,62,0,62,59,0,59,3,0,3
"Werkstoffe (Holz, Papier, Kunststoff, Glas)",SZ,EFZ,41,0,41,38,0,38,3,0,3
"Werkstoffe (Holz, Papier, Kunststoff, Glas)",SZ,EBA,21,0,21,21,0,21,0,0,0
"Werkstoffe (Holz, Papier, Kunststoff, Glas)",SZ,nReglementiert,0,0,0,0,0,0,0,0,0
"Werkstoffe (Holz, Papier, Kunststoff, Glas)",OW,abt-total,11,0,11,10,0,10,1,0,1
"Werkstoffe (Holz, Papier, Kunststoff, Glas)",OW,EFZ,8,0,8,7,0,7,1,0,1
"Werkstoffe (Holz, Papier, Kunststoff, Glas)",OW,EBA,3,0,3,3,0,3,0,0,0
"Werkstoffe (Holz, Papier, Kunststoff, Glas)",OW,nReglementiert,0,0,0,0,0,0,0,0,0
"Werkstoffe (Holz, Papier, Kunststoff, Glas)",NW,abt-total,11,0,11,10,0,10,1,0,1
"Werkstoffe (Holz, Papier, Kunststoff, Glas)",NW,EFZ,10,0,10,9,0,9,1,0,1
"Werkstoffe (Holz, Papier, Kunststoff, Glas)",NW,EBA,1,0,1,1,0,1,0,0,0
"Werkstoffe (Holz, Papier, Kunststoff, Glas)",NW,nReglementiert,0,0,0,0,0,0,0,0,0
"Werkstoffe (Holz, Papier, Kunststoff, Glas)",GL,abt-total,16,0,16,13,0,13,3,0,3
"Werkstoffe (Holz, Papier, Kunststoff, Glas)",GL,EFZ,12,0,12,9,0,9,3,0,3
"Werkstoffe (Holz, Papier, Kunststoff, Glas)",GL,EBA,4,0,4,4,0,4,0,0,0
"Werkstoffe (Holz, Papier, Kunststoff, Glas)",GL,nReglementiert,0,0,0,0,0,0,0,0,0
"Werkstoffe (Holz, Papier, Kunststoff, Glas)",ZG,abt-total,27,0,27,25,0,25,2,0,2
"Werkstoffe (Holz, Papier, Kunststoff, Glas)",ZG,EFZ,23,0,23,21,0,21,2,0,2
"Werkstoffe (Holz, Papier, Kunststoff, Glas)",ZG,EBA,4,0,4,4,0,4,0,0,0
"Werkstoffe (Holz, Papier, Kunststoff, Glas)",ZG,nReglementiert,0,0,0,0,0,0,0,0,0
"Werkstoffe (Holz, Papier, Kunststoff, Glas)",FR,abt-total,102,0,102,96,0,96,6,0,6
"Werkstoffe (Holz, Papier, Kunststoff, Glas)",FR,EFZ,85,0,85,79,0,79,6,0,6
"Werkstoffe (Holz, Papier, Kunststoff, Glas)",FR,EBA,17,0,17,17,0,17,0,0,0
"Werkstoffe (Holz, Papier, Kunststoff, Glas)",FR,nReglementiert,0,0,0,0,0,0,0,0,0
"Werkstoffe (Holz, Papier, Kunststoff, Glas)",SO,abt-total,52,0,52,47,0,47,5,0,5
"Werkstoffe (Holz, Papier, Kunststoff, Glas)",SO,EFZ,43,0,43,39,0,39,4,0,4
"Werkstoffe (Holz, Papier, Kunststoff, Glas)",SO,EBA,9,0,9,8,0,8,1,0,1
"Werkstoffe (Holz, Papier, Kunststoff, Glas)",SO,nReglementiert,0,0,0,0,0,0,0,0,0
"Werkstoffe (Holz, Papier, Kunststoff, Glas)",BS,abt-total,27,6,21,27,6,21,0,0,0
"Werkstoffe (Holz, Papier, Kunststoff, Glas)",BS,EFZ,20,3,17,20,3,17,0,0,0
"Werkstoffe (Holz, Papier, Kunststoff, Glas)",BS,EBA,7,3,4,7,3,4,0,0,0
"Werkstoffe (Holz, Papier, Kunststoff, Glas)",BS,nReglementiert,0,0,0,0,0,0,0,0,0
"Werkstoffe (Holz, Papier, Kunststoff, Glas)",BL,abt-total,41,0,41,36,0,36,5,0,5
"Werkstoffe (Holz, Papier, Kunststoff, Glas)",BL,EFZ,33,0,33,29,0,29,4,0,4
"Werkstoffe (Holz, Papier, Kunststoff, Glas)",BL,EBA,8,0,8,7,0,7,1,0,1
"Werkstoffe (Holz, Papier, Kunststoff, Glas)",Bl,nReglementiert,0,0,0,0,0,0,0,0,0
"Werkstoffe (Holz, Papier, Kunststoff, Glas)",SH,abt-total,25,0,25,22,0,22,3,0,3
"Werkstoffe (Holz, Papier, Kunststoff, Glas)",SH,EFZ,21,0,21,19,0,19,2,0,2
"Werkstoffe (Holz, Papier, Kunststoff, Glas)",SH,EBA,4,0,4,3,0,3,1,0,1
"Werkstoffe (Holz, Papier, Kunststoff, Glas)",SH,nReglementiert,0,0,0,0,0,0,0,0,0
"Werkstoffe (Holz, Papier, Kunststoff, Glas)",AR,abt-total,31,0,31,28,0,28,3,0,3
"Werkstoffe (Holz, Papier, Kunststoff, Glas)",AR,EFZ,23,0,23,21,0,21,2,0,2
"Werkstoffe (Holz, Papier, Kunststoff, Glas)",AR,EBA,8,0,8,7,0,7,1,0,1
"Werkstoffe (Holz, Papier, Kunststoff, Glas)",AR,nReglementiert,0,0,0,0,0,0,0,0,0
"Werkstoffe (Holz, Papier, Kunststoff, Glas)",AI,abt-total,14,0,14,13,0,13,1,0,1
"Werkstoffe (Holz, Papier, Kunststoff, Glas)",AI,EFZ,13,0,13,12,0,12,1,0,1
"Werkstoffe (Holz, Papier, Kunststoff, Glas)",AI,EBA,1,0,1,1,0,1,0,0,0
"Werkstoffe (Holz, Papier, Kunststoff, Glas)",AI,nReglementiert,0,0,0,0,0,0,0,0,0
"Werkstoffe (Holz, Papier, Kunststoff, Glas)",SG,abt-total,185,0,185,157,0,157,28,0,28
"Werkstoffe (Holz, Papier, Kunststoff, Glas)",SG,EFZ,140,0,140,118,0,118,22,0,22
"Werkstoffe (Holz, Papier, Kunststoff, Glas)",SG,EBA,45,0,45,39,0,39,6,0,6
"Werkstoffe (Holz, Papier, Kunststoff, Glas)",SG,nReglementiert,0,0,0,0,0,0,0,0,0
"Werkstoffe (Holz, Papier, Kunststoff, Glas)",GR,abt-total,75,8,67,67,6,61,8,2,6
"Werkstoffe (Holz, Papier, Kunststoff, Glas)",GR,EFZ,62,6,56,57,5,52,5,1,4
"Werkstoffe (Holz, Papier, Kunststoff, Glas)",GR,EBA,13,2,11,10,1,9,3,1,2
"Werkstoffe (Holz, Papier, Kunststoff, Glas)",GR,nReglementiert,0,0,0,0,0,0,0,0,0
"Werkstoffe (Holz, Papier, Kunststoff, Glas)",AG,abt-total,153,0,153,143,0,143,10,0,10
"Werkstoffe (Holz, Papier, Kunststoff, Glas)",AG,EFZ,125,0,125,116,0,116,9,0,9
"Werkstoffe (Holz, Papier, Kunststoff, Glas)",AG,EBA,28,0,28,27,0,27,1,0,1
"Werkstoffe (Holz, Papier, Kunststoff, Glas)",AG,nReglementiert,0,0,0,0,0,0,0,0,0
"Werkstoffe (Holz, Papier, Kunststoff, Glas)",TG,abt-total,102,0,102,90,0,90,12,0,12
"Werkstoffe (Holz, Papier, Kunststoff, Glas)",TG,EFZ,84,0,84,72,0,72,12,0,12
"Werkstoffe (Holz, Papier, Kunststoff, Glas)",TG,EBA,18,0,18,18,0,18,0,0,0
"Werkstoffe (Holz, Papier, Kunststoff, Glas)",TG,nReglementiert,0,0,0,0,0,0,0,0,0
"Werkstoffe (Holz, Papier, Kunststoff, Glas)",TI,abt-total,42,0,42,41,0,41,1,0,1
"Werkstoffe (Holz, Papier, Kunststoff, Glas)",TI,EFZ,39,0,39,38,0,38,1,0,1
"Werkstoffe (Holz, Papier, Kunststoff, Glas)",TI,EBA,3,0,3,3,0,3,0,0,0
"Werkstoffe (Holz, Papier, Kunststoff, Glas)",TI,nReglementiert,0,0,0,0,0,0,0,0,0
"Werkstoffe (Holz, Papier, Kunststoff, Glas)",VD,abt-total,137,21,116,125,18,107,12,3,9
"Werkstoffe (Holz, Papier, Kunststoff, Glas)",VD,EFZ,124,21,103,114,18,96,10,3,7
"Werkstoffe (Holz, Papier, Kunststoff, Glas)",VD,EBA,13,0,13,11,0,11,2,0,2
"Werkstoffe (Holz, Papier, Kunststoff, Glas)",VD,nReglementiert,0,0,0,0,0,0,0,0,0
"Werkstoffe (Holz, Papier, Kunststoff, Glas)",VS,abt-total,114,0,114,111,0,111,3,0,3
"Werkstoffe (Holz, Papier, Kunststoff, Glas)",VS,EFZ,105,0,105,102,0,102,3,0,3
"Werkstoffe (Holz, Papier, Kunststoff, Glas)",VS,EBA,9,0,9,9,0,9,0,0,0
"Werkstoffe (Holz, Papier, Kunststoff, Glas)",VS,nReglementiert,0,0,0,0,0,0,0,0,0
"Werkstoffe (Holz, Papier, Kunststoff, Glas)",NE,abt-total,37,0,37,36,0,36,1,0,1
"Werkstoffe (Holz, Papier, Kunststoff, Glas)",NE,EFZ,37,0,37,36,0,36,1,0,1
"Werkstoffe (Holz, Papier, Kunststoff, Glas)",NE,EBA,0,0,0,0,0,0,0,0,0
"Werkstoffe (Holz, Papier, Kunststoff, Glas)",NE,nReglementiert,0,0,0,0,0,0,0,0,0
"Werkstoffe (Holz, Papier, Kunststoff, Glas)",GE,abt-total,56,30,26,47,28,19,9,2,7
"Werkstoffe (Holz, Papier, Kunststoff, Glas)",GE,EFZ,54,30,24,45,28,17,9,2,7
"Werkstoffe (Holz, Papier, Kunststoff, Glas)",GE,EBA,2,0,2,2,0,2,0,0,0
"Werkstoffe (Holz, Papier, Kunststoff, Glas)",GE,nReglementiert,0,0,0,0,0,0,0,0,0
"Werkstoffe (Holz, Papier, Kunststoff, Glas)",JU,abt-total,27,0,27,26,0,26,1,0,1
"Werkstoffe (Holz, Papier, Kunststoff, Glas)",JU,EFZ,26,0,26,25,0,25,1,0,1
"Werkstoffe (Holz, Papier, Kunststoff, Glas)",JU,EBA,1,0,1,1,0,1,0,0,0
"Werkstoffe (Holz, Papier, Kunststoff, Glas)",JU,nReglementiert,0,0,0,0,0,0,0,0,0
Architektur und Städteplanung,,abt-total,1929,128,1801,1337,92,1245,592,36,556
Architektur und Städteplanung,,EFZ,1929,128,1801,1337,92,1245,592,36,556
Architektur und Städteplanung,,EBA,0,0,0,0,0,0,0,0,0
Architektur und Städteplanung,,nReglementiert,0,0,0,0,0,0,0,0,0
Architektur und Städteplanung,ZH,abt-total,249,0,249,162,0,162,87,0,87
Architektur und Städteplanung,ZH,EFZ,249,0,249,162,0,162,87,0,87
Architektur und Städteplanung,ZH,EBA,0,0,0,0,0,0,0,0,0
Architektur und Städteplanung,ZH,nReglementiert,0,0,0,0,0,0,0,0,0
Architektur und Städteplanung,BE,abt-total,247,0,247,170,0,170,77,0,77
Architektur und Städteplanung,BE,EFZ,247,0,247,170,0,170,77,0,77
Architektur und Städteplanung,BE,EBA,0,0,0,0,0,0,0,0,0
Architektur und Städteplanung,BE,nReglementiert,0,0,0,0,0,0,0,0,0
Architektur und Städteplanung,LU,abt-total,93,0,93,60,0,60,33,0,33
Architektur und Städteplanung,LU,EFZ,93,0,93,60,0,60,33,0,33
Architektur und Städteplanung,LU,EBA,0,0,0,0,0,0,0,0,0
Architektur und Städteplanung,LU,nReglementiert,0,0,0,0,0,0,0,0,0
Architektur und Städteplanung,UR,abt-total,12,0,12,5,0,5,7,0,7
Architektur und Städteplanung,UR,EFZ,12,0,12,5,0,5,7,0,7
Architektur und Städteplanung,UR,EBA,0,0,0,0,0,0,0,0,0
Architektur und Städteplanung,UR,nReglementiert,0,0,0,0,0,0,0,0,0
Architektur und Städteplanung,SZ,abt-total,38,0,38,26,0,26,12,0,12
Architektur und Städteplanung,SZ,EFZ,38,0,38,26,0,26,12,0,12
Architektur und Städteplanung,SZ,EBA,0,0,0,0,0,0,0,0,0
Architektur und Städteplanung,SZ,nReglementiert,0,0,0,0,0,0,0,0,0
Architektur und Städteplanung,OW,abt-total,9,0,9,6,0,6,3,0,3
Architektur und Städteplanung,OW,EFZ,9,0,9,6,0,6,3,0,3
Architektur und Städteplanung,OW,EBA,0,0,0,0,0,0,0,0,0
Architektur und Städteplanung,OW,nReglementiert,0,0,0,0,0,0,0,0,0
Architektur und Städteplanung,NW,abt-total,13,0,13,10,0,10,3,0,3
Architektur und Städteplanung,NW,EFZ,13,0,13,10,0,10,3,0,3
Architektur und Städteplanung,NW,EBA,0,0,0,0,0,0,0,0,0
Architektur und Städteplanung,NW,nReglementiert,0,0,0,0,0,0,0,0,0
Architektur und Städteplanung,GL,abt-total,11,0,11,6,0,6,5,0,5
Architektur und Städteplanung,GL,EFZ,11,0,11,6,0,6,5,0,5
Architektur und Städteplanung,GL,EBA,0,0,0,0,0,0,0,0,0
Architektur und Städteplanung,GL,nReglementiert,0,0,0,0,0,0,0,0,0
Architektur und Städteplanung,ZG,abt-total,37,0,37,23,0,23,14,0,14
Architektur und Städteplanung,ZG,EFZ,37,0,37,23,0,23,14,0,14
Architektur und Städteplanung,ZG,EBA,0,0,0,0,0,0,0,0,0
Architektur und Städteplanung,ZG,nReglementiert,0,0,0,0,0,0,0,0,0
Architektur und Städteplanung,FR,abt-total,64,0,64,43,0,43,21,0,21
Architektur und Städteplanung,FR,EFZ,64,0,64,43,0,43,21,0,21
Architektur und Städteplanung,FR,EBA,0,0,0,0,0,0,0,0,0
Architektur und Städteplanung,FR,nReglementiert,0,0,0,0,0,0,0,0,0
Architektur und Städteplanung,SO,abt-total,50,0,50,32,0,32,18,0,18
Architektur und Städteplanung,SO,EFZ,50,0,50,32,0,32,18,0,18
Architektur und Städteplanung,SO,EBA,0,0,0,0,0,0,0,0,0
Architektur und Städteplanung,SO,nReglementiert,0,0,0,0,0,0,0,0,0
Architektur und Städteplanung,BS,abt-total,32,0,32,23,0,23,9,0,9
Architektur und Städteplanung,BS,EFZ,32,0,32,23,0,23,9,0,9
Architektur und Städteplanung,BS,EBA,0,0,0,0,0,0,0,0,0
Architektur und Städteplanung,BS,nReglementiert,0,0,0,0,0,0,0,0,0
Architektur und Städteplanung,BL,abt-total,43,0,43,28,0,28,15,0,15
Architektur und Städteplanung,BL,EFZ,43,0,43,28,0,28,15,0,15
Architektur und Städteplanung,BL,EBA,0,0,0,0,0,0,0,0,0
Architektur und Städteplanung,Bl,nReglementiert,0,0,0,0,0,0,0,0,0
Architektur und Städteplanung,SH,abt-total,19,0,19,14,0,14,5,0,5
Architektur und Städteplanung,SH,EFZ,19,0,19,14,0,14,5,0,5
Architektur und Städteplanung,SH,EBA,0,0,0,0,0,0,0,0,0
Architektur und Städteplanung,SH,nReglementiert,0,0,0,0,0,0,0,0,0
Architektur und Städteplanung,AR,abt-total,17,0,17,14,0,14,3,0,3
Architektur und Städteplanung,AR,EFZ,17,0,17,14,0,14,3,0,3
Architektur und Städteplanung,AR,EBA,0,0,0,0,0,0,0,0,0
Architektur und Städteplanung,AR,nReglementiert,0,0,0,0,0,0,0,0,0
Architektur und Städteplanung,AI,abt-total,4,0,4,2,0,2,2,0,2
Architektur und Städteplanung,AI,EFZ,4,0,4,2,0,2,2,0,2
Architektur und Städteplanung,AI,EBA,0,0,0,0,0,0,0,0,0
Architektur und Städteplanung,AI,nReglementiert,0,0,0,0,0,0,0,0,0
Architektur und Städteplanung,SG,abt-total,143,0,143,84,0,84,59,0,59
Architektur und Städteplanung,SG,EFZ,143,0,143,84,0,84,59,0,59
Architektur und Städteplanung,SG,EBA,0,0,0,0,0,0,0,0,0
Architektur und Städteplanung,SG,nReglementiert,0,0,0,0,0,0,0,0,0
Architektur und Städteplanung,GR,abt-total,74,0,74,45,0,45,29,0,29
Architektur und Städteplanung,GR,EFZ,74,0,74,45,0,45,29,0,29
Architektur und Städteplanung,GR,EBA,0,0,0,0,0,0,0,0,0
Architektur und Städteplanung,GR,nReglementiert,0,0,0,0,0,0,0,0,0
Architektur und Städteplanung,AG,abt-total,121,0,121,86,0,86,35,0,35
Architektur und Städteplanung,AG,EFZ,121,0,121,86,0,86,35,0,35
Architektur und Städteplanung,AG,EBA,0,0,0,0,0,0,0,0,0
Architektur und Städteplanung,AG,nReglementiert,0,0,0,0,0,0,0,0,0
Architektur und Städteplanung,TG,abt-total,60,0,60,44,0,44,16,0,16
Architektur und Städteplanung,TG,EFZ,60,0,60,44,0,44,16,0,16
Architektur und Städteplanung,TG,EBA,0,0,0,0,0,0,0,0,0
Architektur und Städteplanung,TG,nReglementiert,0,0,0,0,0,0,0,0,0
Architektur und Städteplanung,TI,abt-total,103,39,64,69,22,47,34,17,17
Architektur und Städteplanung,TI,EFZ,103,39,64,69,22,47,34,17,17
Architektur und Städteplanung,TI,EBA,0,0,0,0,0,0,0,0,0
Architektur und Städteplanung,TI,nReglementiert,0,0,0,0,0,0,0,0,0
Architektur und Städteplanung,VD,abt-total,177,0,177,142,0,142,35,0,35
Architektur und Städteplanung,VD,EFZ,177,0,177,142,0,142,35,0,35
Architektur und Städteplanung,VD,EBA,0,0,0,0,0,0,0,0,0
Architektur und Städteplanung,VD,nReglementiert,0,0,0,0,0,0,0,0,0
Architektur und Städteplanung,VS,abt-total,109,0,109,81,0,81,28,0,28
Architektur und Städteplanung,VS,EFZ,109,0,109,81,0,81,28,0,28
Architektur und Städteplanung,VS,EBA,0,0,0,0,0,0,0,0,0
Architektur und Städteplanung,VS,nReglementiert,0,0,0,0,0,0,0,0,0
Architektur und Städteplanung,NE,abt-total,43,0,43,29,0,29,14,0,14
Architektur und Städteplanung,NE,EFZ,43,0,43,29,0,29,14,0,14
Architektur und Städteplanung,NE,EBA,0,0,0,0,0,0,0,0,0
Architektur und Städteplanung,NE,nReglementiert,0,0,0,0,0,0,0,0,0
Architektur und Städteplanung,GE,abt-total,143,89,54,119,70,49,24,19,5
Architektur und Städteplanung,GE,EFZ,143,89,54,119,70,49,24,19,5
Architektur und Städteplanung,GE,EBA,0,0,0,0,0,0,0,0,0
Architektur und Städteplanung,GE,nReglementiert,0,0,0,0,0,0,0,0,0
Architektur und Städteplanung,JU,abt-total,18,0,18,14,0,14,4,0,4
Architektur und Städteplanung,JU,EFZ,18,0,18,14,0,14,4,0,4
Architektur und Städteplanung,JU,EBA,0,0,0,0,0,0,0,0,0
Architektur und Städteplanung,JU,nReglementiert,0,0,0,0,0,0,0,0,0
"Baugewerbe, Hoch- und Tiefbau",,abt-total,6540,37,6503,6092,36,6056,448,1,447
"Baugewerbe, Hoch- und Tiefbau",,EFZ,6267,37,6230,5821,36,5785,446,1,445
"Baugewerbe, Hoch- und Tiefbau",,EBA,273,0,273,271,0,271,2,0,2
"Baugewerbe, Hoch- und Tiefbau",,nReglementiert,0,0,0,0,0,0,0,0,0
"Baugewerbe, Hoch- und Tiefbau",ZH,abt-total,795,2,793,728,2,726,67,0,67
"Baugewerbe, Hoch- und Tiefbau",ZH,EFZ,760,2,758,693,2,691,67,0,67
"Baugewerbe, Hoch- und Tiefbau",ZH,EBA,35,0,35,35,0,35,0,0,0
"Baugewerbe, Hoch- und Tiefbau",ZH,nReglementiert,0,0,0,0,0,0,0,0,0
"Baugewerbe, Hoch- und Tiefbau",BE,abt-total,1019,17,1002,930,16,914,89,1,88
"Baugewerbe, Hoch- und Tiefbau",BE,EFZ,992,17,975,903,16,887,89,1,88
"Baugewerbe, Hoch- und Tiefbau",BE,EBA,27,0,27,27,0,27,0,0,0
"Baugewerbe, Hoch- und Tiefbau",BE,nReglementiert,0,0,0,0,0,0,0,0,0
"Baugewerbe, Hoch- und Tiefbau",LU,abt-total,400,0,400,362,0,362,38,0,38
"Baugewerbe, Hoch- und Tiefbau",LU,EFZ,382,0,382,344,0,344,38,0,38
"Baugewerbe, Hoch- und Tiefbau",LU,EBA,18,0,18,18,0,18,0,0,0
"Baugewerbe, Hoch- und Tiefbau",LU,nReglementiert,0,0,0,0,0,0,0,0,0
"Baugewerbe, Hoch- und Tiefbau",UR,abt-total,50,0,50,45,0,45,5,0,5
"Baugewerbe, Hoch- und Tiefbau",UR,EFZ,49,0,49,44,0,44,5,0,5
"Baugewerbe, Hoch- und Tiefbau",UR,EBA,1,0,1,1,0,1,0,0,0
"Baugewerbe, Hoch- und Tiefbau",UR,nReglementiert,0,0,0,0,0,0,0,0,0
"Baugewerbe, Hoch- und Tiefbau",SZ,abt-total,135,0,135,129,0,129,6,0,6
"Baugewerbe, Hoch- und Tiefbau",SZ,EFZ,125,0,125,120,0,120,5,0,5
"Baugewerbe, Hoch- und Tiefbau",SZ,EBA,10,0,10,9,0,9,1,0,1
"Baugewerbe, Hoch- und Tiefbau",SZ,nReglementiert,0,0,0,0,0,0,0,0,0
"Baugewerbe, Hoch- und Tiefbau",OW,abt-total,56,0,56,50,0,50,6,0,6
"Baugewerbe, Hoch- und Tiefbau",OW,EFZ,55,0,55,49,0,49,6,0,6
"Baugewerbe, Hoch- und Tiefbau",OW,EBA,1,0,1,1,0,1,0,0,0
"Baugewerbe, Hoch- und Tiefbau",OW,nReglementiert,0,0,0,0,0,0,0,0,0
"Baugewerbe, Hoch- und Tiefbau",NW,abt-total,52,0,52,44,0,44,8,0,8
"Baugewerbe, Hoch- und Tiefbau",NW,EFZ,51,0,51,43,0,43,8,0,8
"Baugewerbe, Hoch- und Tiefbau",NW,EBA,1,0,1,1,0,1,0,0,0
"Baugewerbe, Hoch- und Tiefbau",NW,nReglementiert,0,0,0,0,0,0,0,0,0
"Baugewerbe, Hoch- und Tiefbau",GL,abt-total,69,0,69,64,0,64,5,0,5
"Baugewerbe, Hoch- und Tiefbau",GL,EFZ,65,0,65,60,0,60,5,0,5
"Baugewerbe, Hoch- und Tiefbau",GL,EBA,4,0,4,4,0,4,0,0,0
"Baugewerbe, Hoch- und Tiefbau",GL,nReglementiert,0,0,0,0,0,0,0,0,0
"Baugewerbe, Hoch- und Tiefbau",ZG,abt-total,115,0,115,108,0,108,7,0,7
"Baugewerbe, Hoch- und Tiefbau",ZG,EFZ,110,0,110,103,0,103,7,0,7
"Baugewerbe, Hoch- und Tiefbau",ZG,EBA,5,0,5,5,0,5,0,0,0
"Baugewerbe, Hoch- und Tiefbau",ZG,nReglementiert,0,0,0,0,0,0,0,0,0
"Baugewerbe, Hoch- und Tiefbau",FR,abt-total,265,0,265,256,0,256,9,0,9
"Baugewerbe, Hoch- und Tiefbau",FR,EFZ,253,0,253,244,0,244,9,0,9
"Baugewerbe, Hoch- und Tiefbau",FR,EBA,12,0,12,12,0,12,0,0,0
"Baugewerbe, Hoch- und Tiefbau",FR,nReglementiert,0,0,0,0,0,0,0,0,0
"Baugewerbe, Hoch- und Tiefbau",SO,abt-total,201,0,201,184,0,184,17,0,17
"Baugewerbe, Hoch- und Tiefbau",SO,EFZ,192,0,192,175,0,175,17,0,17
"Baugewerbe, Hoch- und Tiefbau",SO,EBA,9,0,9,9,0,9,0,0,0
"Baugewerbe, Hoch- und Tiefbau",SO,nReglementiert,0,0,0,0,0,0,0,0,0
"Baugewerbe, Hoch- und Tiefbau",BS,abt-total,98,0,98,88,0,88,10,0,10
"Baugewerbe, Hoch- und Tiefbau",BS,EFZ,95,0,95,85,0,85,10,0,10
"Baugewerbe, Hoch- und Tiefbau",BS,EBA,3,0,3,3,0,3,0,0,0
"Baugewerbe, Hoch- und Tiefbau",BS,nReglementiert,0,0,0,0,0,0,0,0,0
"Baugewerbe, Hoch- und Tiefbau",BL,abt-total,185,0,185,174,0,174,11,0,11
"Baugewerbe, Hoch- und Tiefbau",BL,EFZ,178,0,178,167,0,167,11,0,11
"Baugewerbe, Hoch- und Tiefbau",BL,EBA,7,0,7,7,0,7,0,0,0
"Baugewerbe, Hoch- und Tiefbau",Bl,nReglementiert,0,0,0,0,0,0,0,0,0
"Baugewerbe, Hoch- und Tiefbau",SH,abt-total,74,0,74,71,0,71,3,0,3
"Baugewerbe, Hoch- und Tiefbau",SH,EFZ,72,0,72,69,0,69,3,0,3
"Baugewerbe, Hoch- und Tiefbau",SH,EBA,2,0,2,2,0,2,0,0,0
"Baugewerbe, Hoch- und Tiefbau",SH,nReglementiert,0,0,0,0,0,0,0,0,0
"Baugewerbe, Hoch- und Tiefbau",AR,abt-total,43,0,43,40,0,40,3,0,3
"Baugewerbe, Hoch- und Tiefbau",AR,EFZ,41,0,41,38,0,38,3,0,3
"Baugewerbe, Hoch- und Tiefbau",AR,EBA,2,0,2,2,0,2,0,0,0
"Baugewerbe, Hoch- und Tiefbau",AR,nReglementiert,0,0,0,0,0,0,0,0,0
"Baugewerbe, Hoch- und Tiefbau",AI,abt-total,32,0,32,32,0,32,0,0,0
"Baugewerbe, Hoch- und Tiefbau",AI,EFZ,30,0,30,30,0,30,0,0,0
"Baugewerbe, Hoch- und Tiefbau",AI,EBA,2,0,2,2,0,2,0,0,0
"Baugewerbe, Hoch- und Tiefbau",AI,nReglementiert,0,0,0,0,0,0,0,0,0
"Baugewerbe, Hoch- und Tiefbau",SG,abt-total,538,0,538,487,0,487,51,0,51
"Baugewerbe, Hoch- und Tiefbau",SG,EFZ,514,0,514,463,0,463,51,0,51
"Baugewerbe, Hoch- und Tiefbau",SG,EBA,24,0,24,24,0,24,0,0,0
"Baugewerbe, Hoch- und Tiefbau",SG,nReglementiert,0,0,0,0,0,0,0,0,0
"Baugewerbe, Hoch- und Tiefbau",GR,abt-total,209,0,209,192,0,192,17,0,17
"Baugewerbe, Hoch- und Tiefbau",GR,EFZ,189,0,189,172,0,172,17,0,17
"Baugewerbe, Hoch- und Tiefbau",GR,EBA,20,0,20,20,0,20,0,0,0
"Baugewerbe, Hoch- und Tiefbau",GR,nReglementiert,0,0,0,0,0,0,0,0,0
"Baugewerbe, Hoch- und Tiefbau",AG,abt-total,440,0,440,405,0,405,35,0,35
"Baugewerbe, Hoch- und Tiefbau",AG,EFZ,424,0,424,390,0,390,34,0,34
"Baugewerbe, Hoch- und Tiefbau",AG,EBA,16,0,16,15,0,15,1,0,1
"Baugewerbe, Hoch- und Tiefbau",AG,nReglementiert,0,0,0,0,0,0,0,0,0
"Baugewerbe, Hoch- und Tiefbau",TG,abt-total,268,0,268,248,0,248,20,0,20
"Baugewerbe, Hoch- und Tiefbau",TG,EFZ,262,0,262,242,0,242,20,0,20
"Baugewerbe, Hoch- und Tiefbau",TG,EBA,6,0,6,6,0,6,0,0,0
"Baugewerbe, Hoch- und Tiefbau",TG,nReglementiert,0,0,0,0,0,0,0,0,0
"Baugewerbe, Hoch- und Tiefbau",TI,abt-total,270,0,270,269,0,269,1,0,1
"Baugewerbe, Hoch- und Tiefbau",TI,EFZ,255,0,255,254,0,254,1,0,1
"Baugewerbe, Hoch- und Tiefbau",TI,EBA,15,0,15,15,0,15,0,0,0
"Baugewerbe, Hoch- und Tiefbau",TI,nReglementiert,0,0,0,0,0,0,0,0,0
"Baugewerbe, Hoch- und Tiefbau",VD,abt-total,521,0,521,500,0,500,21,0,21
"Baugewerbe, Hoch- und Tiefbau",VD,EFZ,491,0,491,470,0,470,21,0,21
"Baugewerbe, Hoch- und Tiefbau",VD,EBA,30,0,30,30,0,30,0,0,0
"Baugewerbe, Hoch- und Tiefbau",VD,nReglementiert,0,0,0,0,0,0,0,0,0
"Baugewerbe, Hoch- und Tiefbau",VS,abt-total,318,0,318,305,0,305,13,0,13
"Baugewerbe, Hoch- und Tiefbau",VS,EFZ,307,0,307,294,0,294,13,0,13
"Baugewerbe, Hoch- und Tiefbau",VS,EBA,11,0,11,11,0,11,0,0,0
"Baugewerbe, Hoch- und Tiefbau",VS,nReglementiert,0,0,0,0,0,0,0,0,0
"Baugewerbe, Hoch- und Tiefbau",NE,abt-total,128,0,128,124,0,124,4,0,4
"Baugewerbe, Hoch- und Tiefbau",NE,EFZ,127,0,127,123,0,123,4,0,4
"Baugewerbe, Hoch- und Tiefbau",NE,EBA,1,0,1,1,0,1,0,0,0
"Baugewerbe, Hoch- und Tiefbau",NE,nReglementiert,0,0,0,0,0,0,0,0,0
"Baugewerbe, Hoch- und Tiefbau",GE,abt-total,205,18,187,203,18,185,2,0,2
"Baugewerbe, Hoch- und Tiefbau",GE,EFZ,194,18,176,192,18,174,2,0,2
"Baugewerbe, Hoch- und Tiefbau",GE,EBA,11,0,11,11,0,11,0,0,0
"Baugewerbe, Hoch- und Tiefbau",GE,nReglementiert,0,0,0,0,0,0,0,0,0
"Baugewerbe, Hoch- und Tiefbau",JU,abt-total,54,0,54,54,0,54,0,0,0
"Baugewerbe, Hoch- und Tiefbau",JU,EFZ,54,0,54,54,0,54,0,0,0
"Baugewerbe, Hoch- und Tiefbau",JU,EBA,0,0,0,0,0,0,0,0,0
"Baugewerbe, Hoch- und Tiefbau",JU,nReglementiert,0,0,0,0,0,0,0,0,0
Pflanzenbau und Tierzucht,,abt-total,1892,0,1892,1439,0,1439,453,0,453
Pflanzenbau und Tierzucht,,EFZ,1720,0,1720,1323,0,1323,397,0,397
Pflanzenbau und Tierzucht,,EBA,172,0,172,116,0,116,56,0,56
Pflanzenbau und Tierzucht,,nReglementiert,0,0,0,0,0,0,0,0,0
Pflanzenbau und Tierzucht,ZH,abt-total,153,0,153,84,0,84,69,0,69
Pflanzenbau und Tierzucht,ZH,EFZ,131,0,131,72,0,72,59,0,59
Pflanzenbau und Tierzucht,ZH,EBA,22,0,22,12,0,12,10,0,10
Pflanzenbau und Tierzucht,ZH,nReglementiert,0,0,0,0,0,0,0,0,0
Pflanzenbau und Tierzucht,BE,abt-total,342,0,342,275,0,275,67,0,67
Pflanzenbau und Tierzucht,BE,EFZ,302,0,302,242,0,242,60,0,60
Pflanzenbau und Tierzucht,BE,EBA,40,0,40,33,0,33,7,0,7
Pflanzenbau und Tierzucht,BE,nReglementiert,0,0,0,0,0,0,0,0,0
Pflanzenbau und Tierzucht,LU,abt-total,131,0,131,108,0,108,23,0,23
Pflanzenbau und Tierzucht,LU,EFZ,118,0,118,100,0,100,18,0,18
Pflanzenbau und Tierzucht,LU,EBA,13,0,13,8,0,8,5,0,5
Pflanzenbau und Tierzucht,LU,nReglementiert,0,0,0,0,0,0,0,0,0
Pflanzenbau und Tierzucht,UR,abt-total,18,0,18,16,0,16,2,0,2
Pflanzenbau und Tierzucht,UR,EFZ,17,0,17,16,0,16,1,0,1
Pflanzenbau und Tierzucht,UR,EBA,1,0,1,0,0,0,1,0,1
Pflanzenbau und Tierzucht,UR,nReglementiert,0,0,0,0,0,0,0,0,0
Pflanzenbau und Tierzucht,SZ,abt-total,57,0,57,52,0,52,5,0,5
Pflanzenbau und Tierzucht,SZ,EFZ,55,0,55,51,0,51,4,0,4
Pflanzenbau und Tierzucht,SZ,EBA,2,0,2,1,0,1,1,0,1
Pflanzenbau und Tierzucht,SZ,nReglementiert,0,0,0,0,0,0,0,0,0
Pflanzenbau und Tierzucht,OW,abt-total,17,0,17,14,0,14,3,0,3
Pflanzenbau und Tierzucht,OW,EFZ,16,0,16,13,0,13,3,0,3
Pflanzenbau und Tierzucht,OW,EBA,1,0,1,1,0,1,0,0,0
Pflanzenbau und Tierzucht,OW,nReglementiert,0,0,0,0,0,0,0,0,0
Pflanzenbau und Tierzucht,NW,abt-total,11,0,11,9,0,9,2,0,2
Pflanzenbau und Tierzucht,NW,EFZ,11,0,11,9,0,9,2,0,2
Pflanzenbau und Tierzucht,NW,EBA,0,0,0,0,0,0,0,0,0
Pflanzenbau und Tierzucht,NW,nReglementiert,0,0,0,0,0,0,0,0,0
Pflanzenbau und Tierzucht,GL,abt-total,4,0,4,3,0,3,1,0,1
Pflanzenbau und Tierzucht,GL,EFZ,4,0,4,3,0,3,1,0,1
Pflanzenbau und Tierzucht,GL,EBA,0,0,0,0,0,0,0,0,0
Pflanzenbau und Tierzucht,GL,nReglementiert,0,0,0,0,0,0,0,0,0
Pflanzenbau und Tierzucht,ZG,abt-total,44,0,44,37,0,37,7,0,7
Pflanzenbau und Tierzucht,ZG,EFZ,43,0,43,36,0,36,7,0,7
Pflanzenbau und Tierzucht,ZG,EBA,1,0,1,1,0,1,0,0,0
Pflanzenbau und Tierzucht,ZG,nReglementiert,0,0,0,0,0,0,0,0,0
Pflanzenbau und Tierzucht,FR,abt-total,125,0,125,105,0,105,20,0,20
Pflanzenbau und Tierzucht,FR,EFZ,116,0,116,98,0,98,18,0,18
Pflanzenbau und Tierzucht,FR,EBA,9,0,9,7,0,7,2,0,2
Pflanzenbau und Tierzucht,FR,nReglementiert,0,0,0,0,0,0,0,0,0
Pflanzenbau und Tierzucht,SO,abt-total,49,0,49,32,0,32,17,0,17
Pflanzenbau und Tierzucht,SO,EFZ,41,0,41,26,0,26,15,0,15
Pflanzenbau und Tierzucht,SO,EBA,8,0,8,6,0,6,2,0,2
Pflanzenbau und Tierzucht,SO,nReglementiert,0,0,0,0,0,0,0,0,0
Pflanzenbau und Tierzucht,BS,abt-total,10,0,10,6,0,6,4,0,4
Pflanzenbau und Tierzucht,BS,EFZ,10,0,10,6,0,6,4,0,4
Pflanzenbau und Tierzucht,BS,EBA,0,0,0,0,0,0,0,0,0
Pflanzenbau und Tierzucht,BS,nReglementiert,0,0,0,0,0,0,0,0,0
Pflanzenbau und Tierzucht,BL,abt-total,71,0,71,61,0,61,10,0,10
Pflanzenbau und Tierzucht,BL,EFZ,60,0,60,53,0,53,7,0,7
Pflanzenbau und Tierzucht,BL,EBA,11,0,11,8,0,8,3,0,3
Pflanzenbau und Tierzucht,Bl,nReglementiert,0,0,0,0,0,0,0,0,0
Pflanzenbau und Tierzucht,SH,abt-total,18,0,18,13,0,13,5,0,5
Pflanzenbau und Tierzucht,SH,EFZ,14,0,14,11,0,11,3,0,3
Pflanzenbau und Tierzucht,SH,EBA,4,0,4,2,0,2,2,0,2
Pflanzenbau und Tierzucht,SH,nReglementiert,0,0,0,0,0,0,0,0,0
Pflanzenbau und Tierzucht,AR,abt-total,20,0,20,19,0,19,1,0,1
Pflanzenbau und Tierzucht,AR,EFZ,17,0,17,17,0,17,0,0,0
Pflanzenbau und Tierzucht,AR,EBA,3,0,3,2,0,2,1,0,1
Pflanzenbau und Tierzucht,AR,nReglementiert,0,0,0,0,0,0,0,0,0
Pflanzenbau und Tierzucht,AI,abt-total,5,0,5,5,0,5,0,0,0
Pflanzenbau und Tierzucht,AI,EFZ,5,0,5,5,0,5,0,0,0
Pflanzenbau und Tierzucht,AI,EBA,0,0,0,0,0,0,0,0,0
Pflanzenbau und Tierzucht,AI,nReglementiert,0,0,0,0,0,0,0,0,0
Pflanzenbau und Tierzucht,SG,abt-total,98,0,98,72,0,72,26,0,26
Pflanzenbau und Tierzucht,SG,EFZ,89,0,89,68,0,68,21,0,21
Pflanzenbau und Tierzucht,SG,EBA,9,0,9,4,0,4,5,0,5
Pflanzenbau und Tierzucht,SG,nReglementiert,0,0,0,0,0,0,0,0,0
Pflanzenbau und Tierzucht,GR,abt-total,79,0,79,55,0,55,24,0,24
Pflanzenbau und Tierzucht,GR,EFZ,71,0,71,50,0,50,21,0,21
Pflanzenbau und Tierzucht,GR,EBA,8,0,8,5,0,5,3,0,3
Pflanzenbau und Tierzucht,GR,nReglementiert,0,0,0,0,0,0,0,0,0
Pflanzenbau und Tierzucht,AG,abt-total,131,0,131,100,0,100,31,0,31
Pflanzenbau und Tierzucht,AG,EFZ,118,0,118,94,0,94,24,0,24
Pflanzenbau und Tierzucht,AG,EBA,13,0,13,6,0,6,7,0,7
Pflanzenbau und Tierzucht,AG,nReglementiert,0,0,0,0,0,0,0,0,0
Pflanzenbau und Tierzucht,TG,abt-total,99,0,99,79,0,79,20,0,20
Pflanzenbau und Tierzucht,TG,EFZ,92,0,92,74,0,74,18,0,18
Pflanzenbau und Tierzucht,TG,EBA,7,0,7,5,0,5,2,0,2
Pflanzenbau und Tierzucht,TG,nReglementiert,0,0,0,0,0,0,0,0,0
Pflanzenbau und Tierzucht,TI,abt-total,30,0,30,18,0,18,12,0,12
Pflanzenbau und Tierzucht,TI,EFZ,25,0,25,16,0,16,9,0,9
Pflanzenbau und Tierzucht,TI,EBA,5,0,5,2,0,2,3,0,3
Pflanzenbau und Tierzucht,TI,nReglementiert,0,0,0,0,0,0,0,0,0
Pflanzenbau und Tierzucht,VD,abt-total,185,0,185,125,0,125,60,0,60
Pflanzenbau und Tierzucht,VD,EFZ,176,0,176,117,0,117,59,0,59
Pflanzenbau und Tierzucht,VD,EBA,9,0,9,8,0,8,1,0,1
Pflanzenbau und Tierzucht,VD,nReglementiert,0,0,0,0,0,0,0,0,0
Pflanzenbau und Tierzucht,VS,abt-total,69,0,69,53,0,53,16,0,16
Pflanzenbau und Tierzucht,VS,EFZ,66,0,66,51,0,51,15,0,15
Pflanzenbau und Tierzucht,VS,EBA,3,0,3,2,0,2,1,0,1
Pflanzenbau und Tierzucht,VS,nReglementiert,0,0,0,0,0,0,0,0,0
Pflanzenbau und Tierzucht,NE,abt-total,57,0,57,47,0,47,10,0,10
Pflanzenbau und Tierzucht,NE,EFZ,57,0,57,47,0,47,10,0,10
Pflanzenbau und Tierzucht,NE,EBA,0,0,0,0,0,0,0,0,0
Pflanzenbau und Tierzucht,NE,nReglementiert,0,0,0,0,0,0,0,0,0
Pflanzenbau und Tierzucht,GE,abt-total,22,0,22,12,0,12,10,0,10
Pflanzenbau und Tierzucht,GE,EFZ,22,0,22,12,0,12,10,0,10
Pflanzenbau und Tierzucht,GE,EBA,0,0,0,0,0,0,0,0,0
Pflanzenbau und Tierzucht,GE,nReglementiert,0,0,0,0,0,0,0,0,0
Pflanzenbau und Tierzucht,JU,abt-total,47,0,47,39,0,39,8,0,8
Pflanzenbau und Tierzucht,JU,EFZ,44,0,44,36,0,36,8,0,8
Pflanzenbau und Tierzucht,JU,EBA,3,0,3,3,0,3,0,0,0
Pflanzenbau und Tierzucht,JU,nReglementiert,0,0,0,0,0,0,0,0,0
Gartenbau,,abt-total,1501,114,1387,1181,79,1102,320,35,285
Gartenbau,,EFZ,1260,103,1157,991,71,920,269,32,237
Gartenbau,,EBA,240,11,229,190,8,182,50,3,47
Gartenbau,,nReglementiert,1,0,1,0,0,0,1,0,1
Gartenbau,ZH,abt-total,220,1,219,185,1,184,35,0,35
Gartenbau,ZH,EFZ,185,1,184,156,1,155,29,0,29
Gartenbau,ZH,EBA,35,0,35,29,0,29,6,0,6
Gartenbau,ZH,nReglementiert,0,0,0,0,0,0,0,0,0
Gartenbau,BE,abt-total,273,43,230,198,25,173,75,18,57
Gartenbau,BE,EFZ,235,35,200,166,18,148,69,17,52
Gartenbau,BE,EBA,38,8,30,32,7,25,6,1,5
Gartenbau,BE,nReglementiert,0,0,0,0,0,0,0,0,0
Gartenbau,LU,abt-total,66,0,66,53,0,53,13,0,13
Gartenbau,LU,EFZ,61,0,61,48,0,48,13,0,13
Gartenbau,LU,EBA,5,0,5,5,0,5,0,0,0
Gartenbau,LU,nReglementiert,0,0,0,0,0,0,0,0,0
Gartenbau,UR,abt-total,5,0,5,3,0,3,2,0,2
Gartenbau,UR,EFZ,5,0,5,3,0,3,2,0,2
Gartenbau,UR,EBA,0,0,0,0,0,0,0,0,0
Gartenbau,UR,nReglementiert,0,0,0,0,0,0,0,0,0
Gartenbau,SZ,abt-total,15,0,15,12,0,12,3,0,3
Gartenbau,SZ,EFZ,14,0,14,11,0,11,3,0,3
Gartenbau,SZ,EBA,1,0,1,1,0,1,0,0,0
Gartenbau,SZ,nReglementiert,0,0,0,0,0,0,0,0,0
Gartenbau,OW,abt-total,9,0,9,6,0,6,3,0,3
Gartenbau,OW,EFZ,8,0,8,6,0,6,2,0,2
Gartenbau,OW,EBA,1,0,1,0,0,0,1,0,1
Gartenbau,OW,nReglementiert,0,0,0,0,0,0,0,0,0
Gartenbau,NW,abt-total,3,0,3,2,0,2,1,0,1
Gartenbau,NW,EFZ,3,0,3,2,0,2,1,0,1
Gartenbau,NW,EBA,0,0,0,0,0,0,0,0,0
Gartenbau,NW,nReglementiert,0,0,0,0,0,0,0,0,0
Gartenbau,GL,abt-total,7,0,7,7,0,7,0,0,0
Gartenbau,GL,EFZ,6,0,6,6,0,6,0,0,0
Gartenbau,GL,EBA,1,0,1,1,0,1,0,0,0
Gartenbau,GL,nReglementiert,0,0,0,0,0,0,0,0,0
Gartenbau,ZG,abt-total,17,0,17,11,0,11,6,0,6
Gartenbau,ZG,EFZ,12,0,12,7,0,7,5,0,5
Gartenbau,ZG,EBA,5,0,5,4,0,4,1,0,1
Gartenbau,ZG,nReglementiert,0,0,0,0,0,0,0,0,0
Gartenbau,FR,abt-total,67,0,67,50,0,50,17,0,17
Gartenbau,FR,EFZ,53,0,53,43,0,43,10,0,10
Gartenbau,FR,EBA,14,0,14,7,0,7,7,0,7
Gartenbau,FR,nReglementiert,0,0,0,0,0,0,0,0,0
Gartenbau,SO,abt-total,39,0,39,30,0,30,9,0,9
Gartenbau,SO,EFZ,29,0,29,23,0,23,6,0,6
Gartenbau,SO,EBA,10,0,10,7,0,7,3,0,3
Gartenbau,SO,nReglementiert,0,0,0,0,0,0,0,0,0
Gartenbau,BS,abt-total,29,9,20,19,3,16,10,6,4
Gartenbau,BS,EFZ,15,6,9,10,2,8,5,4,1
Gartenbau,BS,EBA,14,3,11,9,1,8,5,2,3
Gartenbau,BS,nReglementiert,0,0,0,0,0,0,0,0,0
Gartenbau,BL,abt-total,40,0,40,30,0,30,10,0,10
Gartenbau,BL,EFZ,33,0,33,26,0,26,7,0,7
Gartenbau,BL,EBA,7,0,7,4,0,4,3,0,3
Gartenbau,Bl,nReglementiert,0,0,0,0,0,0,0,0,0
Gartenbau,SH,abt-total,25,0,25,17,0,17,8,0,8
Gartenbau,SH,EFZ,19,0,19,12,0,12,7,0,7
Gartenbau,SH,EBA,6,0,6,5,0,5,1,0,1
Gartenbau,SH,nReglementiert,0,0,0,0,0,0,0,0,0
Gartenbau,AR,abt-total,4,0,4,3,0,3,1,0,1
Gartenbau,AR,EFZ,2,0,2,2,0,2,0,0,0
Gartenbau,AR,EBA,2,0,2,1,0,1,1,0,1
Gartenbau,AR,nReglementiert,0,0,0,0,0,0,0,0,0
Gartenbau,AI,abt-total,1,0,1,1,0,1,0,0,0
Gartenbau,AI,EFZ,1,0,1,1,0,1,0,0,0
Gartenbau,AI,EBA,0,0,0,0,0,0,0,0,0
Gartenbau,AI,nReglementiert,0,0,0,0,0,0,0,0,0
Gartenbau,SG,abt-total,86,0,86,70,0,70,16,0,16
Gartenbau,SG,EFZ,70,0,70,57,0,57,13,0,13
Gartenbau,SG,EBA,16,0,16,13,0,13,3,0,3
Gartenbau,SG,nReglementiert,0,0,0,0,0,0,0,0,0
Gartenbau,GR,abt-total,21,0,21,18,0,18,3,0,3
Gartenbau,GR,EFZ,14,0,14,12,0,12,2,0,2
Gartenbau,GR,EBA,7,0,7,6,0,6,1,0,1
Gartenbau,GR,nReglementiert,0,0,0,0,0,0,0,0,0
Gartenbau,AG,abt-total,127,0,127,99,0,99,28,0,28
Gartenbau,AG,EFZ,117,0,117,91,0,91,26,0,26
Gartenbau,AG,EBA,10,0,10,8,0,8,2,0,2
Gartenbau,AG,nReglementiert,0,0,0,0,0,0,0,0,0
Gartenbau,TG,abt-total,66,0,66,48,0,48,18,0,18
Gartenbau,TG,EFZ,56,0,56,42,0,42,14,0,14
Gartenbau,TG,EBA,10,0,10,6,0,6,4,0,4
Gartenbau,TG,nReglementiert,0,0,0,0,0,0,0,0,0
Gartenbau,TI,abt-total,55,0,55,51,0,51,4,0,4
Gartenbau,TI,EFZ,49,0,49,45,0,45,4,0,4
Gartenbau,TI,EBA,6,0,6,6,0,6,0,0,0
Gartenbau,TI,nReglementiert,0,0,0,0,0,0,0,0,0
Gartenbau,VD,abt-total,131,0,131,103,0,103,28,0,28
Gartenbau,VD,EFZ,108,0,108,83,0,83,25,0,25
Gartenbau,VD,EBA,23,0,23,20,0,20,3,0,3
Gartenbau,VD,nReglementiert,0,0,0,0,0,0,0,0,0
Gartenbau,VS,abt-total,45,0,45,40,0,40,5,0,5
Gartenbau,VS,EFZ,33,0,33,29,0,29,4,0,4
Gartenbau,VS,EBA,12,0,12,11,0,11,1,0,1
Gartenbau,VS,nReglementiert,0,0,0,0,0,0,0,0,0
Gartenbau,NE,abt-total,28,0,28,22,0,22,6,0,6
Gartenbau,NE,EFZ,20,0,20,16,0,16,4,0,4
Gartenbau,NE,EBA,7,0,7,6,0,6,1,0,1
Gartenbau,NE,nReglementiert,1,0,1,0,0,0,1,0,1
Gartenbau,GE,abt-total,110,61,49,93,50,43,17,11,6
Gartenbau,GE,EFZ,101,61,40,85,50,35,16,11,5
Gartenbau,GE,EBA,9,0,9,8,0,8,1,0,1
Gartenbau,GE,nReglementiert,0,0,0,0,0,0,0,0,0
Gartenbau,JU,abt-total,12,0,12,10,0,10,2,0,2
Gartenbau,JU,EFZ,11,0,11,9,0,9,2,0,2
Gartenbau,JU,EBA,1,0,1,1,0,1,0,0,0
Gartenbau,JU,nReglementiert,0,0,0,0,0,0,0,0,0
Forstwirtschaft,,abt-total,339,0,339,337,0,337,2,0,2
Forstwirtschaft,,EFZ,339,0,339,337,0,337,2,0,2
Forstwirtschaft,,EBA,0,0,0,0,0,0,0,0,0
Forstwirtschaft,,nReglementiert,0,0,0,0,0,0,0,0,0
Forstwirtschaft,ZH,abt-total,29,0,29,28,0,28,1,0,1
Forstwirtschaft,ZH,EFZ,29,0,29,28,0,28,1,0,1
Forstwirtschaft,ZH,EBA,0,0,0,0,0,0,0,0,0
Forstwirtschaft,ZH,nReglementiert,0,0,0,0,0,0,0,0,0
Forstwirtschaft,BE,abt-total,30,0,30,30,0,30,0,0,0
Forstwirtschaft,BE,EFZ,30,0,30,30,0,30,0,0,0
Forstwirtschaft,BE,EBA,0,0,0,0,0,0,0,0,0
Forstwirtschaft,BE,nReglementiert,0,0,0,0,0,0,0,0,0
Forstwirtschaft,LU,abt-total,6,0,6,6,0,6,0,0,0
Forstwirtschaft,LU,EFZ,6,0,6,6,0,6,0,0,0
Forstwirtschaft,LU,EBA,0,0,0,0,0,0,0,0,0
Forstwirtschaft,LU,nReglementiert,0,0,0,0,0,0,0,0,0
Forstwirtschaft,UR,abt-total,9,0,9,9,0,9,0,0,0
Forstwirtschaft,UR,EFZ,9,0,9,9,0,9,0,0,0
Forstwirtschaft,UR,EBA,0,0,0,0,0,0,0,0,0
Forstwirtschaft,UR,nReglementiert,0,0,0,0,0,0,0,0,0
Forstwirtschaft,SZ,abt-total,4,0,4,4,0,4,0,0,0
Forstwirtschaft,SZ,EFZ,4,0,4,4,0,4,0,0,0
Forstwirtschaft,SZ,EBA,0,0,0,0,0,0,0,0,0
Forstwirtschaft,SZ,nReglementiert,0,0,0,0,0,0,0,0,0
Forstwirtschaft,OW,abt-total,8,0,8,8,0,8,0,0,0
Forstwirtschaft,OW,EFZ,8,0,8,8,0,8,0,0,0
Forstwirtschaft,OW,EBA,0,0,0,0,0,0,0,0,0
Forstwirtschaft,OW,nReglementiert,0,0,0,0,0,0,0,0,0
Forstwirtschaft,NW,abt-total,3,0,3,3,0,3,0,0,0
Forstwirtschaft,NW,EFZ,3,0,3,3,0,3,0,0,0
Forstwirtschaft,NW,EBA,0,0,0,0,0,0,0,0,0
Forstwirtschaft,NW,nReglementiert,0,0,0,0,0,0,0,0,0
Forstwirtschaft,GL,abt-total,5,0,5,5,0,5,0,0,0
Forstwirtschaft,GL,EFZ,5,0,5,5,0,5,0,0,0
Forstwirtschaft,GL,EBA,0,0,0,0,0,0,0,0,0
Forstwirtschaft,GL,nReglementiert,0,0,0,0,0,0,0,0,0
Forstwirtschaft,ZG,abt-total,6,0,6,5,0,5,1,0,1
Forstwirtschaft,ZG,EFZ,6,0,6,5,0,5,1,0,1
Forstwirtschaft,ZG,EBA,0,0,0,0,0,0,0,0,0
Forstwirtschaft,ZG,nReglementiert,0,0,0,0,0,0,0,0,0
Forstwirtschaft,FR,abt-total,13,0,13,13,0,13,0,0,0
Forstwirtschaft,FR,EFZ,13,0,13,13,0,13,0,0,0
Forstwirtschaft,FR,EBA,0,0,0,0,0,0,0,0,0
Forstwirtschaft,FR,nReglementiert,0,0,0,0,0,0,0,0,0
Forstwirtschaft,SO,abt-total,9,0,9,9,0,9,0,0,0
Forstwirtschaft,SO,EFZ,9,0,9,9,0,9,0,0,0
Forstwirtschaft,SO,EBA,0,0,0,0,0,0,0,0,0
Forstwirtschaft,SO,nReglementiert,0,0,0,0,0,0,0,0,0
Forstwirtschaft,BS,abt-total,0,0,0,0,0,0,0,0,0
Forstwirtschaft,BS,EFZ,0,0,0,0,0,0,0,0,0
Forstwirtschaft,BS,EBA,0,0,0,0,0,0,0,0,0
Forstwirtschaft,BS,nReglementiert,0,0,0,0,0,0,0,0,0
Forstwirtschaft,BL,abt-total,6,0,6,6,0,6,0,0,0
Forstwirtschaft,BL,EFZ,6,0,6,6,0,6,0,0,0
Forstwirtschaft,BL,EBA,0,0,0,0,0,0,0,0,0
Forstwirtschaft,Bl,nReglementiert,0,0,0,0,0,0,0,0,0
Forstwirtschaft,SH,abt-total,3,0,3,3,0,3,0,0,0
Forstwirtschaft,SH,EFZ,3,0,3,3,0,3,0,0,0
Forstwirtschaft,SH,EBA,0,0,0,0,0,0,0,0,0
Forstwirtschaft,SH,nReglementiert,0,0,0,0,0,0,0,0,0
Forstwirtschaft,AR,abt-total,2,0,2,2,0,2,0,0,0
Forstwirtschaft,AR,EFZ,2,0,2,2,0,2,0,0,0
Forstwirtschaft,AR,EBA,0,0,0,0,0,0,0,0,0
Forstwirtschaft,AR,nReglementiert,0,0,0,0,0,0,0,0,0
Forstwirtschaft,AI,abt-total,0,0,0,0,0,0,0,0,0
Forstwirtschaft,AI,EFZ,0,0,0,0,0,0,0,0,0
Forstwirtschaft,AI,EBA,0,0,0,0,0,0,0,0,0
Forstwirtschaft,AI,nReglementiert,0,0,0,0,0,0,0,0,0
Forstwirtschaft,SG,abt-total,20,0,20,20,0,20,0,0,0
Forstwirtschaft,SG,EFZ,20,0,20,20,0,20,0,0,0
Forstwirtschaft,SG,EBA,0,0,0,0,0,0,0,0,0
Forstwirtschaft,SG,nReglementiert,0,0,0,0,0,0,0,0,0
Forstwirtschaft,GR,abt-total,34,0,34,34,0,34,0,0,0
Forstwirtschaft,GR,EFZ,34,0,34,34,0,34,0,0,0
Forstwirtschaft,GR,EBA,0,0,0,0,0,0,0,0,0
Forstwirtschaft,GR,nReglementiert,0,0,0,0,0,0,0,0,0
Forstwirtschaft,AG,abt-total,24,0,24,24,0,24,0,0,0
Forstwirtschaft,AG,EFZ,24,0,24,24,0,24,0,0,0
Forstwirtschaft,AG,EBA,0,0,0,0,0,0,0,0,0
Forstwirtschaft,AG,nReglementiert,0,0,0,0,0,0,0,0,0
Forstwirtschaft,TG,abt-total,13,0,13,13,0,13,0,0,0
Forstwirtschaft,TG,EFZ,13,0,13,13,0,13,0,0,0
Forstwirtschaft,TG,EBA,0,0,0,0,0,0,0,0,0
Forstwirtschaft,TG,nReglementiert,0,0,0,0,0,0,0,0,0
Forstwirtschaft,TI,abt-total,29,0,29,29,0,29,0,0,0
Forstwirtschaft,TI,EFZ,29,0,29,29,0,29,0,0,0
Forstwirtschaft,TI,EBA,0,0,0,0,0,0,0,0,0
Forstwirtschaft,TI,nReglementiert,0,0,0,0,0,0,0,0,0
Forstwirtschaft,VD,abt-total,35,0,35,35,0,35,0,0,0
Forstwirtschaft,VD,EFZ,35,0,35,35,0,35,0,0,0
Forstwirtschaft,VD,EBA,0,0,0,0,0,0,0,0,0
Forstwirtschaft,VD,nReglementiert,0,0,0,0,0,0,0,0,0
Forstwirtschaft,VS,abt-total,30,0,30,30,0,30,0,0,0
Forstwirtschaft,VS,EFZ,30,0,30,30,0,30,0,0,0
Forstwirtschaft,VS,EBA,0,0,0,0,0,0,0,0,0
Forstwirtschaft,VS,nReglementiert,0,0,0,0,0,0,0,0,0
Forstwirtschaft,NE,abt-total,12,0,12,12,0,12,0,0,0
Forstwirtschaft,NE,EFZ,12,0,12,12,0,12,0,0,0
Forstwirtschaft,NE,EBA,0,0,0,0,0,0,0,0,0
Forstwirtschaft,NE,nReglementiert,0,0,0,0,0,0,0,0,0
Forstwirtschaft,GE,abt-total,0,0,0,0,0,0,0,0,0
Forstwirtschaft,GE,EFZ,0,0,0,0,0,0,0,0,0
Forstwirtschaft,GE,EBA,0,0,0,0,0,0,0,0,0
Forstwirtschaft,GE,nReglementiert,0,0,0,0,0,0,0,0,0
Forstwirtschaft,JU,abt-total,9,0,9,9,0,9,0,0,0
Forstwirtschaft,JU,EFZ,9,0,9,9,0,9,0,0,0
Forstwirtschaft,JU,EBA,0,0,0,0,0,0,0,0,0
Forstwirtschaft,JU,nReglementiert,0,0,0,0,0,0,0,0,0
Tiermedizin,,abt-total,211,0,211,3,0,3,208,0,208
Tiermedizin,,EFZ,211,0,211,3,0,3,208,0,208
Tiermedizin,,EBA,0,0,0,0,0,0,0,0,0
Tiermedizin,,nReglementiert,0,0,0,0,0,0,0,0,0
Tiermedizin,ZH,abt-total,44,0,44,2,0,2,42,0,42
Tiermedizin,ZH,EFZ,44,0,44,2,0,2,42,0,42
Tiermedizin,ZH,EBA,0,0,0,0,0,0,0,0,0
Tiermedizin,ZH,nReglementiert,0,0,0,0,0,0,0,0,0
Tiermedizin,BE,abt-total,25,0,25,0,0,0,25,0,25
Tiermedizin,BE,EFZ,25,0,25,0,0,0,25,0,25
Tiermedizin,BE,EBA,0,0,0,0,0,0,0,0,0
Tiermedizin,BE,nReglementiert,0,0,0,0,0,0,0,0,0
Tiermedizin,LU,abt-total,6,0,6,0,0,0,6,0,6
Tiermedizin,LU,EFZ,6,0,6,0,0,0,6,0,6
Tiermedizin,LU,EBA,0,0,0,0,0,0,0,0,0
Tiermedizin,LU,nReglementiert,0,0,0,0,0,0,0,0,0
Tiermedizin,UR,abt-total,1,0,1,0,0,0,1,0,1
Tiermedizin,UR,EFZ,1,0,1,0,0,0,1,0,1
Tiermedizin,UR,EBA,0,0,0,0,0,0,0,0,0
Tiermedizin,UR,nReglementiert,0,0,0,0,0,0,0,0,0
Tiermedizin,SZ,abt-total,4,0,4,0,0,0,4,0,4
Tiermedizin,SZ,EFZ,4,0,4,0,0,0,4,0,4
Tiermedizin,SZ,EBA,0,0,0,0,0,0,0,0,0
Tiermedizin,SZ,nReglementiert,0,0,0,0,0,0,0,0,0
Tiermedizin,OW,abt-total,2,0,2,0,0,0,2,0,2
Tiermedizin,OW,EFZ,2,0,2,0,0,0,2,0,2
Tiermedizin,OW,EBA,0,0,0,0,0,0,0,0,0
Tiermedizin,OW,nReglementiert,0,0,0,0,0,0,0,0,0
Tiermedizin,NW,abt-total,0,0,0,0,0,0,0,0,0
Tiermedizin,NW,EFZ,0,0,0,0,0,0,0,0,0
Tiermedizin,NW,EBA,0,0,0,0,0,0,0,0,0
Tiermedizin,NW,nReglementiert,0,0,0,0,0,0,0,0,0
Tiermedizin,GL,abt-total,2,0,2,0,0,0,2,0,2
Tiermedizin,GL,EFZ,2,0,2,0,0,0,2,0,2
Tiermedizin,GL,EBA,0,0,0,0,0,0,0,0,0
Tiermedizin,GL,nReglementiert,0,0,0,0,0,0,0,0,0
Tiermedizin,ZG,abt-total,1,0,1,0,0,0,1,0,1
Tiermedizin,ZG,EFZ,1,0,1,0,0,0,1,0,1
Tiermedizin,ZG,EBA,0,0,0,0,0,0,0,0,0
Tiermedizin,ZG,nReglementiert,0,0,0,0,0,0,0,0,0
Tiermedizin,FR,abt-total,6,0,6,0,0,0,6,0,6
Tiermedizin,FR,EFZ,6,0,6,0,0,0,6,0,6
Tiermedizin,FR,EBA,0,0,0,0,0,0,0,0,0
Tiermedizin,FR,nReglementiert,0,0,0,0,0,0,0,0,0
Tiermedizin,SO,abt-total,5,0,5,0,0,0,5,0,5
Tiermedizin,SO,EFZ,5,0,5,0,0,0,5,0,5
Tiermedizin,SO,EBA,0,0,0,0,0,0,0,0,0
Tiermedizin,SO,nReglementiert,0,0,0,0,0,0,0,0,0
Tiermedizin,BS,abt-total,5,0,5,0,0,0,5,0,5
Tiermedizin,BS,EFZ,5,0,5,0,0,0,5,0,5
Tiermedizin,BS,EBA,0,0,0,0,0,0,0,0,0
Tiermedizin,BS,nReglementiert,0,0,0,0,0,0,0,0,0
Tiermedizin,BL,abt-total,8,0,8,0,0,0,8,0,8
Tiermedizin,BL,EFZ,8,0,8,0,0,0,8,0,8
Tiermedizin,BL,EBA,0,0,0,0,0,0,0,0,0
Tiermedizin,Bl,nReglementiert,0,0,0,0,0,0,0,0,0
Tiermedizin,SH,abt-total,4,0,4,0,0,0,4,0,4
Tiermedizin,SH,EFZ,4,0,4,0,0,0,4,0,4
Tiermedizin,SH,EBA,0,0,0,0,0,0,0,0,0
Tiermedizin,SH,nReglementiert,0,0,0,0,0,0,0,0,0
Tiermedizin,AR,abt-total,2,0,2,0,0,0,2,0,2
Tiermedizin,AR,EFZ,2,0,2,0,0,0,2,0,2
Tiermedizin,AR,EBA,0,0,0,0,0,0,0,0,0
Tiermedizin,AR,nReglementiert,0,0,0,0,0,0,0,0,0
Tiermedizin,AI,abt-total,0,0,0,0,0,0,0,0,0
Tiermedizin,AI,EFZ,0,0,0,0,0,0,0,0,0
Tiermedizin,AI,EBA,0,0,0,0,0,0,0,0,0
Tiermedizin,AI,nReglementiert,0,0,0,0,0,0,0,0,0
Tiermedizin,SG,abt-total,11,0,11,0,0,0,11,0,11
Tiermedizin,SG,EFZ,11,0,11,0,0,0,11,0,11
Tiermedizin,SG,EBA,0,0,0,0,0,0,0,0,0
Tiermedizin,SG,nReglementiert,0,0,0,0,0,0,0,0,0
Tiermedizin,GR,abt-total,6,0,6,0,0,0,6,0,6
Tiermedizin,GR,EFZ,6,0,6,0,0,0,6,0,6
Tiermedizin,GR,EBA,0,0,0,0,0,0,0,0,0
Tiermedizin,GR,nReglementiert,0,0,0,0,0,0,0,0,0
Tiermedizin,AG,abt-total,15,0,15,0,0,0,15,0,15
Tiermedizin,AG,EFZ,15,0,15,0,0,0,15,0,15
Tiermedizin,AG,EBA,0,0,0,0,0,0,0,0,0
Tiermedizin,AG,nReglementiert,0,0,0,0,0,0,0,0,0
Tiermedizin,TG,abt-total,5,0,5,0,0,0,5,0,5
Tiermedizin,TG,EFZ,5,0,5,0,0,0,5,0,5
Tiermedizin,TG,EBA,0,0,0,0,0,0,0,0,0
Tiermedizin,TG,nReglementiert,0,0,0,0,0,0,0,0,0
Tiermedizin,TI,abt-total,7,0,7,0,0,0,7,0,7
Tiermedizin,TI,EFZ,7,0,7,0,0,0,7,0,7
Tiermedizin,TI,EBA,0,0,0,0,0,0,0,0,0
Tiermedizin,TI,nReglementiert,0,0,0,0,0,0,0,0,0
Tiermedizin,VD,abt-total,34,0,34,1,0,1,33,0,33
Tiermedizin,VD,EFZ,34,0,34,1,0,1,33,0,33
Tiermedizin,VD,EBA,0,0,0,0,0,0,0,0,0
Tiermedizin,VD,nReglementiert,0,0,0,0,0,0,0,0,0
Tiermedizin,VS,abt-total,6,0,6,0,0,0,6,0,6
Tiermedizin,VS,EFZ,6,0,6,0,0,0,6,0,6
Tiermedizin,VS,EBA,0,0,0,0,0,0,0,0,0
Tiermedizin,VS,nReglementiert,0,0,0,0,0,0,0,0,0
Tiermedizin,NE,abt-total,5,0,5,0,0,0,5,0,5
Tiermedizin,NE,EFZ,5,0,5,0,0,0,5,0,5
Tiermedizin,NE,EBA,0,0,0,0,0,0,0,0,0
Tiermedizin,NE,nReglementiert,0,0,0,0,0,0,0,0,0
Tiermedizin,GE,abt-total,4,0,4,0,0,0,4,0,4
Tiermedizin,GE,EFZ,4,0,4,0,0,0,4,0,4
Tiermedizin,GE,EBA,0,0,0,0,0,0,0,0,0
Tiermedizin,GE,nReglementiert,0,0,0,0,0,0,0,0,0
Tiermedizin,JU,abt-total,3,0,3,0,0,0,3,0,3
Tiermedizin,JU,EFZ,3,0,3,0,0,0,3,0,3
Tiermedizin,JU,EBA,0,0,0,0,0,0,0,0,0
Tiermedizin,JU,nReglementiert,0,0,0,0,0,0,0,0,0
Medizinische Dienste,,abt-total,1361,54,1307,172,0,172,1189,54,1135
Medizinische Dienste,,EFZ,1361,54,1307,172,0,172,1189,54,1135
Medizinische Dienste,,EBA,0,0,0,0,0,0,0,0,0
Medizinische Dienste,,nReglementiert,0,0,0,0,0,0,0,0,0
Medizinische Dienste,ZH,abt-total,259,0,259,31,0,31,228,0,228
Medizinische Dienste,ZH,EFZ,259,0,259,31,0,31,228,0,228
Medizinische Dienste,ZH,EBA,0,0,0,0,0,0,0,0,0
Medizinische Dienste,ZH,nReglementiert,0,0,0,0,0,0,0,0,0
Medizinische Dienste,BE,abt-total,197,0,197,22,0,22,175,0,175
Medizinische Dienste,BE,EFZ,197,0,197,22,0,22,175,0,175
Medizinische Dienste,BE,EBA,0,0,0,0,0,0,0,0,0
Medizinische Dienste,BE,nReglementiert,0,0,0,0,0,0,0,0,0
Medizinische Dienste,LU,abt-total,72,0,72,3,0,3,69,0,69
Medizinische Dienste,LU,EFZ,72,0,72,3,0,3,69,0,69
Medizinische Dienste,LU,EBA,0,0,0,0,0,0,0,0,0
Medizinische Dienste,LU,nReglementiert,0,0,0,0,0,0,0,0,0
Medizinische Dienste,UR,abt-total,4,0,4,0,0,0,4,0,4
Medizinische Dienste,UR,EFZ,4,0,4,0,0,0,4,0,4
Medizinische Dienste,UR,EBA,0,0,0,0,0,0,0,0,0
Medizinische Dienste,UR,nReglementiert,0,0,0,0,0,0,0,0,0
Medizinische Dienste,SZ,abt-total,32,0,32,3,0,3,29,0,29
Medizinische Dienste,SZ,EFZ,32,0,32,3,0,3,29,0,29
Medizinische Dienste,SZ,EBA,0,0,0,0,0,0,0,0,0
Medizinische Dienste,SZ,nReglementiert,0,0,0,0,0,0,0,0,0
Medizinische Dienste,OW,abt-total,7,0,7,0,0,0,7,0,7
Medizinische Dienste,OW,EFZ,7,0,7,0,0,0,7,0,7
Medizinische Dienste,OW,EBA,0,0,0,0,0,0,0,0,0
Medizinische Dienste,OW,nReglementiert,0,0,0,0,0,0,0,0,0
Medizinische Dienste,NW,abt-total,9,0,9,0,0,0,9,0,9
Medizinische Dienste,NW,EFZ,9,0,9,0,0,0,9,0,9
Medizinische Dienste,NW,EBA,0,0,0,0,0,0,0,0,0
Medizinische Dienste,NW,nReglementiert,0,0,0,0,0,0,0,0,0
Medizinische Dienste,GL,abt-total,6,0,6,1,0,1,5,0,5
Medizinische Dienste,GL,EFZ,6,0,6,1,0,1,5,0,5
Medizinische Dienste,GL,EBA,0,0,0,0,0,0,0,0,0
Medizinische Dienste,GL,nReglementiert,0,0,0,0,0,0,0,0,0
Medizinische Dienste,ZG,abt-total,21,0,21,2,0,2,19,0,19
Medizinische Dienste,ZG,EFZ,21,0,21,2,0,2,19,0,19
Medizinische Dienste,ZG,EBA,0,0,0,0,0,0,0,0,0
Medizinische Dienste,ZG,nReglementiert,0,0,0,0,0,0,0,0,0
Medizinische Dienste,FR,abt-total,39,0,39,6,0,6,33,0,33
Medizinische Dienste,FR,EFZ,39,0,39,6,0,6,33,0,33
Medizinische Dienste,FR,EBA,0,0,0,0,0,0,0,0,0
Medizinische Dienste,FR,nReglementiert,0,0,0,0,0,0,0,0,0
Medizinische Dienste,SO,abt-total,49,0,49,10,0,10,39,0,39
Medizinische Dienste,SO,EFZ,49,0,49,10,0,10,39,0,39
Medizinische Dienste,SO,EBA,0,0,0,0,0,0,0,0,0
Medizinische Dienste,SO,nReglementiert,0,0,0,0,0,0,0,0,0
Medizinische Dienste,BS,abt-total,37,0,37,8,0,8,29,0,29
Medizinische Dienste,BS,EFZ,37,0,37,8,0,8,29,0,29
Medizinische Dienste,BS,EBA,0,0,0,0,0,0,0,0,0
Medizinische Dienste,BS,nReglementiert,0,0,0,0,0,0,0,0,0
Medizinische Dienste,BL,abt-total,44,0,44,2,0,2,42,0,42
Medizinische Dienste,BL,EFZ,44,0,44,2,0,2,42,0,42
Medizinische Dienste,BL,EBA,0,0,0,0,0,0,0,0,0
Medizinische Dienste,Bl,nReglementiert,0,0,0,0,0,0,0,0,0
Medizinische Dienste,SH,abt-total,10,0,10,1,0,1,9,0,9
Medizinische Dienste,SH,EFZ,10,0,10,1,0,1,9,0,9
Medizinische Dienste,SH,EBA,0,0,0,0,0,0,0,0,0
Medizinische Dienste,SH,nReglementiert,0,0,0,0,0,0,0,0,0
Medizinische Dienste,AR,abt-total,7,0,7,0,0,0,7,0,7
Medizinische Dienste,AR,EFZ,7,0,7,0,0,0,7,0,7
Medizinische Dienste,AR,EBA,0,0,0,0,0,0,0,0,0
Medizinische Dienste,AR,nReglementiert,0,0,0,0,0,0,0,0,0
Medizinische Dienste,AI,abt-total,2,0,2,0,0,0,2,0,2
Medizinische Dienste,AI,EFZ,2,0,2,0,0,0,2,0,2
Medizinische Dienste,AI,EBA,0,0,0,0,0,0,0,0,0
Medizinische Dienste,AI,nReglementiert,0,0,0,0,0,0,0,0,0
Medizinische Dienste,SG,abt-total,89,0,89,5,0,5,84,0,84
Medizinische Dienste,SG,EFZ,89,0,89,5,0,5,84,0,84
Medizinische Dienste,SG,EBA,0,0,0,0,0,0,0,0,0
Medizinische Dienste,SG,nReglementiert,0,0,0,0,0,0,0,0,0
Medizinische Dienste,GR,abt-total,32,0,32,2,0,2,30,0,30
Medizinische Dienste,GR,EFZ,32,0,32,2,0,2,30,0,30
Medizinische Dienste,GR,EBA,0,0,0,0,0,0,0,0,0
Medizinische Dienste,GR,nReglementiert,0,0,0,0,0,0,0,0,0
Medizinische Dienste,AG,abt-total,104,0,104,10,0,10,94,0,94
Medizinische Dienste,AG,EFZ,104,0,104,10,0,10,94,0,94
Medizinische Dienste,AG,EBA,0,0,0,0,0,0,0,0,0
Medizinische Dienste,AG,nReglementiert,0,0,0,0,0,0,0,0,0
Medizinische Dienste,TG,abt-total,43,0,43,5,0,5,38,0,38
Medizinische Dienste,TG,EFZ,43,0,43,5,0,5,38,0,38
Medizinische Dienste,TG,EBA,0,0,0,0,0,0,0,0,0
Medizinische Dienste,TG,nReglementiert,0,0,0,0,0,0,0,0,0
Medizinische Dienste,TI,abt-total,57,0,57,17,0,17,40,0,40
Medizinische Dienste,TI,EFZ,57,0,57,17,0,17,40,0,40
Medizinische Dienste,TI,EBA,0,0,0,0,0,0,0,0,0
Medizinische Dienste,TI,nReglementiert,0,0,0,0,0,0,0,0,0
Medizinische Dienste,VD,abt-total,117,0,117,26,0,26,91,0,91
Medizinische Dienste,VD,EFZ,117,0,117,26,0,26,91,0,91
Medizinische Dienste,VD,EBA,0,0,0,0,0,0,0,0,0
Medizinische Dienste,VD,nReglementiert,0,0,0,0,0,0,0,0,0
Medizinische Dienste,VS,abt-total,64,37,27,6,0,6,58,37,21
Medizinische Dienste,VS,EFZ,64,37,27,6,0,6,58,37,21
Medizinische Dienste,VS,EBA,0,0,0,0,0,0,0,0,0
Medizinische Dienste,VS,nReglementiert,0,0,0,0,0,0,0,0,0
Medizinische Dienste,NE,abt-total,19,0,19,3,0,3,16,0,16
Medizinische Dienste,NE,EFZ,19,0,19,3,0,3,16,0,16
Medizinische Dienste,NE,EBA,0,0,0,0,0,0,0,0,0
Medizinische Dienste,NE,nReglementiert,0,0,0,0,0,0,0,0,0
Medizinische Dienste,GE,abt-total,37,17,20,9,0,9,28,17,11
Medizinische Dienste,GE,EFZ,37,17,20,9,0,9,28,17,11
Medizinische Dienste,GE,EBA,0,0,0,0,0,0,0,0,0
Medizinische Dienste,GE,nReglementiert,0,0,0,0,0,0,0,0,0
Medizinische Dienste,JU,abt-total,4,0,4,0,0,0,4,0,4
Medizinische Dienste,JU,EFZ,4,0,4,0,0,0,4,0,4
Medizinische Dienste,JU,EBA,0,0,0,0,0,0,0,0,0
Medizinische Dienste,JU,nReglementiert,0,0,0,0,0,0,0,0,0
Krankenpflege,,abt-total,3576,230,3346,392,29,363,3184,201,2983
Krankenpflege,,EFZ,3576,230,3346,392,29,363,3184,201,2983
Krankenpflege,,EBA,0,0,0,0,0,0,0,0,0
Krankenpflege,,nReglementiert,0,0,0,0,0,0,0,0,0
Krankenpflege,ZH,abt-total,555,0,555,72,0,72,483,0,483
Krankenpflege,ZH,EFZ,555,0,555,72,0,72,483,0,483
Krankenpflege,ZH,EBA,0,0,0,0,0,0,0,0,0
Krankenpflege,ZH,nReglementiert,0,0,0,0,0,0,0,0,0
Krankenpflege,BE,abt-total,769,15,754,69,3,66,700,12,688
Krankenpflege,BE,EFZ,769,15,754,69,3,66,700,12,688
Krankenpflege,BE,EBA,0,0,0,0,0,0,0,0,0
Krankenpflege,BE,nReglementiert,0,0,0,0,0,0,0,0,0
Krankenpflege,LU,abt-total,247,0,247,17,0,17,230,0,230
Krankenpflege,LU,EFZ,247,0,247,17,0,17,230,0,230
Krankenpflege,LU,EBA,0,0,0,0,0,0,0,0,0
Krankenpflege,LU,nReglementiert,0,0,0,0,0,0,0,0,0
Krankenpflege,UR,abt-total,28,0,28,1,0,1,27,0,27
Krankenpflege,UR,EFZ,28,0,28,1,0,1,27,0,27
Krankenpflege,UR,EBA,0,0,0,0,0,0,0,0,0
Krankenpflege,UR,nReglementiert,0,0,0,0,0,0,0,0,0
Krankenpflege,SZ,abt-total,51,0,51,3,0,3,48,0,48
Krankenpflege,SZ,EFZ,51,0,51,3,0,3,48,0,48
Krankenpflege,SZ,EBA,0,0,0,0,0,0,0,0,0
Krankenpflege,SZ,nReglementiert,0,0,0,0,0,0,0,0,0
Krankenpflege,OW,abt-total,14,0,14,1,0,1,13,0,13
Krankenpflege,OW,EFZ,14,0,14,1,0,1,13,0,13
Krankenpflege,OW,EBA,0,0,0,0,0,0,0,0,0
Krankenpflege,OW,nReglementiert,0,0,0,0,0,0,0,0,0
Krankenpflege,NW,abt-total,16,0,16,0,0,0,16,0,16
Krankenpflege,NW,EFZ,16,0,16,0,0,0,16,0,16
Krankenpflege,NW,EBA,0,0,0,0,0,0,0,0,0
Krankenpflege,NW,nReglementiert,0,0,0,0,0,0,0,0,0
Krankenpflege,GL,abt-total,28,0,28,2,0,2,26,0,26
Krankenpflege,GL,EFZ,28,0,28,2,0,2,26,0,26
Krankenpflege,GL,EBA,0,0,0,0,0,0,0,0,0
Krankenpflege,GL,nReglementiert,0,0,0,0,0,0,0,0,0
Krankenpflege,ZG,abt-total,42,0,42,4,0,4,38,0,38
Krankenpflege,ZG,EFZ,42,0,42,4,0,4,38,0,38
Krankenpflege,ZG,EBA,0,0,0,0,0,0,0,0,0
Krankenpflege,ZG,nReglementiert,0,0,0,0,0,0,0,0,0
Krankenpflege,FR,abt-total,97,29,68,8,3,5,89,26,63
Krankenpflege,FR,EFZ,97,29,68,8,3,5,89,26,63
Krankenpflege,FR,EBA,0,0,0,0,0,0,0,0,0
Krankenpflege,FR,nReglementiert,0,0,0,0,0,0,0,0,0
Krankenpflege,SO,abt-total,100,0,100,12,0,12,88,0,88
Krankenpflege,SO,EFZ,100,0,100,12,0,12,88,0,88
Krankenpflege,SO,EBA,0,0,0,0,0,0,0,0,0
Krankenpflege,SO,nReglementiert,0,0,0,0,0,0,0,0,0
Krankenpflege,BS,abt-total,94,0,94,12,0,12,82,0,82
Krankenpflege,BS,EFZ,94,0,94,12,0,12,82,0,82
Krankenpflege,BS,EBA,0,0,0,0,0,0,0,0,0
Krankenpflege,BS,nReglementiert,0,0,0,0,0,0,0,0,0
Krankenpflege,BL,abt-total,98,0,98,20,0,20,78,0,78
Krankenpflege,BL,EFZ,98,0,98,20,0,20,78,0,78
Krankenpflege,BL,EBA,0,0,0,0,0,0,0,0,0
Krankenpflege,Bl,nReglementiert,0,0,0,0,0,0,0,0,0
Krankenpflege,SH,abt-total,41,0,41,4,0,4,37,0,37
Krankenpflege,SH,EFZ,41,0,41,4,0,4,37,0,37
Krankenpflege,SH,EBA,0,0,0,0,0,0,0,0,0
Krankenpflege,SH,nReglementiert,0,0,0,0,0,0,0,0,0
Krankenpflege,AR,abt-total,41,0,41,1,0,1,40,0,40
Krankenpflege,AR,EFZ,41,0,41,1,0,1,40,0,40
Krankenpflege,AR,EBA,0,0,0,0,0,0,0,0,0
Krankenpflege,AR,nReglementiert,0,0,0,0,0,0,0,0,0
Krankenpflege,AI,abt-total,3,0,3,0,0,0,3,0,3
Krankenpflege,AI,EFZ,3,0,3,0,0,0,3,0,3
Krankenpflege,AI,EBA,0,0,0,0,0,0,0,0,0
Krankenpflege,AI,nReglementiert,0,0,0,0,0,0,0,0,0
Krankenpflege,SG,abt-total,309,0,309,15,0,15,294,0,294
Krankenpflege,SG,EFZ,309,0,309,15,0,15,294,0,294
Krankenpflege,SG,EBA,0,0,0,0,0,0,0,0,0
Krankenpflege,SG,nReglementiert,0,0,0,0,0,0,0,0,0
Krankenpflege,GR,abt-total,102,0,102,9,0,9,93,0,93
Krankenpflege,GR,EFZ,102,0,102,9,0,9,93,0,93
Krankenpflege,GR,EBA,0,0,0,0,0,0,0,0,0
Krankenpflege,GR,nReglementiert,0,0,0,0,0,0,0,0,0
Krankenpflege,AG,abt-total,245,0,245,24,0,24,221,0,221
Krankenpflege,AG,EFZ,245,0,245,24,0,24,221,0,221
Krankenpflege,AG,EBA,0,0,0,0,0,0,0,0,0
Krankenpflege,AG,nReglementiert,0,0,0,0,0,0,0,0,0
Krankenpflege,TG,abt-total,128,0,128,14,0,14,114,0,114
Krankenpflege,TG,EFZ,128,0,128,14,0,14,114,0,114
Krankenpflege,TG,EBA,0,0,0,0,0,0,0,0,0
Krankenpflege,TG,nReglementiert,0,0,0,0,0,0,0,0,0
Krankenpflege,TI,abt-total,128,0,128,43,0,43,85,0,85
Krankenpflege,TI,EFZ,128,0,128,43,0,43,85,0,85
Krankenpflege,TI,EBA,0,0,0,0,0,0,0,0,0
Krankenpflege,TI,nReglementiert,0,0,0,0,0,0,0,0,0
Krankenpflege,VD,abt-total,158,53,105,31,9,22,127,44,83
Krankenpflege,VD,EFZ,158,53,105,31,9,22,127,44,83
Krankenpflege,VD,EBA,0,0,0,0,0,0,0,0,0
Krankenpflege,VD,nReglementiert,0,0,0,0,0,0,0,0,0
Krankenpflege,VS,abt-total,114,27,87,11,5,6,103,22,81
Krankenpflege,VS,EFZ,114,27,87,11,5,6,103,22,81
Krankenpflege,VS,EBA,0,0,0,0,0,0,0,0,0
Krankenpflege,VS,nReglementiert,0,0,0,0,0,0,0,0,0
Krankenpflege,NE,abt-total,73,37,36,9,6,3,64,31,33
Krankenpflege,NE,EFZ,73,37,36,9,6,3,64,31,33
Krankenpflege,NE,EBA,0,0,0,0,0,0,0,0,0
Krankenpflege,NE,nReglementiert,0,0,0,0,0,0,0,0,0
Krankenpflege,GE,abt-total,53,28,25,9,2,7,44,26,18
Krankenpflege,GE,EFZ,53,28,25,9,2,7,44,26,18
Krankenpflege,GE,EBA,0,0,0,0,0,0,0,0,0
Krankenpflege,GE,nReglementiert,0,0,0,0,0,0,0,0,0
Krankenpflege,JU,abt-total,42,41,1,1,1,0,41,40,1
Krankenpflege,JU,EFZ,42,41,1,1,1,0,41,40,1
Krankenpflege,JU,EBA,0,0,0,0,0,0,0,0,0
Krankenpflege,JU,nReglementiert,0,0,0,0,0,0,0,0,0
Zahnmedizin,,abt-total,1005,0,1005,44,0,44,961,0,961
Zahnmedizin,,EFZ,1005,0,1005,44,0,44,961,0,961
Zahnmedizin,,EBA,0,0,0,0,0,0,0,0,0
Zahnmedizin,,nReglementiert,0,0,0,0,0,0,0,0,0
Zahnmedizin,ZH,abt-total,194,0,194,11,0,11,183,0,183
Zahnmedizin,ZH,EFZ,194,0,194,11,0,11,183,0,183
Zahnmedizin,ZH,EBA,0,0,0,0,0,0,0,0,0
Zahnmedizin,ZH,nReglementiert,0,0,0,0,0,0,0,0,0
Zahnmedizin,BE,abt-total,114,0,114,7,0,7,107,0,107
Zahnmedizin,BE,EFZ,114,0,114,7,0,7,107,0,107
Zahnmedizin,BE,EBA,0,0,0,0,0,0,0,0,0
Zahnmedizin,BE,nReglementiert,0,0,0,0,0,0,0,0,0
Zahnmedizin,LU,abt-total,52,0,52,1,0,1,51,0,51
Zahnmedizin,LU,EFZ,52,0,52,1,0,1,51,0,51
Zahnmedizin,LU,EBA,0,0,0,0,0,0,0,0,0
Zahnmedizin,LU,nReglementiert,0,0,0,0,0,0,0,0,0
Zahnmedizin,UR,abt-total,6,0,6,0,0,0,6,0,6
Zahnmedizin,UR,EFZ,6,0,6,0,0,0,6,0,6
Zahnmedizin,UR,EBA,0,0,0,0,0,0,0,0,0
Zahnmedizin,UR,nReglementiert,0,0,0,0,0,0,0,0,0
Zahnmedizin,SZ,abt-total,16,0,16,0,0,0,16,0,16
Zahnmedizin,SZ,EFZ,16,0,16,0,0,0,16,0,16
Zahnmedizin,SZ,EBA,0,0,0,0,0,0,0,0,0
Zahnmedizin,SZ,nReglementiert,0,0,0,0,0,0,0,0,0
Zahnmedizin,OW,abt-total,5,0,5,0,0,0,5,0,5
Zahnmedizin,OW,EFZ,5,0,5,0,0,0,5,0,5
Zahnmedizin,OW,EBA,0,0,0,0,0,0,0,0,0
Zahnmedizin,OW,nReglementiert,0,0,0,0,0,0,0,0,0
Zahnmedizin,NW,abt-total,6,0,6,0,0,0,6,0,6
Zahnmedizin,NW,EFZ,6,0,6,0,0,0,6,0,6
Zahnmedizin,NW,EBA,0,0,0,0,0,0,0,0,0
Zahnmedizin,NW,nReglementiert,0,0,0,0,0,0,0,0,0
Zahnmedizin,GL,abt-total,5,0,5,0,0,0,5,0,5
Zahnmedizin,GL,EFZ,5,0,5,0,0,0,5,0,5
Zahnmedizin,GL,EBA,0,0,0,0,0,0,0,0,0
Zahnmedizin,GL,nReglementiert,0,0,0,0,0,0,0,0,0
Zahnmedizin,ZG,abt-total,19,0,19,0,0,0,19,0,19
Zahnmedizin,ZG,EFZ,19,0,19,0,0,0,19,0,19
Zahnmedizin,ZG,EBA,0,0,0,0,0,0,0,0,0
Zahnmedizin,ZG,nReglementiert,0,0,0,0,0,0,0,0,0
Zahnmedizin,FR,abt-total,25,0,25,2,0,2,23,0,23
Zahnmedizin,FR,EFZ,25,0,25,2,0,2,23,0,23
Zahnmedizin,FR,EBA,0,0,0,0,0,0,0,0,0
Zahnmedizin,FR,nReglementiert,0,0,0,0,0,0,0,0,0
Zahnmedizin,SO,abt-total,27,0,27,2,0,2,25,0,25
Zahnmedizin,SO,EFZ,27,0,27,2,0,2,25,0,25
Zahnmedizin,SO,EBA,0,0,0,0,0,0,0,0,0
Zahnmedizin,SO,nReglementiert,0,0,0,0,0,0,0,0,0
Zahnmedizin,BS,abt-total,29,0,29,1,0,1,28,0,28
Zahnmedizin,BS,EFZ,29,0,29,1,0,1,28,0,28
Zahnmedizin,BS,EBA,0,0,0,0,0,0,0,0,0
Zahnmedizin,BS,nReglementiert,0,0,0,0,0,0,0,0,0
Zahnmedizin,BL,abt-total,37,0,37,1,0,1,36,0,36
Zahnmedizin,BL,EFZ,37,0,37,1,0,1,36,0,36
Zahnmedizin,BL,EBA,0,0,0,0,0,0,0,0,0
Zahnmedizin,Bl,nReglementiert,0,0,0,0,0,0,0,0,0
Zahnmedizin,SH,abt-total,12,0,12,0,0,0,12,0,12
Zahnmedizin,SH,EFZ,12,0,12,0,0,0,12,0,12
Zahnmedizin,SH,EBA,0,0,0,0,0,0,0,0,0
Zahnmedizin,SH,nReglementiert,0,0,0,0,0,0,0,0,0
Zahnmedizin,AR,abt-total,12,0,12,0,0,0,12,0,12
Zahnmedizin,AR,EFZ,12,0,12,0,0,0,12,0,12
Zahnmedizin,AR,EBA,0,0,0,0,0,0,0,0,0
Zahnmedizin,AR,nReglementiert,0,0,0,0,0,0,0,0,0
Zahnmedizin,AI,abt-total,1,0,1,0,0,0,1,0,1
Zahnmedizin,AI,EFZ,1,0,1,0,0,0,1,0,1
Zahnmedizin,AI,EBA,0,0,0,0,0,0,0,0,0
Zahnmedizin,AI,nReglementiert,0,0,0,0,0,0,0,0,0
Zahnmedizin,SG,abt-total,67,0,67,2,0,2,65,0,65
Zahnmedizin,SG,EFZ,67,0,67,2,0,2,65,0,65
Zahnmedizin,SG,EBA,0,0,0,0,0,0,0,0,0
Zahnmedizin,SG,nReglementiert,0,0,0,0,0,0,0,0,0
Zahnmedizin,GR,abt-total,25,0,25,1,0,1,24,0,24
Zahnmedizin,GR,EFZ,25,0,25,1,0,1,24,0,24
Zahnmedizin,GR,EBA,0,0,0,0,0,0,0,0,0
Zahnmedizin,GR,nReglementiert,0,0,0,0,0,0,0,0,0
Zahnmedizin,AG,abt-total,82,0,82,1,0,1,81,0,81
Zahnmedizin,AG,EFZ,82,0,82,1,0,1,81,0,81
Zahnmedizin,AG,EBA,0,0,0,0,0,0,0,0,0
Zahnmedizin,AG,nReglementiert,0,0,0,0,0,0,0,0,0
Zahnmedizin,TG,abt-total,24,0,24,0,0,0,24,0,24
Zahnmedizin,TG,EFZ,24,0,24,0,0,0,24,0,24
Zahnmedizin,TG,EBA,0,0,0,0,0,0,0,0,0
Zahnmedizin,TG,nReglementiert,0,0,0,0,0,0,0,0,0
Zahnmedizin,TI,abt-total,39,0,39,3,0,3,36,0,36
Zahnmedizin,TI,EFZ,39,0,39,3,0,3,36,0,36
Zahnmedizin,TI,EBA,0,0,0,0,0,0,0,0,0
Zahnmedizin,TI,nReglementiert,0,0,0,0,0,0,0,0,0
Zahnmedizin,VD,abt-total,89,0,89,6,0,6,83,0,83
Zahnmedizin,VD,EFZ,89,0,89,6,0,6,83,0,83
Zahnmedizin,VD,EBA,0,0,0,0,0,0,0,0,0
Zahnmedizin,VD,nReglementiert,0,0,0,0,0,0,0,0,0
Zahnmedizin,VS,abt-total,31,0,31,0,0,0,31,0,31
Zahnmedizin,VS,EFZ,31,0,31,0,0,0,31,0,31
Zahnmedizin,VS,EBA,0,0,0,0,0,0,0,0,0
Zahnmedizin,VS,nReglementiert,0,0,0,0,0,0,0,0,0
Zahnmedizin,NE,abt-total,23,0,23,4,0,4,19,0,19
Zahnmedizin,NE,EFZ,23,0,23,4,0,4,19,0,19
Zahnmedizin,NE,EBA,0,0,0,0,0,0,0,0,0
Zahnmedizin,NE,nReglementiert,0,0,0,0,0,0,0,0,0
Zahnmedizin,GE,abt-total,59,0,59,2,0,2,57,0,57
Zahnmedizin,GE,EFZ,59,0,59,2,0,2,57,0,57
Zahnmedizin,GE,EBA,0,0,0,0,0,0,0,0,0
Zahnmedizin,GE,nReglementiert,0,0,0,0,0,0,0,0,0
Zahnmedizin,JU,abt-total,6,0,6,0,0,0,6,0,6
Zahnmedizin,JU,EFZ,6,0,6,0,0,0,6,0,6
Zahnmedizin,JU,EBA,0,0,0,0,0,0,0,0,0
Zahnmedizin,JU,nReglementiert,0,0,0,0,0,0,0,0,0
Sozialarbeit und Beratung,,abt-total,2610,168,2442,383,27,356,2227,141,2086
Sozialarbeit und Beratung,,EFZ,2610,168,2442,383,27,356,2227,141,2086
Sozialarbeit und Beratung,,EBA,0,0,0,0,0,0,0,0,0
Sozialarbeit und Beratung,,nReglementiert,0,0,0,0,0,0,0,0,0
Sozialarbeit und Beratung,ZH,abt-total,678,0,678,74,0,74,604,0,604
Sozialarbeit und Beratung,ZH,EFZ,678,0,678,74,0,74,604,0,604
Sozialarbeit und Beratung,ZH,EBA,0,0,0,0,0,0,0,0,0
Sozialarbeit und Beratung,ZH,nReglementiert,0,0,0,0,0,0,0,0,0
Sozialarbeit und Beratung,BE,abt-total,315,20,295,49,2,47,266,18,248
Sozialarbeit und Beratung,BE,EFZ,315,20,295,49,2,47,266,18,248
Sozialarbeit und Beratung,BE,EBA,0,0,0,0,0,0,0,0,0
Sozialarbeit und Beratung,BE,nReglementiert,0,0,0,0,0,0,0,0,0
Sozialarbeit und Beratung,LU,abt-total,103,0,103,7,0,7,96,0,96
Sozialarbeit und Beratung,LU,EFZ,103,0,103,7,0,7,96,0,96
Sozialarbeit und Beratung,LU,EBA,0,0,0,0,0,0,0,0,0
Sozialarbeit und Beratung,LU,nReglementiert,0,0,0,0,0,0,0,0,0
Sozialarbeit und Beratung,UR,abt-total,7,0,7,2,0,2,5,0,5
Sozialarbeit und Beratung,UR,EFZ,7,0,7,2,0,2,5,0,5
Sozialarbeit und Beratung,UR,EBA,0,0,0,0,0,0,0,0,0
Sozialarbeit und Beratung,UR,nReglementiert,0,0,0,0,0,0,0,0,0
Sozialarbeit und Beratung,SZ,abt-total,33,0,33,3,0,3,30,0,30
Sozialarbeit und Beratung,SZ,EFZ,33,0,33,3,0,3,30,0,30
Sozialarbeit und Beratung,SZ,EBA,0,0,0,0,0,0,0,0,0
Sozialarbeit und Beratung,SZ,nReglementiert,0,0,0,0,0,0,0,0,0
Sozialarbeit und Beratung,OW,abt-total,3,0,3,1,0,1,2,0,2
Sozialarbeit und Beratung,OW,EFZ,3,0,3,1,0,1,2,0,2
Sozialarbeit und Beratung,OW,EBA,0,0,0,0,0,0,0,0,0
Sozialarbeit und Beratung,OW,nReglementiert,0,0,0,0,0,0,0,0,0
Sozialarbeit und Beratung,NW,abt-total,7,0,7,1,0,1,6,0,6
Sozialarbeit und Beratung,NW,EFZ,7,0,7,1,0,1,6,0,6
Sozialarbeit und Beratung,NW,EBA,0,0,0,0,0,0,0,0,0
Sozialarbeit und Beratung,NW,nReglementiert,0,0,0,0,0,0,0,0,0
Sozialarbeit und Beratung,GL,abt-total,11,0,11,0,0,0,11,0,11
Sozialarbeit und Beratung,GL,EFZ,11,0,11,0,0,0,11,0,11
Sozialarbeit und Beratung,GL,EBA,0,0,0,0,0,0,0,0,0
Sozialarbeit und Beratung,GL,nReglementiert,0,0,0,0,0,0,0,0,0
Sozialarbeit und Beratung,ZG,abt-total,44,0,44,4,0,4,40,0,40
Sozialarbeit und Beratung,ZG,EFZ,44,0,44,4,0,4,40,0,40
Sozialarbeit und Beratung,ZG,EBA,0,0,0,0,0,0,0,0,0
Sozialarbeit und Beratung,ZG,nReglementiert,0,0,0,0,0,0,0,0,0
Sozialarbeit und Beratung,FR,abt-total,57,0,57,8,0,8,49,0,49
Sozialarbeit und Beratung,FR,EFZ,57,0,57,8,0,8,49,0,49
Sozialarbeit und Beratung,FR,EBA,0,0,0,0,0,0,0,0,0
Sozialarbeit und Beratung,FR,nReglementiert,0,0,0,0,0,0,0,0,0
Sozialarbeit und Beratung,SO,abt-total,67,0,67,12,0,12,55,0,55
Sozialarbeit und Beratung,SO,EFZ,67,0,67,12,0,12,55,0,55
Sozialarbeit und Beratung,SO,EBA,0,0,0,0,0,0,0,0,0
Sozialarbeit und Beratung,SO,nReglementiert,0,0,0,0,0,0,0,0,0
Sozialarbeit und Beratung,BS,abt-total,101,0,101,17,0,17,84,0,84
Sozialarbeit und Beratung,BS,EFZ,101,0,101,17,0,17,84,0,84
Sozialarbeit und Beratung,BS,EBA,0,0,0,0,0,0,0,0,0
Sozialarbeit und Beratung,BS,nReglementiert,0,0,0,0,0,0,0,0,0
Sozialarbeit und Beratung,BL,abt-total,67,0,67,14,0,14,53,0,53
Sozialarbeit und Beratung,BL,EFZ,67,0,67,14,0,14,53,0,53
Sozialarbeit und Beratung,BL,EBA,0,0,0,0,0,0,0,0,0
Sozialarbeit und Beratung,Bl,nReglementiert,0,0,0,0,0,0,0,0,0
Sozialarbeit und Beratung,SH,abt-total,29,0,29,4,0,4,25,0,25
Sozialarbeit und Beratung,SH,EFZ,29,0,29,4,0,4,25,0,25
Sozialarbeit und Beratung,SH,EBA,0,0,0,0,0,0,0,0,0
Sozialarbeit und Beratung,SH,nReglementiert,0,0,0,0,0,0,0,0,0
Sozialarbeit und Beratung,AR,abt-total,28,0,28,6,0,6,22,0,22
Sozialarbeit und Beratung,AR,EFZ,28,0,28,6,0,6,22,0,22
Sozialarbeit und Beratung,AR,EBA,0,0,0,0,0,0,0,0,0
Sozialarbeit und Beratung,AR,nReglementiert,0,0,0,0,0,0,0,0,0
Sozialarbeit und Beratung,AI,abt-total,3,0,3,1,0,1,2,0,2
Sozialarbeit und Beratung,AI,EFZ,3,0,3,1,0,1,2,0,2
Sozialarbeit und Beratung,AI,EBA,0,0,0,0,0,0,0,0,0
Sozialarbeit und Beratung,AI,nReglementiert,0,0,0,0,0,0,0,0,0
Sozialarbeit und Beratung,SG,abt-total,140,0,140,18,0,18,122,0,122
Sozialarbeit und Beratung,SG,EFZ,140,0,140,18,0,18,122,0,122
Sozialarbeit und Beratung,SG,EBA,0,0,0,0,0,0,0,0,0
Sozialarbeit und Beratung,SG,nReglementiert,0,0,0,0,0,0,0,0,0
Sozialarbeit und Beratung,GR,abt-total,40,0,40,3,0,3,37,0,37
Sozialarbeit und Beratung,GR,EFZ,40,0,40,3,0,3,37,0,37
Sozialarbeit und Beratung,GR,EBA,0,0,0,0,0,0,0,0,0
Sozialarbeit und Beratung,GR,nReglementiert,0,0,0,0,0,0,0,0,0
Sozialarbeit und Beratung,AG,abt-total,140,0,140,18,0,18,122,0,122
Sozialarbeit und Beratung,AG,EFZ,140,0,140,18,0,18,122,0,122
Sozialarbeit und Beratung,AG,EBA,0,0,0,0,0,0,0,0,0
Sozialarbeit und Beratung,AG,nReglementiert,0,0,0,0,0,0,0,0,0
Sozialarbeit und Beratung,TG,abt-total,72,0,72,9,0,9,63,0,63
Sozialarbeit und Beratung,TG,EFZ,72,0,72,9,0,9,63,0,63
Sozialarbeit und Beratung,TG,EBA,0,0,0,0,0,0,0,0,0
Sozialarbeit und Beratung,TG,nReglementiert,0,0,0,0,0,0,0,0,0
Sozialarbeit und Beratung,TI,abt-total,36,0,36,13,0,13,23,0,23
Sozialarbeit und Beratung,TI,EFZ,36,0,36,13,0,13,23,0,23
Sozialarbeit und Beratung,TI,EBA,0,0,0,0,0,0,0,0,0
Sozialarbeit und Beratung,TI,nReglementiert,0,0,0,0,0,0,0,0,0
Sozialarbeit und Beratung,VD,abt-total,261,0,261,41,0,41,220,0,220
Sozialarbeit und Beratung,VD,EFZ,261,0,261,41,0,41,220,0,220
Sozialarbeit und Beratung,VD,EBA,0,0,0,0,0,0,0,0,0
Sozialarbeit und Beratung,VD,nReglementiert,0,0,0,0,0,0,0,0,0
Sozialarbeit und Beratung,VS,abt-total,99,36,63,16,6,10,83,30,53
Sozialarbeit und Beratung,VS,EFZ,99,36,63,16,6,10,83,30,53
Sozialarbeit und Beratung,VS,EBA,0,0,0,0,0,0,0,0,0
Sozialarbeit und Beratung,VS,nReglementiert,0,0,0,0,0,0,0,0,0
Sozialarbeit und Beratung,NE,abt-total,134,50,84,24,7,17,110,43,67
Sozialarbeit und Beratung,NE,EFZ,134,50,84,24,7,17,110,43,67
Sozialarbeit und Beratung,NE,EBA,0,0,0,0,0,0,0,0,0
Sozialarbeit und Beratung,NE,nReglementiert,0,0,0,0,0,0,0,0,0
Sozialarbeit und Beratung,GE,abt-total,94,24,70,28,3,25,66,21,45
Sozialarbeit und Beratung,GE,EFZ,94,24,70,28,3,25,66,21,45
Sozialarbeit und Beratung,GE,EBA,0,0,0,0,0,0,0,0,0
Sozialarbeit und Beratung,GE,nReglementiert,0,0,0,0,0,0,0,0,0
Sozialarbeit und Beratung,JU,abt-total,41,38,3,10,9,1,31,29,2
Sozialarbeit und Beratung,JU,EFZ,41,38,3,10,9,1,31,29,2
Sozialarbeit und Beratung,JU,EBA,0,0,0,0,0,0,0,0,0
Sozialarbeit und Beratung,JU,nReglementiert,0,0,0,0,0,0,0,0,0
Gesundheits- und Sozialwesen o.n.A.,,abt-total,717,0,717,97,0,97,620,0,620
Gesundheits- und Sozialwesen o.n.A.,,EFZ,0,0,0,0,0,0,0,0,0
Gesundheits- und Sozialwesen o.n.A.,,EBA,717,0,717,97,0,97,620,0,620
Gesundheits- und Sozialwesen o.n.A.,,nReglementiert,0,0,0,0,0,0,0,0,0
Gesundheits- und Sozialwesen o.n.A.,ZH,abt-total,153,0,153,24,0,24,129,0,129
Gesundheits- und Sozialwesen o.n.A.,ZH,EFZ,0,0,0,0,0,0,0,0,0
Gesundheits- und Sozialwesen o.n.A.,ZH,EBA,153,0,153,24,0,24,129,0,129
Gesundheits- und Sozialwesen o.n.A.,ZH,nReglementiert,0,0,0,0,0,0,0,0,0
Gesundheits- und Sozialwesen o.n.A.,BE,abt-total,102,0,102,11,0,11,91,0,91
Gesundheits- und Sozialwesen o.n.A.,BE,EFZ,0,0,0,0,0,0,0,0,0
Gesundheits- und Sozialwesen o.n.A.,BE,EBA,102,0,102,11,0,11,91,0,91
Gesundheits- und Sozialwesen o.n.A.,BE,nReglementiert,0,0,0,0,0,0,0,0,0
Gesundheits- und Sozialwesen o.n.A.,LU,abt-total,42,0,42,5,0,5,37,0,37
Gesundheits- und Sozialwesen o.n.A.,LU,EFZ,0,0,0,0,0,0,0,0,0
Gesundheits- und Sozialwesen o.n.A.,LU,EBA,42,0,42,5,0,5,37,0,37
Gesundheits- und Sozialwesen o.n.A.,LU,nReglementiert,0,0,0,0,0,0,0,0,0
Gesundheits- und Sozialwesen o.n.A.,UR,abt-total,2,0,2,0,0,0,2,0,2
Gesundheits- und Sozialwesen o.n.A.,UR,EFZ,0,0,0,0,0,0,0,0,0
Gesundheits- und Sozialwesen o.n.A.,UR,EBA,2,0,2,0,0,0,2,0,2
Gesundheits- und Sozialwesen o.n.A.,UR,nReglementiert,0,0,0,0,0,0,0,0,0
Gesundheits- und Sozialwesen o.n.A.,SZ,abt-total,7,0,7,1,0,1,6,0,6
Gesundheits- und Sozialwesen o.n.A.,SZ,EFZ,0,0,0,0,0,0,0,0,0
Gesundheits- und Sozialwesen o.n.A.,SZ,EBA,7,0,7,1,0,1,6,0,6
Gesundheits- und Sozialwesen o.n.A.,SZ,nReglementiert,0,0,0,0,0,0,0,0,0
Gesundheits- und Sozialwesen o.n.A.,OW,abt-total,3,0,3,1,0,1,2,0,2
Gesundheits- und Sozialwesen o.n.A.,OW,EFZ,0,0,0,0,0,0,0,0,0
Gesundheits- und Sozialwesen o.n.A.,OW,EBA,3,0,3,1,0,1,2,0,2
Gesundheits- und Sozialwesen o.n.A.,OW,nReglementiert,0,0,0,0,0,0,0,0,0
Gesundheits- und Sozialwesen o.n.A.,NW,abt-total,2,0,2,1,0,1,1,0,1
Gesundheits- und Sozialwesen o.n.A.,NW,EFZ,0,0,0,0,0,0,0,0,0
Gesundheits- und Sozialwesen o.n.A.,NW,EBA,2,0,2,1,0,1,1,0,1
Gesundheits- und Sozialwesen o.n.A.,NW,nReglementiert,0,0,0,0,0,0,0,0,0
Gesundheits- und Sozialwesen o.n.A.,GL,abt-total,0,0,0,0,0,0,0,0,0
Gesundheits- und Sozialwesen o.n.A.,GL,EFZ,0,0,0,0,0,0,0,0,0
Gesundheits- und Sozialwesen o.n.A.,GL,EBA,0,0,0,0,0,0,0,0,0
Gesundheits- und Sozialwesen o.n.A.,GL,nReglementiert,0,0,0,0,0,0,0,0,0
Gesundheits- und Sozialwesen o.n.A.,ZG,abt-total,5,0,5,0,0,0,5,0,5
Gesundheits- und Sozialwesen o.n.A.,ZG,EFZ,0,0,0,0,0,0,0,0,0
Gesundheits- und Sozialwesen o.n.A.,ZG,EBA,5,0,5,0,0,0,5,0,5
Gesundheits- und Sozialwesen o.n.A.,ZG,nReglementiert,0,0,0,0,0,0,0,0,0
Gesundheits- und Sozialwesen o.n.A.,FR,abt-total,18,0,18,2,0,2,16,0,16
Gesundheits- und Sozialwesen o.n.A.,FR,EFZ,0,0,0,0,0,0,0,0,0
Gesundheits- und Sozialwesen o.n.A.,FR,EBA,18,0,18,2,0,2,16,0,16
Gesundheits- und Sozialwesen o.n.A.,FR,nReglementiert,0,0,0,0,0,0,0,0,0
Gesundheits- und Sozialwesen o.n.A.,SO,abt-total,33,0,33,5,0,5,28,0,28
Gesundheits- und Sozialwesen o.n.A.,SO,EFZ,0,0,0,0,0,0,0,0,0
Gesundheits- und Sozialwesen o.n.A.,SO,EBA,33,0,33,5,0,5,28,0,28
Gesundheits- und Sozialwesen o.n.A.,SO,nReglementiert,0,0,0,0,0,0,0,0,0
Gesundheits- und Sozialwesen o.n.A.,BS,abt-total,54,0,54,6,0,6,48,0,48
Gesundheits- und Sozialwesen o.n.A.,BS,EFZ,0,0,0,0,0,0,0,0,0
Gesundheits- und Sozialwesen o.n.A.,BS,EBA,54,0,54,6,0,6,48,0,48
Gesundheits- und Sozialwesen o.n.A.,BS,nReglementiert,0,0,0,0,0,0,0,0,0
Gesundheits- und Sozialwesen o.n.A.,BL,abt-total,38,0,38,3,0,3,35,0,35
Gesundheits- und Sozialwesen o.n.A.,BL,EFZ,0,0,0,0,0,0,0,0,0
Gesundheits- und Sozialwesen o.n.A.,BL,EBA,38,0,38,3,0,3,35,0,35
Gesundheits- und Sozialwesen o.n.A.,Bl,nReglementiert,0,0,0,0,0,0,0,0,0
Gesundheits- und Sozialwesen o.n.A.,SH,abt-total,14,0,14,1,0,1,13,0,13
Gesundheits- und Sozialwesen o.n.A.,SH,EFZ,0,0,0,0,0,0,0,0,0
Gesundheits- und Sozialwesen o.n.A.,SH,EBA,14,0,14,1,0,1,13,0,13
Gesundheits- und Sozialwesen o.n.A.,SH,nReglementiert,0,0,0,0,0,0,0,0,0
Gesundheits- und Sozialwesen o.n.A.,AR,abt-total,13,0,13,0,0,0,13,0,13
Gesundheits- und Sozialwesen o.n.A.,AR,EFZ,0,0,0,0,0,0,0,0,0
Gesundheits- und Sozialwesen o.n.A.,AR,EBA,13,0,13,0,0,0,13,0,13
Gesundheits- und Sozialwesen o.n.A.,AR,nReglementiert,0,0,0,0,0,0,0,0,0
Gesundheits- und Sozialwesen o.n.A.,AI,abt-total,0,0,0,0,0,0,0,0,0
Gesundheits- und Sozialwesen o.n.A.,AI,EFZ,0,0,0,0,0,0,0,0,0
Gesundheits- und Sozialwesen o.n.A.,AI,EBA,0,0,0,0,0,0,0,0,0
Gesundheits- und Sozialwesen o.n.A.,AI,nReglementiert,0,0,0,0,0,0,0,0,0
Gesundheits- und Sozialwesen o.n.A.,SG,abt-total,34,0,34,5,0,5,29,0,29
Gesundheits- und Sozialwesen o.n.A.,SG,EFZ,0,0,0,0,0,0,0,0,0
Gesundheits- und Sozialwesen o.n.A.,SG,EBA,34,0,34,5,0,5,29,0,29
Gesundheits- und Sozialwesen o.n.A.,SG,nReglementiert,0,0,0,0,0,0,0,0,0
Gesundheits- und Sozialwesen o.n.A.,GR,abt-total,10,0,10,0,0,0,10,0,10
Gesundheits- und Sozialwesen o.n.A.,GR,EFZ,0,0,0,0,0,0,0,0,0
Gesundheits- und Sozialwesen o.n.A.,GR,EBA,10,0,10,0,0,0,10,0,10
Gesundheits- und Sozialwesen o.n.A.,GR,nReglementiert,0,0,0,0,0,0,0,0,0
Gesundheits- und Sozialwesen o.n.A.,AG,abt-total,77,0,77,10,0,10,67,0,67
Gesundheits- und Sozialwesen o.n.A.,AG,EFZ,0,0,0,0,0,0,0,0,0
Gesundheits- und Sozialwesen o.n.A.,AG,EBA,77,0,77,10,0,10,67,0,67
Gesundheits- und Sozialwesen o.n.A.,AG,nReglementiert,0,0,0,0,0,0,0,0,0
Gesundheits- und Sozialwesen o.n.A.,TG,abt-total,18,0,18,2,0,2,16,0,16
Gesundheits- und Sozialwesen o.n.A.,TG,EFZ,0,0,0,0,0,0,0,0,0
Gesundheits- und Sozialwesen o.n.A.,TG,EBA,18,0,18,2,0,2,16,0,16
Gesundheits- und Sozialwesen o.n.A.,TG,nReglementiert,0,0,0,0,0,0,0,0,0
Gesundheits- und Sozialwesen o.n.A.,TI,abt-total,43,0,43,12,0,12,31,0,31
Gesundheits- und Sozialwesen o.n.A.,TI,EFZ,0,0,0,0,0,0,0,0,0
Gesundheits- und Sozialwesen o.n.A.,TI,EBA,43,0,43,12,0,12,31,0,31
Gesundheits- und Sozialwesen o.n.A.,TI,nReglementiert,0,0,0,0,0,0,0,0,0
Gesundheits- und Sozialwesen o.n.A.,VD,abt-total,8,0,8,1,0,1,7,0,7
Gesundheits- und Sozialwesen o.n.A.,VD,EFZ,0,0,0,0,0,0,0,0,0
Gesundheits- und Sozialwesen o.n.A.,VD,EBA,8,0,8,1,0,1,7,0,7
Gesundheits- und Sozialwesen o.n.A.,VD,nReglementiert,0,0,0,0,0,0,0,0,0
Gesundheits- und Sozialwesen o.n.A.,VS,abt-total,3,0,3,1,0,1,2,0,2
Gesundheits- und Sozialwesen o.n.A.,VS,EFZ,0,0,0,0,0,0,0,0,0
Gesundheits- und Sozialwesen o.n.A.,VS,EBA,3,0,3,1,0,1,2,0,2
Gesundheits- und Sozialwesen o.n.A.,VS,nReglementiert,0,0,0,0,0,0,0,0,0
Gesundheits- und Sozialwesen o.n.A.,NE,abt-total,15,0,15,3,0,3,12,0,12
Gesundheits- und Sozialwesen o.n.A.,NE,EFZ,0,0,0,0,0,0,0,0,0
Gesundheits- und Sozialwesen o.n.A.,NE,EBA,15,0,15,3,0,3,12,0,12
Gesundheits- und Sozialwesen o.n.A.,NE,nReglementiert,0,0,0,0,0,0,0,0,0
Gesundheits- und Sozialwesen o.n.A.,GE,abt-total,13,0,13,3,0,3,10,0,10
Gesundheits- und Sozialwesen o.n.A.,GE,EFZ,0,0,0,0,0,0,0,0,0
Gesundheits- und Sozialwesen o.n.A.,GE,EBA,13,0,13,3,0,3,10,0,10
Gesundheits- und Sozialwesen o.n.A.,GE,nReglementiert,0,0,0,0,0,0,0,0,0
Gesundheits- und Sozialwesen o.n.A.,JU,abt-total,10,0,10,0,0,0,10,0,10
Gesundheits- und Sozialwesen o.n.A.,JU,EFZ,0,0,0,0,0,0,0,0,0
Gesundheits- und Sozialwesen o.n.A.,JU,EBA,10,0,10,0,0,0,10,0,10
Gesundheits- und Sozialwesen o.n.A.,JU,nReglementiert,0,0,0,0,0,0,0,0,0
Gastgewerbe und Catering,,abt-total,3534,5,3529,1729,5,1724,1805,0,1805
Gastgewerbe und Catering,,EFZ,2999,4,2995,1438,4,1434,1561,0,1561
Gastgewerbe und Catering,,EBA,535,1,534,291,1,290,244,0,244
Gastgewerbe und Catering,,nReglementiert,0,0,0,0,0,0,0,0,0
Gastgewerbe und Catering,ZH,abt-total,604,3,601,335,3,332,269,0,269
Gastgewerbe und Catering,ZH,EFZ,514,2,512,277,2,275,237,0,237
Gastgewerbe und Catering,ZH,EBA,90,1,89,58,1,57,32,0,32
Gastgewerbe und Catering,ZH,nReglementiert,0,0,0,0,0,0,0,0,0
Gastgewerbe und Catering,BE,abt-total,564,2,562,239,2,237,325,0,325
Gastgewerbe und Catering,BE,EFZ,492,2,490,204,2,202,288,0,288
Gastgewerbe und Catering,BE,EBA,72,0,72,35,0,35,37,0,37
Gastgewerbe und Catering,BE,nReglementiert,0,0,0,0,0,0,0,0,0
Gastgewerbe und Catering,LU,abt-total,194,0,194,75,0,75,119,0,119
Gastgewerbe und Catering,LU,EFZ,165,0,165,62,0,62,103,0,103
Gastgewerbe und Catering,LU,EBA,29,0,29,13,0,13,16,0,16
Gastgewerbe und Catering,LU,nReglementiert,0,0,0,0,0,0,0,0,0
Gastgewerbe und Catering,UR,abt-total,9,0,9,3,0,3,6,0,6
Gastgewerbe und Catering,UR,EFZ,9,0,9,3,0,3,6,0,6
Gastgewerbe und Catering,UR,EBA,0,0,0,0,0,0,0,0,0
Gastgewerbe und Catering,UR,nReglementiert,0,0,0,0,0,0,0,0,0
Gastgewerbe und Catering,SZ,abt-total,54,0,54,18,0,18,36,0,36
Gastgewerbe und Catering,SZ,EFZ,48,0,48,15,0,15,33,0,33
Gastgewerbe und Catering,SZ,EBA,6,0,6,3,0,3,3,0,3
Gastgewerbe und Catering,SZ,nReglementiert,0,0,0,0,0,0,0,0,0
Gastgewerbe und Catering,OW,abt-total,28,0,28,11,0,11,17,0,17
Gastgewerbe und Catering,OW,EFZ,27,0,27,10,0,10,17,0,17
Gastgewerbe und Catering,OW,EBA,1,0,1,1,0,1,0,0,0
Gastgewerbe und Catering,OW,nReglementiert,0,0,0,0,0,0,0,0,0
Gastgewerbe und Catering,NW,abt-total,22,0,22,12,0,12,10,0,10
Gastgewerbe und Catering,NW,EFZ,21,0,21,12,0,12,9,0,9
Gastgewerbe und Catering,NW,EBA,1,0,1,0,0,0,1,0,1
Gastgewerbe und Catering,NW,nReglementiert,0,0,0,0,0,0,0,0,0
Gastgewerbe und Catering,GL,abt-total,25,0,25,15,0,15,10,0,10
Gastgewerbe und Catering,GL,EFZ,22,0,22,14,0,14,8,0,8
Gastgewerbe und Catering,GL,EBA,3,0,3,1,0,1,2,0,2
Gastgewerbe und Catering,GL,nReglementiert,0,0,0,0,0,0,0,0,0
Gastgewerbe und Catering,ZG,abt-total,56,0,56,27,0,27,29,0,29
Gastgewerbe und Catering,ZG,EFZ,46,0,46,25,0,25,21,0,21
Gastgewerbe und Catering,ZG,EBA,10,0,10,2,0,2,8,0,8
Gastgewerbe und Catering,ZG,nReglementiert,0,0,0,0,0,0,0,0,0
Gastgewerbe und Catering,FR,abt-total,119,0,119,61,0,61,58,0,58
Gastgewerbe und Catering,FR,EFZ,103,0,103,53,0,53,50,0,50
Gastgewerbe und Catering,FR,EBA,16,0,16,8,0,8,8,0,8
Gastgewerbe und Catering,FR,nReglementiert,0,0,0,0,0,0,0,0,0
Gastgewerbe und Catering,SO,abt-total,129,0,129,58,0,58,71,0,71
Gastgewerbe und Catering,SO,EFZ,100,0,100,44,0,44,56,0,56
Gastgewerbe und Catering,SO,EBA,29,0,29,14,0,14,15,0,15
Gastgewerbe und Catering,SO,nReglementiert,0,0,0,0,0,0,0,0,0
Gastgewerbe und Catering,BS,abt-total,107,0,107,51,0,51,56,0,56
Gastgewerbe und Catering,BS,EFZ,77,0,77,34,0,34,43,0,43
Gastgewerbe und Catering,BS,EBA,30,0,30,17,0,17,13,0,13
Gastgewerbe und Catering,BS,nReglementiert,0,0,0,0,0,0,0,0,0
Gastgewerbe und Catering,BL,abt-total,94,0,94,54,0,54,40,0,40
Gastgewerbe und Catering,BL,EFZ,77,0,77,43,0,43,34,0,34
Gastgewerbe und Catering,BL,EBA,17,0,17,11,0,11,6,0,6
Gastgewerbe und Catering,Bl,nReglementiert,0,0,0,0,0,0,0,0,0
Gastgewerbe und Catering,SH,abt-total,47,0,47,18,0,18,29,0,29
Gastgewerbe und Catering,SH,EFZ,35,0,35,14,0,14,21,0,21
Gastgewerbe und Catering,SH,EBA,12,0,12,4,0,4,8,0,8
Gastgewerbe und Catering,SH,nReglementiert,0,0,0,0,0,0,0,0,0
Gastgewerbe und Catering,AR,abt-total,48,0,48,18,0,18,30,0,30
Gastgewerbe und Catering,AR,EFZ,44,0,44,16,0,16,28,0,28
Gastgewerbe und Catering,AR,EBA,4,0,4,2,0,2,2,0,2
Gastgewerbe und Catering,AR,nReglementiert,0,0,0,0,0,0,0,0,0
Gastgewerbe und Catering,AI,abt-total,13,0,13,5,0,5,8,0,8
Gastgewerbe und Catering,AI,EFZ,12,0,12,4,0,4,8,0,8
Gastgewerbe und Catering,AI,EBA,1,0,1,1,0,1,0,0,0
Gastgewerbe und Catering,AI,nReglementiert,0,0,0,0,0,0,0,0,0
Gastgewerbe und Catering,SG,abt-total,257,0,257,104,0,104,153,0,153
Gastgewerbe und Catering,SG,EFZ,207,0,207,77,0,77,130,0,130
Gastgewerbe und Catering,SG,EBA,50,0,50,27,0,27,23,0,23
Gastgewerbe und Catering,SG,nReglementiert,0,0,0,0,0,0,0,0,0
Gastgewerbe und Catering,GR,abt-total,158,0,158,74,0,74,84,0,84
Gastgewerbe und Catering,GR,EFZ,143,0,143,65,0,65,78,0,78
Gastgewerbe und Catering,GR,EBA,15,0,15,9,0,9,6,0,6
Gastgewerbe und Catering,GR,nReglementiert,0,0,0,0,0,0,0,0,0
Gastgewerbe und Catering,AG,abt-total,225,0,225,101,0,101,124,0,124
Gastgewerbe und Catering,AG,EFZ,204,0,204,92,0,92,112,0,112
Gastgewerbe und Catering,AG,EBA,21,0,21,9,0,9,12,0,12
Gastgewerbe und Catering,AG,nReglementiert,0,0,0,0,0,0,0,0,0
Gastgewerbe und Catering,TG,abt-total,102,0,102,48,0,48,54,0,54
Gastgewerbe und Catering,TG,EFZ,91,0,91,40,0,40,51,0,51
Gastgewerbe und Catering,TG,EBA,11,0,11,8,0,8,3,0,3
Gastgewerbe und Catering,TG,nReglementiert,0,0,0,0,0,0,0,0,0
Gastgewerbe und Catering,TI,abt-total,91,0,91,61,0,61,30,0,30
Gastgewerbe und Catering,TI,EFZ,69,0,69,48,0,48,21,0,21
Gastgewerbe und Catering,TI,EBA,22,0,22,13,0,13,9,0,9
Gastgewerbe und Catering,TI,nReglementiert,0,0,0,0,0,0,0,0,0
Gastgewerbe und Catering,VD,abt-total,268,0,268,145,0,145,123,0,123
Gastgewerbe und Catering,VD,EFZ,239,0,239,127,0,127,112,0,112
Gastgewerbe und Catering,VD,EBA,29,0,29,18,0,18,11,0,11
Gastgewerbe und Catering,VD,nReglementiert,0,0,0,0,0,0,0,0,0
Gastgewerbe und Catering,VS,abt-total,123,0,123,66,0,66,57,0,57
Gastgewerbe und Catering,VS,EFZ,101,0,101,57,0,57,44,0,44
Gastgewerbe und Catering,VS,EBA,22,0,22,9,0,9,13,0,13
Gastgewerbe und Catering,VS,nReglementiert,0,0,0,0,0,0,0,0,0
Gastgewerbe und Catering,NE,abt-total,81,0,81,43,0,43,38,0,38
Gastgewerbe und Catering,NE,EFZ,67,0,67,38,0,38,29,0,29
Gastgewerbe und Catering,NE,EBA,14,0,14,5,0,5,9,0,9
Gastgewerbe und Catering,NE,nReglementiert,0,0,0,0,0,0,0,0,0
Gastgewerbe und Catering,GE,abt-total,95,0,95,72,0,72,23,0,23
Gastgewerbe und Catering,GE,EFZ,68,0,68,51,0,51,17,0,17
Gastgewerbe und Catering,GE,EBA,27,0,27,21,0,21,6,0,6
Gastgewerbe und Catering,GE,nReglementiert,0,0,0,0,0,0,0,0,0
Gastgewerbe und Catering,JU,abt-total,21,0,21,15,0,15,6,0,6
Gastgewerbe und Catering,JU,EFZ,18,0,18,13,0,13,5,0,5
Gastgewerbe und Catering,JU,EBA,3,0,3,2,0,2,1,0,1
Gastgewerbe und Catering,JU,nReglementiert,0,0,0,0,0,0,0,0,0
"Reisebüros, Fremdenverkehrgewerbe und Freizeitindustrie",,abt-total,32,28,4,8,7,1,24,21,3
"Reisebüros, Fremdenverkehrgewerbe und Freizeitindustrie",,EFZ,0,0,0,0,0,0,0,0,0
"Reisebüros, Fremdenverkehrgewerbe und Freizeitindustrie",,EBA,0,0,0,0,0,0,0,0,0
"Reisebüros, Fremdenverkehrgewerbe und Freizeitindustrie",,nReglementiert,32,28,4,8,7,1,24,21,3
"Reisebüros, Fremdenverkehrgewerbe und Freizeitindustrie",ZH,abt-total,0,0,0,0,0,0,0,0,0
"Reisebüros, Fremdenverkehrgewerbe und Freizeitindustrie",ZH,EFZ,0,0,0,0,0,0,0,0,0
"Reisebüros, Fremdenverkehrgewerbe und Freizeitindustrie",ZH,EBA,0,0,0,0,0,0,0,0,0
"Reisebüros, Fremdenverkehrgewerbe und Freizeitindustrie",ZH,nReglementiert,0,0,0,0,0,0,0,0,0
"Reisebüros, Fremdenverkehrgewerbe und Freizeitindustrie",BE,abt-total,0,0,0,0,0,0,0,0,0
"Reisebüros, Fremdenverkehrgewerbe und Freizeitindustrie",BE,EFZ,0,0,0,0,0,0,0,0,0
"Reisebüros, Fremdenverkehrgewerbe und Freizeitindustrie",BE,EBA,0,0,0,0,0,0,0,0,0
"Reisebüros, Fremdenverkehrgewerbe und Freizeitindustrie",BE,nReglementiert,0,0,0,0,0,0,0,0,0
"Reisebüros, Fremdenverkehrgewerbe und Freizeitindustrie",LU,abt-total,0,0,0,0,0,0,0,0,0
"Reisebüros, Fremdenverkehrgewerbe und Freizeitindustrie",LU,EFZ,0,0,0,0,0,0,0,0,0
"Reisebüros, Fremdenverkehrgewerbe und Freizeitindustrie",LU,EBA,0,0,0,0,0,0,0,0,0
"Reisebüros, Fremdenverkehrgewerbe und Freizeitindustrie",LU,nReglementiert,0,0,0,0,0,0,0,0,0
"Reisebüros, Fremdenverkehrgewerbe und Freizeitindustrie",UR,abt-total,0,0,0,0,0,0,0,0,0
"Reisebüros, Fremdenverkehrgewerbe und Freizeitindustrie",UR,EFZ,0,0,0,0,0,0,0,0,0
"Reisebüros, Fremdenverkehrgewerbe und Freizeitindustrie",UR,EBA,0,0,0,0,0,0,0,0,0
"Reisebüros, Fremdenverkehrgewerbe und Freizeitindustrie",UR,nReglementiert,0,0,0,0,0,0,0,0,0
"Reisebüros, Fremdenverkehrgewerbe und Freizeitindustrie",SZ,abt-total,0,0,0,0,0,0,0,0,0
"Reisebüros, Fremdenverkehrgewerbe und Freizeitindustrie",SZ,EFZ,0,0,0,0,0,0,0,0,0
"Reisebüros, Fremdenverkehrgewerbe und Freizeitindustrie",SZ,EBA,0,0,0,0,0,0,0,0,0
"Reisebüros, Fremdenverkehrgewerbe und Freizeitindustrie",SZ,nReglementiert,0,0,0,0,0,0,0,0,0
"Reisebüros, Fremdenverkehrgewerbe und Freizeitindustrie",OW,abt-total,0,0,0,0,0,0,0,0,0
"Reisebüros, Fremdenverkehrgewerbe und Freizeitindustrie",OW,EFZ,0,0,0,0,0,0,0,0,0
"Reisebüros, Fremdenverkehrgewerbe und Freizeitindustrie",OW,EBA,0,0,0,0,0,0,0,0,0
"Reisebüros, Fremdenverkehrgewerbe und Freizeitindustrie",OW,nReglementiert,0,0,0,0,0,0,0,0,0
"Reisebüros, Fremdenverkehrgewerbe und Freizeitindustrie",NW,abt-total,0,0,0,0,0,0,0,0,0
"Reisebüros, Fremdenverkehrgewerbe und Freizeitindustrie",NW,EFZ,0,0,0,0,0,0,0,0,0
"Reisebüros, Fremdenverkehrgewerbe und Freizeitindustrie",NW,EBA,0,0,0,0,0,0,0,0,0
"Reisebüros, Fremdenverkehrgewerbe und Freizeitindustrie",NW,nReglementiert,0,0,0,0,0,0,0,0,0
"Reisebüros, Fremdenverkehrgewerbe und Freizeitindustrie",GL,abt-total,0,0,0,0,0,0,0,0,0
"Reisebüros, Fremdenverkehrgewerbe und Freizeitindustrie",GL,EFZ,0,0,0,0,0,0,0,0,0
"Reisebüros, Fremdenverkehrgewerbe und Freizeitindustrie",GL,EBA,0,0,0,0,0,0,0,0,0
"Reisebüros, Fremdenverkehrgewerbe und Freizeitindustrie",GL,nReglementiert,0,0,0,0,0,0,0,0,0
"Reisebüros, Fremdenverkehrgewerbe und Freizeitindustrie",ZG,abt-total,0,0,0,0,0,0,0,0,0
"Reisebüros, Fremdenverkehrgewerbe und Freizeitindustrie",ZG,EFZ,0,0,0,0,0,0,0,0,0
"Reisebüros, Fremdenverkehrgewerbe und Freizeitindustrie",ZG,EBA,0,0,0,0,0,0,0,0,0
"Reisebüros, Fremdenverkehrgewerbe und Freizeitindustrie",ZG,nReglementiert,0,0,0,0,0,0,0,0,0
"Reisebüros, Fremdenverkehrgewerbe und Freizeitindustrie",FR,abt-total,0,0,0,0,0,0,0,0,0
"Reisebüros, Fremdenverkehrgewerbe und Freizeitindustrie",FR,EFZ,0,0,0,0,0,0,0,0,0
"Reisebüros, Fremdenverkehrgewerbe und Freizeitindustrie",FR,EBA,0,0,0,0,0,0,0,0,0
"Reisebüros, Fremdenverkehrgewerbe und Freizeitindustrie",FR,nReglementiert,0,0,0,0,0,0,0,0,0
"Reisebüros, Fremdenverkehrgewerbe und Freizeitindustrie",SO,abt-total,0,0,0,0,0,0,0,0,0
"Reisebüros, Fremdenverkehrgewerbe und Freizeitindustrie",SO,EFZ,0,0,0,0,0,0,0,0,0
"Reisebüros, Fremdenverkehrgewerbe und Freizeitindustrie",SO,EBA,0,0,0,0,0,0,0,0,0
"Reisebüros, Fremdenverkehrgewerbe und Freizeitindustrie",SO,nReglementiert,0,0,0,0,0,0,0,0,0
"Reisebüros, Fremdenverkehrgewerbe und Freizeitindustrie",BS,abt-total,0,0,0,0,0,0,0,0,0
"Reisebüros, Fremdenverkehrgewerbe und Freizeitindustrie",BS,EFZ,0,0,0,0,0,0,0,0,0
"Reisebüros, Fremdenverkehrgewerbe und Freizeitindustrie",BS,EBA,0,0,0,0,0,0,0,0,0
"Reisebüros, Fremdenverkehrgewerbe und Freizeitindustrie",BS,nReglementiert,0,0,0,0,0,0,0,0,0
"Reisebüros, Fremdenverkehrgewerbe und Freizeitindustrie",BL,abt-total,0,0,0,0,0,0,0,0,0
"Reisebüros, Fremdenverkehrgewerbe und Freizeitindustrie",BL,EFZ,0,0,0,0,0,0,0,0,0
"Reisebüros, Fremdenverkehrgewerbe und Freizeitindustrie",BL,EBA,0,0,0,0,0,0,0,0,0
"Reisebüros, Fremdenverkehrgewerbe und Freizeitindustrie",Bl,nReglementiert,0,0,0,0,0,0,0,0,0
"Reisebüros, Fremdenverkehrgewerbe und Freizeitindustrie",SH,abt-total,0,0,0,0,0,0,0,0,0
"Reisebüros, Fremdenverkehrgewerbe und Freizeitindustrie",SH,EFZ,0,0,0,0,0,0,0,0,0
"Reisebüros, Fremdenverkehrgewerbe und Freizeitindustrie",SH,EBA,0,0,0,0,0,0,0,0,0
"Reisebüros, Fremdenverkehrgewerbe und Freizeitindustrie",SH,nReglementiert,0,0,0,0,0,0,0,0,0
"Reisebüros, Fremdenverkehrgewerbe und Freizeitindustrie",AR,abt-total,0,0,0,0,0,0,0,0,0
"Reisebüros, Fremdenverkehrgewerbe und Freizeitindustrie",AR,EFZ,0,0,0,0,0,0,0,0,0
"Reisebüros, Fremdenverkehrgewerbe und Freizeitindustrie",AR,EBA,0,0,0,0,0,0,0,0,0
"Reisebüros, Fremdenverkehrgewerbe und Freizeitindustrie",AR,nReglementiert,0,0,0,0,0,0,0,0,0
"Reisebüros, Fremdenverkehrgewerbe und Freizeitindustrie",AI,abt-total,0,0,0,0,0,0,0,0,0
"Reisebüros, Fremdenverkehrgewerbe und Freizeitindustrie",AI,EFZ,0,0,0,0,0,0,0,0,0
"Reisebüros, Fremdenverkehrgewerbe und Freizeitindustrie",AI,EBA,0,0,0,0,0,0,0,0,0
"Reisebüros, Fremdenverkehrgewerbe und Freizeitindustrie",AI,nReglementiert,0,0,0,0,0,0,0,0,0
"Reisebüros, Fremdenverkehrgewerbe und Freizeitindustrie",SG,abt-total,0,0,0,0,0,0,0,0,0
"Reisebüros, Fremdenverkehrgewerbe und Freizeitindustrie",SG,EFZ,0,0,0,0,0,0,0,0,0
"Reisebüros, Fremdenverkehrgewerbe und Freizeitindustrie",SG,EBA,0,0,0,0,0,0,0,0,0
"Reisebüros, Fremdenverkehrgewerbe und Freizeitindustrie",SG,nReglementiert,0,0,0,0,0,0,0,0,0
"Reisebüros, Fremdenverkehrgewerbe und Freizeitindustrie",GR,abt-total,0,0,0,0,0,0,0,0,0
"Reisebüros, Fremdenverkehrgewerbe und Freizeitindustrie",GR,EFZ,0,0,0,0,0,0,0,0,0
"Reisebüros, Fremdenverkehrgewerbe und Freizeitindustrie",GR,EBA,0,0,0,0,0,0,0,0,0
"Reisebüros, Fremdenverkehrgewerbe und Freizeitindustrie",GR,nReglementiert,0,0,0,0,0,0,0,0,0
"Reisebüros, Fremdenverkehrgewerbe und Freizeitindustrie",AG,abt-total,0,0,0,0,0,0,0,0,0
"Reisebüros, Fremdenverkehrgewerbe und Freizeitindustrie",AG,EFZ,0,0,0,0,0,0,0,0,0
"Reisebüros, Fremdenverkehrgewerbe und Freizeitindustrie",AG,EBA,0,0,0,0,0,0,0,0,0
"Reisebüros, Fremdenverkehrgewerbe und Freizeitindustrie",AG,nReglementiert,0,0,0,0,0,0,0,0,0
"Reisebüros, Fremdenverkehrgewerbe und Freizeitindustrie",TG,abt-total,0,0,0,0,0,0,0,0,0
"Reisebüros, Fremdenverkehrgewerbe und Freizeitindustrie",TG,EFZ,0,0,0,0,0,0,0,0,0
"Reisebüros, Fremdenverkehrgewerbe und Freizeitindustrie",TG,EBA,0,0,0,0,0,0,0,0,0
"Reisebüros, Fremdenverkehrgewerbe und Freizeitindustrie",TG,nReglementiert,0,0,0,0,0,0,0,0,0
"Reisebüros, Fremdenverkehrgewerbe und Freizeitindustrie",TI,abt-total,0,0,0,0,0,0,0,0,0
"Reisebüros, Fremdenverkehrgewerbe und Freizeitindustrie",TI,EFZ,0,0,0,0,0,0,0,0,0
"Reisebüros, Fremdenverkehrgewerbe und Freizeitindustrie",TI,EBA,0,0,0,0,0,0,0,0,0
"Reisebüros, Fremdenverkehrgewerbe und Freizeitindustrie",TI,nReglementiert,0,0,0,0,0,0,0,0,0
"Reisebüros, Fremdenverkehrgewerbe und Freizeitindustrie",VD,abt-total,0,0,0,0,0,0,0,0,0
"Reisebüros, Fremdenverkehrgewerbe und Freizeitindustrie",VD,EFZ,0,0,0,0,0,0,0,0,0
"Reisebüros, Fremdenverkehrgewerbe und Freizeitindustrie",VD,EBA,0,0,0,0,0,0,0,0,0
"Reisebüros, Fremdenverkehrgewerbe und Freizeitindustrie",VD,nReglementiert,0,0,0,0,0,0,0,0,0
"Reisebüros, Fremdenverkehrgewerbe und Freizeitindustrie",VS,abt-total,32,28,4,8,7,1,24,21,3
"Reisebüros, Fremdenverkehrgewerbe und Freizeitindustrie",VS,EFZ,0,0,0,0,0,0,0,0,0
"Reisebüros, Fremdenverkehrgewerbe und Freizeitindustrie",VS,EBA,0,0,0,0,0,0,0,0,0
"Reisebüros, Fremdenverkehrgewerbe und Freizeitindustrie",VS,nReglementiert,32,28,4,8,7,1,24,21,3
"Reisebüros, Fremdenverkehrgewerbe und Freizeitindustrie",NE,abt-total,0,0,0,0,0,0,0,0,0
"Reisebüros, Fremdenverkehrgewerbe und Freizeitindustrie",NE,EFZ,0,0,0,0,0,0,0,0,0
"Reisebüros, Fremdenverkehrgewerbe und Freizeitindustrie",NE,EBA,0,0,0,0,0,0,0,0,0
"Reisebüros, Fremdenverkehrgewerbe und Freizeitindustrie",NE,nReglementiert,0,0,0,0,0,0,0,0,0
"Reisebüros, Fremdenverkehrgewerbe und Freizeitindustrie",GE,abt-total,0,0,0,0,0,0,0,0,0
"Reisebüros, Fremdenverkehrgewerbe und Freizeitindustrie",GE,EFZ,0,0,0,0,0,0,0,0,0
"Reisebüros, Fremdenverkehrgewerbe und Freizeitindustrie",GE,EBA,0,0,0,0,0,0,0,0,0
"Reisebüros, Fremdenverkehrgewerbe und Freizeitindustrie",GE,nReglementiert,0,0,0,0,0,0,0,0,0
"Reisebüros, Fremdenverkehrgewerbe und Freizeitindustrie",JU,abt-total,0,0,0,0,0,0,0,0,0
"Reisebüros, Fremdenverkehrgewerbe und Freizeitindustrie",JU,EFZ,0,0,0,0,0,0,0,0,0
"Reisebüros, Fremdenverkehrgewerbe und Freizeitindustrie",JU,EBA,0,0,0,0,0,0,0,0,0
"Reisebüros, Fremdenverkehrgewerbe und Freizeitindustrie",JU,nReglementiert,0,0,0,0,0,0,0,0,0
Sport,,abt-total,47,0,47,24,0,24,23,0,23
Sport,,EFZ,47,0,47,24,0,24,23,0,23
Sport,,EBA,0,0,0,0,0,0,0,0,0
Sport,,nReglementiert,0,0,0,0,0,0,0,0,0
Sport,ZH,abt-total,10,0,10,4,0,4,6,0,6
Sport,ZH,EFZ,10,0,10,4,0,4,6,0,6
Sport,ZH,EBA,0,0,0,0,0,0,0,0,0
Sport,ZH,nReglementiert,0,0,0,0,0,0,0,0,0
Sport,BE,abt-total,4,0,4,2,0,2,2,0,2
Sport,BE,EFZ,4,0,4,2,0,2,2,0,2
Sport,BE,EBA,0,0,0,0,0,0,0,0,0
Sport,BE,nReglementiert,0,0,0,0,0,0,0,0,0
Sport,LU,abt-total,1,0,1,1,0,1,0,0,0
Sport,LU,EFZ,1,0,1,1,0,1,0,0,0
Sport,LU,EBA,0,0,0,0,0,0,0,0,0
Sport,LU,nReglementiert,0,0,0,0,0,0,0,0,0
Sport,UR,abt-total,0,0,0,0,0,0,0,0,0
Sport,UR,EFZ,0,0,0,0,0,0,0,0,0
Sport,UR,EBA,0,0,0,0,0,0,0,0,0
Sport,UR,nReglementiert,0,0,0,0,0,0,0,0,0
Sport,SZ,abt-total,0,0,0,0,0,0,0,0,0
Sport,SZ,EFZ,0,0,0,0,0,0,0,0,0
Sport,SZ,EBA,0,0,0,0,0,0,0,0,0
Sport,SZ,nReglementiert,0,0,0,0,0,0,0,0,0
Sport,OW,abt-total,0,0,0,0,0,0,0,0,0
Sport,OW,EFZ,0,0,0,0,0,0,0,0,0
Sport,OW,EBA,0,0,0,0,0,0,0,0,0
Sport,OW,nReglementiert,0,0,0,0,0,0,0,0,0
Sport,NW,abt-total,0,0,0,0,0,0,0,0,0
Sport,NW,EFZ,0,0,0,0,0,0,0,0,0
Sport,NW,EBA,0,0,0,0,0,0,0,0,0
Sport,NW,nReglementiert,0,0,0,0,0,0,0,0,0
Sport,GL,abt-total,0,0,0,0,0,0,0,0,0
Sport,GL,EFZ,0,0,0,0,0,0,0,0,0
Sport,GL,EBA,0,0,0,0,0,0,0,0,0
Sport,GL,nReglementiert,0,0,0,0,0,0,0,0,0
Sport,ZG,abt-total,0,0,0,0,0,0,0,0,0
Sport,ZG,EFZ,0,0,0,0,0,0,0,0,0
Sport,ZG,EBA,0,0,0,0,0,0,0,0,0
Sport,ZG,nReglementiert,0,0,0,0,0,0,0,0,0
Sport,FR,abt-total,0,0,0,0,0,0,0,0,0
Sport,FR,EFZ,0,0,0,0,0,0,0,0,0
Sport,FR,EBA,0,0,0,0,0,0,0,0,0
Sport,FR,nReglementiert,0,0,0,0,0,0,0,0,0
Sport,SO,abt-total,2,0,2,0,0,0,2,0,2
Sport,SO,EFZ,2,0,2,0,0,0,2,0,2
Sport,SO,EBA,0,0,0,0,0,0,0,0,0
Sport,SO,nReglementiert,0,0,0,0,0,0,0,0,0
Sport,BS,abt-total,6,0,6,3,0,3,3,0,3
Sport,BS,EFZ,6,0,6,3,0,3,3,0,3
Sport,BS,EBA,0,0,0,0,0,0,0,0,0
Sport,BS,nReglementiert,0,0,0,0,0,0,0,0,0
Sport,BL,abt-total,11,0,11,6,0,6,5,0,5
Sport,BL,EFZ,11,0,11,6,0,6,5,0,5
Sport,BL,EBA,0,0,0,0,0,0,0,0,0
Sport,Bl,nReglementiert,0,0,0,0,0,0,0,0,0
Sport,SH,abt-total,0,0,0,0,0,0,0,0,0
Sport,SH,EFZ,0,0,0,0,0,0,0,0,0
Sport,SH,EBA,0,0,0,0,0,0,0,0,0
Sport,SH,nReglementiert,0,0,0,0,0,0,0,0,0
Sport,AR,abt-total,0,0,0,0,0,0,0,0,0
Sport,AR,EFZ,0,0,0,0,0,0,0,0,0
Sport,AR,EBA,0,0,0,0,0,0,0,0,0
Sport,AR,nReglementiert,0,0,0,0,0,0,0,0,0
Sport,AI,abt-total,0,0,0,0,0,0,0,0,0
Sport,AI,EFZ,0,0,0,0,0,0,0,0,0
Sport,AI,EBA,0,0,0,0,0,0,0,0,0
Sport,AI,nReglementiert,0,0,0,0,0,0,0,0,0
Sport,SG,abt-total,2,0,2,1,0,1,1,0,1
Sport,SG,EFZ,2,0,2,1,0,1,1,0,1
Sport,SG,EBA,0,0,0,0,0,0,0,0,0
Sport,SG,nReglementiert,0,0,0,0,0,0,0,0,0
Sport,GR,abt-total,0,0,0,0,0,0,0,0,0
Sport,GR,EFZ,0,0,0,0,0,0,0,0,0
Sport,GR,EBA,0,0,0,0,0,0,0,0,0
Sport,GR,nReglementiert,0,0,0,0,0,0,0,0,0
Sport,AG,abt-total,2,0,2,2,0,2,0,0,0
Sport,AG,EFZ,2,0,2,2,0,2,0,0,0
Sport,AG,EBA,0,0,0,0,0,0,0,0,0
Sport,AG,nReglementiert,0,0,0,0,0,0,0,0,0
Sport,TG,abt-total,0,0,0,0,0,0,0,0,0
Sport,TG,EFZ,0,0,0,0,0,0,0,0,0
Sport,TG,EBA,0,0,0,0,0,0,0,0,0
Sport,TG,nReglementiert,0,0,0,0,0,0,0,0,0
Sport,TI,abt-total,8,0,8,5,0,5,3,0,3
Sport,TI,EFZ,8,0,8,5,0,5,3,0,3
Sport,TI,EBA,0,0,0,0,0,0,0,0,0
Sport,TI,nReglementiert,0,0,0,0,0,0,0,0,0
Sport,VD,abt-total,0,0,0,0,0,0,0,0,0
Sport,VD,EFZ,0,0,0,0,0,0,0,0,0
Sport,VD,EBA,0,0,0,0,0,0,0,0,0
Sport,VD,nReglementiert,0,0,0,0,0,0,0,0,0
Sport,VS,abt-total,0,0,0,0,0,0,0,0,0
Sport,VS,EFZ,0,0,0,0,0,0,0,0,0
Sport,VS,EBA,0,0,0,0,0,0,0,0,0
Sport,VS,nReglementiert,0,0,0,0,0,0,0,0,0
Sport,NE,abt-total,1,0,1,0,0,0,1,0,1
Sport,NE,EFZ,1,0,1,0,0,0,1,0,1
Sport,NE,EBA,0,0,0,0,0,0,0,0,0
Sport,NE,nReglementiert,0,0,0,0,0,0,0,0,0
Sport,GE,abt-total,0,0,0,0,0,0,0,0,0
Sport,GE,EFZ,0,0,0,0,0,0,0,0,0
Sport,GE,EBA,0,0,0,0,0,0,0,0,0
Sport,GE,nReglementiert,0,0,0,0,0,0,0,0,0
Sport,JU,abt-total,0,0,0,0,0,0,0,0,0
Sport,JU,EFZ,0,0,0,0,0,0,0,0,0
Sport,JU,EBA,0,0,0,0,0,0,0,0,0
Sport,JU,nReglementiert,0,0,0,0,0,0,0,0,0
Hauswirtschaftliche Dienste,,abt-total,1747,75,1672,960,12,948,787,63,724
Hauswirtschaftliche Dienste,,EFZ,1454,57,1397,909,10,899,545,47,498
Hauswirtschaftliche Dienste,,EBA,293,18,275,51,2,49,242,16,226
Hauswirtschaftliche Dienste,,nReglementiert,0,0,0,0,0,0,0,0,0
Hauswirtschaftliche Dienste,ZH,abt-total,328,4,324,220,3,217,108,1,107
Hauswirtschaftliche Dienste,ZH,EFZ,275,3,272,211,3,208,64,0,64
Hauswirtschaftliche Dienste,ZH,EBA,53,1,52,9,0,9,44,1,43
Hauswirtschaftliche Dienste,ZH,nReglementiert,0,0,0,0,0,0,0,0,0
Hauswirtschaftliche Dienste,BE,abt-total,207,0,207,108,0,108,99,0,99
Hauswirtschaftliche Dienste,BE,EFZ,176,0,176,101,0,101,75,0,75
Hauswirtschaftliche Dienste,BE,EBA,31,0,31,7,0,7,24,0,24
Hauswirtschaftliche Dienste,BE,nReglementiert,0,0,0,0,0,0,0,0,0
Hauswirtschaftliche Dienste,LU,abt-total,101,0,101,49,0,49,52,0,52
Hauswirtschaftliche Dienste,LU,EFZ,94,0,94,49,0,49,45,0,45
Hauswirtschaftliche Dienste,LU,EBA,7,0,7,0,0,0,7,0,7
Hauswirtschaftliche Dienste,LU,nReglementiert,0,0,0,0,0,0,0,0,0
Hauswirtschaftliche Dienste,UR,abt-total,8,0,8,2,0,2,6,0,6
Hauswirtschaftliche Dienste,UR,EFZ,8,0,8,2,0,2,6,0,6
Hauswirtschaftliche Dienste,UR,EBA,0,0,0,0,0,0,0,0,0
Hauswirtschaftliche Dienste,UR,nReglementiert,0,0,0,0,0,0,0,0,0
Hauswirtschaftliche Dienste,SZ,abt-total,30,0,30,19,0,19,11,0,11
Hauswirtschaftliche Dienste,SZ,EFZ,26,0,26,18,0,18,8,0,8
Hauswirtschaftliche Dienste,SZ,EBA,4,0,4,1,0,1,3,0,3
Hauswirtschaftliche Dienste,SZ,nReglementiert,0,0,0,0,0,0,0,0,0
Hauswirtschaftliche Dienste,OW,abt-total,11,0,11,5,0,5,6,0,6
Hauswirtschaftliche Dienste,OW,EFZ,9,0,9,5,0,5,4,0,4
Hauswirtschaftliche Dienste,OW,EBA,2,0,2,0,0,0,2,0,2
Hauswirtschaftliche Dienste,OW,nReglementiert,0,0,0,0,0,0,0,0,0
Hauswirtschaftliche Dienste,NW,abt-total,10,0,10,5,0,5,5,0,5
Hauswirtschaftliche Dienste,NW,EFZ,10,0,10,5,0,5,5,0,5
Hauswirtschaftliche Dienste,NW,EBA,0,0,0,0,0,0,0,0,0
Hauswirtschaftliche Dienste,NW,nReglementiert,0,0,0,0,0,0,0,0,0
Hauswirtschaftliche Dienste,GL,abt-total,6,0,6,4,0,4,2,0,2
Hauswirtschaftliche Dienste,GL,EFZ,6,0,6,4,0,4,2,0,2
Hauswirtschaftliche Dienste,GL,EBA,0,0,0,0,0,0,0,0,0
Hauswirtschaftliche Dienste,GL,nReglementiert,0,0,0,0,0,0,0,0,0
Hauswirtschaftliche Dienste,ZG,abt-total,24,0,24,10,0,10,14,0,14
Hauswirtschaftliche Dienste,ZG,EFZ,16,0,16,10,0,10,6,0,6
Hauswirtschaftliche Dienste,ZG,EBA,8,0,8,0,0,0,8,0,8
Hauswirtschaftliche Dienste,ZG,nReglementiert,0,0,0,0,0,0,0,0,0
Hauswirtschaftliche Dienste,FR,abt-total,47,0,47,14,0,14,33,0,33
Hauswirtschaftliche Dienste,FR,EFZ,34,0,34,14,0,14,20,0,20
Hauswirtschaftliche Dienste,FR,EBA,13,0,13,0,0,0,13,0,13
Hauswirtschaftliche Dienste,FR,nReglementiert,0,0,0,0,0,0,0,0,0
Hauswirtschaftliche Dienste,SO,abt-total,50,0,50,27,0,27,23,0,23
Hauswirtschaftliche Dienste,SO,EFZ,28,0,28,25,0,25,3,0,3
Hauswirtschaftliche Dienste,SO,EBA,22,0,22,2,0,2,20,0,20
Hauswirtschaftliche Dienste,SO,nReglementiert,0,0,0,0,0,0,0,0,0
Hauswirtschaftliche Dienste,BS,abt-total,32,0,32,19,0,19,13,0,13
Hauswirtschaftliche Dienste,BS,EFZ,24,0,24,17,0,17,7,0,7
Hauswirtschaftliche Dienste,BS,EBA,8,0,8,2,0,2,6,0,6
Hauswirtschaftliche Dienste,BS,nReglementiert,0,0,0,0,0,0,0,0,0
Hauswirtschaftliche Dienste,BL,abt-total,59,0,59,36,0,36,23,0,23
Hauswirtschaftliche Dienste,BL,EFZ,52,0,52,36,0,36,16,0,16
Hauswirtschaftliche Dienste,BL,EBA,7,0,7,0,0,0,7,0,7
Hauswirtschaftliche Dienste,Bl,nReglementiert,0,0,0,0,0,0,0,0,0
Hauswirtschaftliche Dienste,SH,abt-total,33,0,33,20,0,20,13,0,13
Hauswirtschaftliche Dienste,SH,EFZ,28,0,28,20,0,20,8,0,8
Hauswirtschaftliche Dienste,SH,EBA,5,0,5,0,0,0,5,0,5
Hauswirtschaftliche Dienste,SH,nReglementiert,0,0,0,0,0,0,0,0,0
Hauswirtschaftliche Dienste,AR,abt-total,15,0,15,4,0,4,11,0,11
Hauswirtschaftliche Dienste,AR,EFZ,9,0,9,4,0,4,5,0,5
Hauswirtschaftliche Dienste,AR,EBA,6,0,6,0,0,0,6,0,6
Hauswirtschaftliche Dienste,AR,nReglementiert,0,0,0,0,0,0,0,0,0
Hauswirtschaftliche Dienste,AI,abt-total,1,0,1,0,0,0,1,0,1
Hauswirtschaftliche Dienste,AI,EFZ,1,0,1,0,0,0,1,0,1
Hauswirtschaftliche Dienste,AI,EBA,0,0,0,0,0,0,0,0,0
Hauswirtschaftliche Dienste,AI,nReglementiert,0,0,0,0,0,0,0,0,0
Hauswirtschaftliche Dienste,SG,abt-total,117,0,117,45,0,45,72,0,72
Hauswirtschaftliche Dienste,SG,EFZ,91,0,91,43,0,43,48,0,48
Hauswirtschaftliche Dienste,SG,EBA,26,0,26,2,0,2,24,0,24
Hauswirtschaftliche Dienste,SG,nReglementiert,0,0,0,0,0,0,0,0,0
Hauswirtschaftliche Dienste,GR,abt-total,36,0,36,16,0,16,20,0,20
Hauswirtschaftliche Dienste,GR,EFZ,33,0,33,16,0,16,17,0,17
Hauswirtschaftliche Dienste,GR,EBA,3,0,3,0,0,0,3,0,3
Hauswirtschaftliche Dienste,GR,nReglementiert,0,0,0,0,0,0,0,0,0
Hauswirtschaftliche Dienste,AG,abt-total,124,0,124,94,0,94,30,0,30
Hauswirtschaftliche Dienste,AG,EFZ,119,0,119,93,0,93,26,0,26
Hauswirtschaftliche Dienste,AG,EBA,5,0,5,1,0,1,4,0,4
Hauswirtschaftliche Dienste,AG,nReglementiert,0,0,0,0,0,0,0,0,0
Hauswirtschaftliche Dienste,TG,abt-total,59,0,59,29,0,29,30,0,30
Hauswirtschaftliche Dienste,TG,EFZ,52,0,52,28,0,28,24,0,24
Hauswirtschaftliche Dienste,TG,EBA,7,0,7,1,0,1,6,0,6
Hauswirtschaftliche Dienste,TG,nReglementiert,0,0,0,0,0,0,0,0,0
Hauswirtschaftliche Dienste,TI,abt-total,67,0,67,36,0,36,31,0,31
Hauswirtschaftliche Dienste,TI,EFZ,49,0,49,34,0,34,15,0,15
Hauswirtschaftliche Dienste,TI,EBA,18,0,18,2,0,2,16,0,16
Hauswirtschaftliche Dienste,TI,nReglementiert,0,0,0,0,0,0,0,0,0
Hauswirtschaftliche Dienste,VD,abt-total,183,0,183,115,0,115,68,0,68
Hauswirtschaftliche Dienste,VD,EFZ,158,0,158,101,0,101,57,0,57
Hauswirtschaftliche Dienste,VD,EBA,25,0,25,14,0,14,11,0,11
Hauswirtschaftliche Dienste,VD,nReglementiert,0,0,0,0,0,0,0,0,0
Hauswirtschaftliche Dienste,VS,abt-total,67,26,41,26,2,24,41,24,17
Hauswirtschaftliche Dienste,VS,EFZ,46,15,31,24,1,23,22,14,8
Hauswirtschaftliche Dienste,VS,EBA,21,11,10,2,1,1,19,10,9
Hauswirtschaftliche Dienste,VS,nReglementiert,0,0,0,0,0,0,0,0,0
Hauswirtschaftliche Dienste,NE,abt-total,32,0,32,13,0,13,19,0,19
Hauswirtschaftliche Dienste,NE,EFZ,29,0,29,13,0,13,16,0,16
Hauswirtschaftliche Dienste,NE,EBA,3,0,3,0,0,0,3,0,3
Hauswirtschaftliche Dienste,NE,nReglementiert,0,0,0,0,0,0,0,0,0
Hauswirtschaftliche Dienste,GE,abt-total,71,28,43,34,4,30,37,24,13
Hauswirtschaftliche Dienste,GE,EFZ,61,28,33,28,4,24,33,24,9
Hauswirtschaftliche Dienste,GE,EBA,10,0,10,6,0,6,4,0,4
Hauswirtschaftliche Dienste,GE,nReglementiert,0,0,0,0,0,0,0,0,0
Hauswirtschaftliche Dienste,JU,abt-total,29,17,12,10,3,7,19,14,5
Hauswirtschaftliche Dienste,JU,EFZ,20,11,9,8,2,6,12,9,3
Hauswirtschaftliche Dienste,JU,EBA,9,6,3,2,1,1,7,5,2
Hauswirtschaftliche Dienste,JU,nReglementiert,0,0,0,0,0,0,0,0,0
Coiffeurgewerbe und Schönheitspflege,,abt-total,1572,0,1572,133,0,133,1439,0,1439
Coiffeurgewerbe und Schönheitspflege,,EFZ,1488,0,1488,120,0,120,1368,0,1368
Coiffeurgewerbe und Schönheitspflege,,EBA,84,0,84,13,0,13,71,0,71
Coiffeurgewerbe und Schönheitspflege,,nReglementiert,0,0,0,0,0,0,0,0,0
Coiffeurgewerbe und Schönheitspflege,ZH,abt-total,272,0,272,28,0,28,244,0,244
Coiffeurgewerbe und Schönheitspflege,ZH,EFZ,261,0,261,26,0,26,235,0,235
Coiffeurgewerbe und Schönheitspflege,ZH,EBA,11,0,11,2,0,2,9,0,9
Coiffeurgewerbe und Schönheitspflege,ZH,nReglementiert,0,0,0,0,0,0,0,0,0
Coiffeurgewerbe und Schönheitspflege,BE,abt-total,155,0,155,16,0,16,139,0,139
Coiffeurgewerbe und Schönheitspflege,BE,EFZ,152,0,152,15,0,15,137,0,137
Coiffeurgewerbe und Schönheitspflege,BE,EBA,3,0,3,1,0,1,2,0,2
Coiffeurgewerbe und Schönheitspflege,BE,nReglementiert,0,0,0,0,0,0,0,0,0
Coiffeurgewerbe und Schönheitspflege,LU,abt-total,86,0,86,6,0,6,80,0,80
Coiffeurgewerbe und Schönheitspflege,LU,EFZ,75,0,75,6,0,6,69,0,69
Coiffeurgewerbe und Schönheitspflege,LU,EBA,11,0,11,0,0,0,11,0,11
Coiffeurgewerbe und Schönheitspflege,LU,nReglementiert,0,0,0,0,0,0,0,0,0
Coiffeurgewerbe und Schönheitspflege,UR,abt-total,6,0,6,0,0,0,6,0,6
Coiffeurgewerbe und Schönheitspflege,UR,EFZ,6,0,6,0,0,0,6,0,6
Coiffeurgewerbe und Schönheitspflege,UR,EBA,0,0,0,0,0,0,0,0,0
Coiffeurgewerbe und Schönheitspflege,UR,nReglementiert,0,0,0,0,0,0,0,0,0
Coiffeurgewerbe und Schönheitspflege,SZ,abt-total,24,0,24,2,0,2,22,0,22
Coiffeurgewerbe und Schönheitspflege,SZ,EFZ,22,0,22,2,0,2,20,0,20
Coiffeurgewerbe und Schönheitspflege,SZ,EBA,2,0,2,0,0,0,2,0,2
Coiffeurgewerbe und Schönheitspflege,SZ,nReglementiert,0,0,0,0,0,0,0,0,0
Coiffeurgewerbe und Schönheitspflege,OW,abt-total,4,0,4,1,0,1,3,0,3
Coiffeurgewerbe und Schönheitspflege,OW,EFZ,4,0,4,1,0,1,3,0,3
Coiffeurgewerbe und Schönheitspflege,OW,EBA,0,0,0,0,0,0,0,0,0
Coiffeurgewerbe und Schönheitspflege,OW,nReglementiert,0,0,0,0,0,0,0,0,0
Coiffeurgewerbe und Schönheitspflege,NW,abt-total,10,0,10,1,0,1,9,0,9
Coiffeurgewerbe und Schönheitspflege,NW,EFZ,10,0,10,1,0,1,9,0,9
Coiffeurgewerbe und Schönheitspflege,NW,EBA,0,0,0,0,0,0,0,0,0
Coiffeurgewerbe und Schönheitspflege,NW,nReglementiert,0,0,0,0,0,0,0,0,0
Coiffeurgewerbe und Schönheitspflege,GL,abt-total,11,0,11,0,0,0,11,0,11
Coiffeurgewerbe und Schönheitspflege,GL,EFZ,10,0,10,0,0,0,10,0,10
Coiffeurgewerbe und Schönheitspflege,GL,EBA,1,0,1,0,0,0,1,0,1
Coiffeurgewerbe und Schönheitspflege,GL,nReglementiert,0,0,0,0,0,0,0,0,0
Coiffeurgewerbe und Schönheitspflege,ZG,abt-total,25,0,25,1,0,1,24,0,24
Coiffeurgewerbe und Schönheitspflege,ZG,EFZ,22,0,22,1,0,1,21,0,21
Coiffeurgewerbe und Schönheitspflege,ZG,EBA,3,0,3,0,0,0,3,0,3
Coiffeurgewerbe und Schönheitspflege,ZG,nReglementiert,0,0,0,0,0,0,0,0,0
Coiffeurgewerbe und Schönheitspflege,FR,abt-total,52,0,52,5,0,5,47,0,47
Coiffeurgewerbe und Schönheitspflege,FR,EFZ,50,0,50,4,0,4,46,0,46
Coiffeurgewerbe und Schönheitspflege,FR,EBA,2,0,2,1,0,1,1,0,1
Coiffeurgewerbe und Schönheitspflege,FR,nReglementiert,0,0,0,0,0,0,0,0,0
Coiffeurgewerbe und Schönheitspflege,SO,abt-total,36,0,36,4,0,4,32,0,32
Coiffeurgewerbe und Schönheitspflege,SO,EFZ,33,0,33,4,0,4,29,0,29
Coiffeurgewerbe und Schönheitspflege,SO,EBA,3,0,3,0,0,0,3,0,3
Coiffeurgewerbe und Schönheitspflege,SO,nReglementiert,0,0,0,0,0,0,0,0,0
Coiffeurgewerbe und Schönheitspflege,BS,abt-total,55,0,55,5,0,5,50,0,50
Coiffeurgewerbe und Schönheitspflege,BS,EFZ,54,0,54,5,0,5,49,0,49
Coiffeurgewerbe und Schönheitspflege,BS,EBA,1,0,1,0,0,0,1,0,1
Coiffeurgewerbe und Schönheitspflege,BS,nReglementiert,0,0,0,0,0,0,0,0,0
Coiffeurgewerbe und Schönheitspflege,BL,abt-total,29,0,29,1,0,1,28,0,28
Coiffeurgewerbe und Schönheitspflege,BL,EFZ,25,0,25,1,0,1,24,0,24
Coiffeurgewerbe und Schönheitspflege,BL,EBA,4,0,4,0,0,0,4,0,4
Coiffeurgewerbe und Schönheitspflege,Bl,nReglementiert,0,0,0,0,0,0,0,0,0
Coiffeurgewerbe und Schönheitspflege,SH,abt-total,26,0,26,1,0,1,25,0,25
Coiffeurgewerbe und Schönheitspflege,SH,EFZ,25,0,25,1,0,1,24,0,24
Coiffeurgewerbe und Schönheitspflege,SH,EBA,1,0,1,0,0,0,1,0,1
Coiffeurgewerbe und Schönheitspflege,SH,nReglementiert,0,0,0,0,0,0,0,0,0
Coiffeurgewerbe und Schönheitspflege,AR,abt-total,11,0,11,2,0,2,9,0,9
Coiffeurgewerbe und Schönheitspflege,AR,EFZ,10,0,10,2,0,2,8,0,8
Coiffeurgewerbe und Schönheitspflege,AR,EBA,1,0,1,0,0,0,1,0,1
Coiffeurgewerbe und Schönheitspflege,AR,nReglementiert,0,0,0,0,0,0,0,0,0
Coiffeurgewerbe und Schönheitspflege,AI,abt-total,2,0,2,0,0,0,2,0,2
Coiffeurgewerbe und Schönheitspflege,AI,EFZ,2,0,2,0,0,0,2,0,2
Coiffeurgewerbe und Schönheitspflege,AI,EBA,0,0,0,0,0,0,0,0,0
Coiffeurgewerbe und Schönheitspflege,AI,nReglementiert,0,0,0,0,0,0,0,0,0
Coiffeurgewerbe und Schönheitspflege,SG,abt-total,131,0,131,11,0,11,120,0,120
Coiffeurgewerbe und Schönheitspflege,SG,EFZ,121,0,121,11,0,11,110,0,110
Coiffeurgewerbe und Schönheitspflege,SG,EBA,10,0,10,0,0,0,10,0,10
Coiffeurgewerbe und Schönheitspflege,SG,nReglementiert,0,0,0,0,0,0,0,0,0
Coiffeurgewerbe und Schönheitspflege,GR,abt-total,36,0,36,2,0,2,34,0,34
Coiffeurgewerbe und Schönheitspflege,GR,EFZ,35,0,35,2,0,2,33,0,33
Coiffeurgewerbe und Schönheitspflege,GR,EBA,1,0,1,0,0,0,1,0,1
Coiffeurgewerbe und Schönheitspflege,GR,nReglementiert,0,0,0,0,0,0,0,0,0
Coiffeurgewerbe und Schönheitspflege,AG,abt-total,133,0,133,11,0,11,122,0,122
Coiffeurgewerbe und Schönheitspflege,AG,EFZ,128,0,128,9,0,9,119,0,119
Coiffeurgewerbe und Schönheitspflege,AG,EBA,5,0,5,2,0,2,3,0,3
Coiffeurgewerbe und Schönheitspflege,AG,nReglementiert,0,0,0,0,0,0,0,0,0
Coiffeurgewerbe und Schönheitspflege,TG,abt-total,33,0,33,1,0,1,32,0,32
Coiffeurgewerbe und Schönheitspflege,TG,EFZ,33,0,33,1,0,1,32,0,32
Coiffeurgewerbe und Schönheitspflege,TG,EBA,0,0,0,0,0,0,0,0,0
Coiffeurgewerbe und Schönheitspflege,TG,nReglementiert,0,0,0,0,0,0,0,0,0
Coiffeurgewerbe und Schönheitspflege,TI,abt-total,67,0,67,9,0,9,58,0,58
Coiffeurgewerbe und Schönheitspflege,TI,EFZ,64,0,64,8,0,8,56,0,56
Coiffeurgewerbe und Schönheitspflege,TI,EBA,3,0,3,1,0,1,2,0,2
Coiffeurgewerbe und Schönheitspflege,TI,nReglementiert,0,0,0,0,0,0,0,0,0
Coiffeurgewerbe und Schönheitspflege,VD,abt-total,147,0,147,12,0,12,135,0,135
Coiffeurgewerbe und Schönheitspflege,VD,EFZ,137,0,137,9,0,9,128,0,128
Coiffeurgewerbe und Schönheitspflege,VD,EBA,10,0,10,3,0,3,7,0,7
Coiffeurgewerbe und Schönheitspflege,VD,nReglementiert,0,0,0,0,0,0,0,0,0
Coiffeurgewerbe und Schönheitspflege,VS,abt-total,77,0,77,3,0,3,74,0,74
Coiffeurgewerbe und Schönheitspflege,VS,EFZ,77,0,77,3,0,3,74,0,74
Coiffeurgewerbe und Schönheitspflege,VS,EBA,0,0,0,0,0,0,0,0,0
Coiffeurgewerbe und Schönheitspflege,VS,nReglementiert,0,0,0,0,0,0,0,0,0
Coiffeurgewerbe und Schönheitspflege,NE,abt-total,55,0,55,5,0,5,50,0,50
Coiffeurgewerbe und Schönheitspflege,NE,EFZ,53,0,53,4,0,4,49,0,49
Coiffeurgewerbe und Schönheitspflege,NE,EBA,2,0,2,1,0,1,1,0,1
Coiffeurgewerbe und Schönheitspflege,NE,nReglementiert,0,0,0,0,0,0,0,0,0
Coiffeurgewerbe und Schönheitspflege,GE,abt-total,71,0,71,5,0,5,66,0,66
Coiffeurgewerbe und Schönheitspflege,GE,EFZ,62,0,62,4,0,4,58,0,58
Coiffeurgewerbe und Schönheitspflege,GE,EBA,9,0,9,1,0,1,8,0,8
Coiffeurgewerbe und Schönheitspflege,GE,nReglementiert,0,0,0,0,0,0,0,0,0
Coiffeurgewerbe und Schönheitspflege,JU,abt-total,18,0,18,1,0,1,17,0,17
Coiffeurgewerbe und Schönheitspflege,JU,EFZ,17,0,17,0,0,0,17,0,17
Coiffeurgewerbe und Schönheitspflege,JU,EBA,1,0,1,1,0,1,0,0,0
Coiffeurgewerbe und Schönheitspflege,JU,nReglementiert,0,0,0,0,0,0,0,0,0
Verkehrsdienstleistungen,,abt-total,328,0,328,302,0,302,26,0,26
Verkehrsdienstleistungen,,EFZ,325,0,325,299,0,299,26,0,26
Verkehrsdienstleistungen,,EBA,3,0,3,3,0,3,0,0,0
Verkehrsdienstleistungen,,nReglementiert,0,0,0,0,0,0,0,0,0
Verkehrsdienstleistungen,ZH,abt-total,26,0,26,23,0,23,3,0,3
Verkehrsdienstleistungen,ZH,EFZ,26,0,26,23,0,23,3,0,3
Verkehrsdienstleistungen,ZH,EBA,0,0,0,0,0,0,0,0,0
Verkehrsdienstleistungen,ZH,nReglementiert,0,0,0,0,0,0,0,0,0
Verkehrsdienstleistungen,BE,abt-total,44,0,44,38,0,38,6,0,6
Verkehrsdienstleistungen,BE,EFZ,44,0,44,38,0,38,6,0,6
Verkehrsdienstleistungen,BE,EBA,0,0,0,0,0,0,0,0,0
Verkehrsdienstleistungen,BE,nReglementiert,0,0,0,0,0,0,0,0,0
Verkehrsdienstleistungen,LU,abt-total,21,0,21,18,0,18,3,0,3
Verkehrsdienstleistungen,LU,EFZ,21,0,21,18,0,18,3,0,3
Verkehrsdienstleistungen,LU,EBA,0,0,0,0,0,0,0,0,0
Verkehrsdienstleistungen,LU,nReglementiert,0,0,0,0,0,0,0,0,0
Verkehrsdienstleistungen,UR,abt-total,1,0,1,1,0,1,0,0,0
Verkehrsdienstleistungen,UR,EFZ,1,0,1,1,0,1,0,0,0
Verkehrsdienstleistungen,UR,EBA,0,0,0,0,0,0,0,0,0
Verkehrsdienstleistungen,UR,nReglementiert,0,0,0,0,0,0,0,0,0
Verkehrsdienstleistungen,SZ,abt-total,4,0,4,3,0,3,1,0,1
Verkehrsdienstleistungen,SZ,EFZ,4,0,4,3,0,3,1,0,1
Verkehrsdienstleistungen,SZ,EBA,0,0,0,0,0,0,0,0,0
Verkehrsdienstleistungen,SZ,nReglementiert,0,0,0,0,0,0,0,0,0
Verkehrsdienstleistungen,OW,abt-total,4,0,4,3,0,3,1,0,1
Verkehrsdienstleistungen,OW,EFZ,4,0,4,3,0,3,1,0,1
Verkehrsdienstleistungen,OW,EBA,0,0,0,0,0,0,0,0,0
Verkehrsdienstleistungen,OW,nReglementiert,0,0,0,0,0,0,0,0,0
Verkehrsdienstleistungen,NW,abt-total,3,0,3,3,0,3,0,0,0
Verkehrsdienstleistungen,NW,EFZ,3,0,3,3,0,3,0,0,0
Verkehrsdienstleistungen,NW,EBA,0,0,0,0,0,0,0,0,0
Verkehrsdienstleistungen,NW,nReglementiert,0,0,0,0,0,0,0,0,0
Verkehrsdienstleistungen,GL,abt-total,2,0,2,2,0,2,0,0,0
Verkehrsdienstleistungen,GL,EFZ,1,0,1,1,0,1,0,0,0
Verkehrsdienstleistungen,GL,EBA,1,0,1,1,0,1,0,0,0
Verkehrsdienstleistungen,GL,nReglementiert,0,0,0,0,0,0,0,0,0
Verkehrsdienstleistungen,ZG,abt-total,1,0,1,1,0,1,0,0,0
Verkehrsdienstleistungen,ZG,EFZ,1,0,1,1,0,1,0,0,0
Verkehrsdienstleistungen,ZG,EBA,0,0,0,0,0,0,0,0,0
Verkehrsdienstleistungen,ZG,nReglementiert,0,0,0,0,0,0,0,0,0
Verkehrsdienstleistungen,FR,abt-total,19,0,19,18,0,18,1,0,1
Verkehrsdienstleistungen,FR,EFZ,19,0,19,18,0,18,1,0,1
Verkehrsdienstleistungen,FR,EBA,0,0,0,0,0,0,0,0,0
Verkehrsdienstleistungen,FR,nReglementiert,0,0,0,0,0,0,0,0,0
Verkehrsdienstleistungen,SO,abt-total,8,0,8,8,0,8,0,0,0
Verkehrsdienstleistungen,SO,EFZ,8,0,8,8,0,8,0,0,0
Verkehrsdienstleistungen,SO,EBA,0,0,0,0,0,0,0,0,0
Verkehrsdienstleistungen,SO,nReglementiert,0,0,0,0,0,0,0,0,0
Verkehrsdienstleistungen,BS,abt-total,16,0,16,14,0,14,2,0,2
Verkehrsdienstleistungen,BS,EFZ,16,0,16,14,0,14,2,0,2
Verkehrsdienstleistungen,BS,EBA,0,0,0,0,0,0,0,0,0
Verkehrsdienstleistungen,BS,nReglementiert,0,0,0,0,0,0,0,0,0
Verkehrsdienstleistungen,BL,abt-total,13,0,13,12,0,12,1,0,1
Verkehrsdienstleistungen,BL,EFZ,13,0,13,12,0,12,1,0,1
Verkehrsdienstleistungen,BL,EBA,0,0,0,0,0,0,0,0,0
Verkehrsdienstleistungen,Bl,nReglementiert,0,0,0,0,0,0,0,0,0
Verkehrsdienstleistungen,SH,abt-total,2,0,2,2,0,2,0,0,0
Verkehrsdienstleistungen,SH,EFZ,2,0,2,2,0,2,0,0,0
Verkehrsdienstleistungen,SH,EBA,0,0,0,0,0,0,0,0,0
Verkehrsdienstleistungen,SH,nReglementiert,0,0,0,0,0,0,0,0,0
Verkehrsdienstleistungen,AR,abt-total,2,0,2,2,0,2,0,0,0
Verkehrsdienstleistungen,AR,EFZ,2,0,2,2,0,2,0,0,0
Verkehrsdienstleistungen,AR,EBA,0,0,0,0,0,0,0,0,0
Verkehrsdienstleistungen,AR,nReglementiert,0,0,0,0,0,0,0,0,0
Verkehrsdienstleistungen,AI,abt-total,0,0,0,0,0,0,0,0,0
Verkehrsdienstleistungen,AI,EFZ,0,0,0,0,0,0,0,0,0
Verkehrsdienstleistungen,AI,EBA,0,0,0,0,0,0,0,0,0
Verkehrsdienstleistungen,AI,nReglementiert,0,0,0,0,0,0,0,0,0
Verkehrsdienstleistungen,SG,abt-total,32,0,32,30,0,30,2,0,2
Verkehrsdienstleistungen,SG,EFZ,32,0,32,30,0,30,2,0,2
Verkehrsdienstleistungen,SG,EBA,0,0,0,0,0,0,0,0,0
Verkehrsdienstleistungen,SG,nReglementiert,0,0,0,0,0,0,0,0,0
Verkehrsdienstleistungen,GR,abt-total,7,0,7,7,0,7,0,0,0
Verkehrsdienstleistungen,GR,EFZ,7,0,7,7,0,7,0,0,0
Verkehrsdienstleistungen,GR,EBA,0,0,0,0,0,0,0,0,0
Verkehrsdienstleistungen,GR,nReglementiert,0,0,0,0,0,0,0,0,0
Verkehrsdienstleistungen,AG,abt-total,28,0,28,24,0,24,4,0,4
Verkehrsdienstleistungen,AG,EFZ,28,0,28,24,0,24,4,0,4
Verkehrsdienstleistungen,AG,EBA,0,0,0,0,0,0,0,0,0
Verkehrsdienstleistungen,AG,nReglementiert,0,0,0,0,0,0,0,0,0
Verkehrsdienstleistungen,TG,abt-total,6,0,6,6,0,6,0,0,0
Verkehrsdienstleistungen,TG,EFZ,6,0,6,6,0,6,0,0,0
Verkehrsdienstleistungen,TG,EBA,0,0,0,0,0,0,0,0,0
Verkehrsdienstleistungen,TG,nReglementiert,0,0,0,0,0,0,0,0,0
Verkehrsdienstleistungen,TI,abt-total,13,0,13,13,0,13,0,0,0
Verkehrsdienstleistungen,TI,EFZ,13,0,13,13,0,13,0,0,0
Verkehrsdienstleistungen,TI,EBA,0,0,0,0,0,0,0,0,0
Verkehrsdienstleistungen,TI,nReglementiert,0,0,0,0,0,0,0,0,0
Verkehrsdienstleistungen,VD,abt-total,33,0,33,32,0,32,1,0,1
Verkehrsdienstleistungen,VD,EFZ,33,0,33,32,0,32,1,0,1
Verkehrsdienstleistungen,VD,EBA,0,0,0,0,0,0,0,0,0
Verkehrsdienstleistungen,VD,nReglementiert,0,0,0,0,0,0,0,0,0
Verkehrsdienstleistungen,VS,abt-total,32,0,32,31,0,31,1,0,1
Verkehrsdienstleistungen,VS,EFZ,30,0,30,29,0,29,1,0,1
Verkehrsdienstleistungen,VS,EBA,2,0,2,2,0,2,0,0,0
Verkehrsdienstleistungen,VS,nReglementiert,0,0,0,0,0,0,0,0,0
Verkehrsdienstleistungen,NE,abt-total,8,0,8,8,0,8,0,0,0
Verkehrsdienstleistungen,NE,EFZ,8,0,8,8,0,8,0,0,0
Verkehrsdienstleistungen,NE,EBA,0,0,0,0,0,0,0,0,0
Verkehrsdienstleistungen,NE,nReglementiert,0,0,0,0,0,0,0,0,0
Verkehrsdienstleistungen,GE,abt-total,3,0,3,3,0,3,0,0,0
Verkehrsdienstleistungen,GE,EFZ,3,0,3,3,0,3,0,0,0
Verkehrsdienstleistungen,GE,EBA,0,0,0,0,0,0,0,0,0
Verkehrsdienstleistungen,GE,nReglementiert,0,0,0,0,0,0,0,0,0
Verkehrsdienstleistungen,JU,abt-total,0,0,0,0,0,0,0,0,0
Verkehrsdienstleistungen,JU,EFZ,0,0,0,0,0,0,0,0,0
Verkehrsdienstleistungen,JU,EBA,0,0,0,0,0,0,0,0,0
Verkehrsdienstleistungen,JU,nReglementiert,0,0,0,0,0,0,0,0,0
Umweltschutz,,abt-total,35,0,35,32,0,32,3,0,3
Umweltschutz,,EFZ,35,0,35,32,0,32,3,0,3
Umweltschutz,,EBA,0,0,0,0,0,0,0,0,0
Umweltschutz,,nReglementiert,0,0,0,0,0,0,0,0,0
Umweltschutz,ZH,abt-total,4,0,4,4,0,4,0,0,0
Umweltschutz,ZH,EFZ,4,0,4,4,0,4,0,0,0
Umweltschutz,ZH,EBA,0,0,0,0,0,0,0,0,0
Umweltschutz,ZH,nReglementiert,0,0,0,0,0,0,0,0,0
Umweltschutz,BE,abt-total,2,0,2,1,0,1,1,0,1
Umweltschutz,BE,EFZ,2,0,2,1,0,1,1,0,1
Umweltschutz,BE,EBA,0,0,0,0,0,0,0,0,0
Umweltschutz,BE,nReglementiert,0,0,0,0,0,0,0,0,0
Umweltschutz,LU,abt-total,2,0,2,2,0,2,0,0,0
Umweltschutz,LU,EFZ,2,0,2,2,0,2,0,0,0
Umweltschutz,LU,EBA,0,0,0,0,0,0,0,0,0
Umweltschutz,LU,nReglementiert,0,0,0,0,0,0,0,0,0
Umweltschutz,UR,abt-total,3,0,3,3,0,3,0,0,0
Umweltschutz,UR,EFZ,3,0,3,3,0,3,0,0,0
Umweltschutz,UR,EBA,0,0,0,0,0,0,0,0,0
Umweltschutz,UR,nReglementiert,0,0,0,0,0,0,0,0,0
Umweltschutz,SZ,abt-total,0,0,0,0,0,0,0,0,0
Umweltschutz,SZ,EFZ,0,0,0,0,0,0,0,0,0
Umweltschutz,SZ,EBA,0,0,0,0,0,0,0,0,0
Umweltschutz,SZ,nReglementiert,0,0,0,0,0,0,0,0,0
Umweltschutz,OW,abt-total,1,0,1,1,0,1,0,0,0
Umweltschutz,OW,EFZ,1,0,1,1,0,1,0,0,0
Umweltschutz,OW,EBA,0,0,0,0,0,0,0,0,0
Umweltschutz,OW,nReglementiert,0,0,0,0,0,0,0,0,0
Umweltschutz,NW,abt-total,0,0,0,0,0,0,0,0,0
Umweltschutz,NW,EFZ,0,0,0,0,0,0,0,0,0
Umweltschutz,NW,EBA,0,0,0,0,0,0,0,0,0
Umweltschutz,NW,nReglementiert,0,0,0,0,0,0,0,0,0
Umweltschutz,GL,abt-total,0,0,0,0,0,0,0,0,0
Umweltschutz,GL,EFZ,0,0,0,0,0,0,0,0,0
Umweltschutz,GL,EBA,0,0,0,0,0,0,0,0,0
Umweltschutz,GL,nReglementiert,0,0,0,0,0,0,0,0,0
Umweltschutz,ZG,abt-total,0,0,0,0,0,0,0,0,0
Umweltschutz,ZG,EFZ,0,0,0,0,0,0,0,0,0
Umweltschutz,ZG,EBA,0,0,0,0,0,0,0,0,0
Umweltschutz,ZG,nReglementiert,0,0,0,0,0,0,0,0,0
Umweltschutz,FR,abt-total,1,0,1,1,0,1,0,0,0
Umweltschutz,FR,EFZ,1,0,1,1,0,1,0,0,0
Umweltschutz,FR,EBA,0,0,0,0,0,0,0,0,0
Umweltschutz,FR,nReglementiert,0,0,0,0,0,0,0,0,0
Umweltschutz,SO,abt-total,1,0,1,1,0,1,0,0,0
Umweltschutz,SO,EFZ,1,0,1,1,0,1,0,0,0
Umweltschutz,SO,EBA,0,0,0,0,0,0,0,0,0
Umweltschutz,SO,nReglementiert,0,0,0,0,0,0,0,0,0
Umweltschutz,BS,abt-total,0,0,0,0,0,0,0,0,0
Umweltschutz,BS,EFZ,0,0,0,0,0,0,0,0,0
Umweltschutz,BS,EBA,0,0,0,0,0,0,0,0,0
Umweltschutz,BS,nReglementiert,0,0,0,0,0,0,0,0,0
Umweltschutz,BL,abt-total,1,0,1,1,0,1,0,0,0
Umweltschutz,BL,EFZ,1,0,1,1,0,1,0,0,0
Umweltschutz,BL,EBA,0,0,0,0,0,0,0,0,0
Umweltschutz,Bl,nReglementiert,0,0,0,0,0,0,0,0,0
Umweltschutz,SH,abt-total,0,0,0,0,0,0,0,0,0
Umweltschutz,SH,EFZ,0,0,0,0,0,0,0,0,0
Umweltschutz,SH,EBA,0,0,0,0,0,0,0,0,0
Umweltschutz,SH,nReglementiert,0,0,0,0,0,0,0,0,0
Umweltschutz,AR,abt-total,0,0,0,0,0,0,0,0,0
Umweltschutz,AR,EFZ,0,0,0,0,0,0,0,0,0
Umweltschutz,AR,EBA,0,0,0,0,0,0,0,0,0
Umweltschutz,AR,nReglementiert,0,0,0,0,0,0,0,0,0
Umweltschutz,AI,abt-total,0,0,0,0,0,0,0,0,0
Umweltschutz,AI,EFZ,0,0,0,0,0,0,0,0,0
Umweltschutz,AI,EBA,0,0,0,0,0,0,0,0,0
Umweltschutz,AI,nReglementiert,0,0,0,0,0,0,0,0,0
Umweltschutz,SG,abt-total,8,0,8,8,0,8,0,0,0
Umweltschutz,SG,EFZ,8,0,8,8,0,8,0,0,0
Umweltschutz,SG,EBA,0,0,0,0,0,0,0,0,0
Umweltschutz,SG,nReglementiert,0,0,0,0,0,0,0,0,0
Umweltschutz,GR,abt-total,0,0,0,0,0,0,0,0,0
Umweltschutz,GR,EFZ,0,0,0,0,0,0,0,0,0
Umweltschutz,GR,EBA,0,0,0,0,0,0,0,0,0
Umweltschutz,GR,nReglementiert,0,0,0,0,0,0,0,0,0
Umweltschutz,AG,abt-total,7,0,7,7,0,7,0,0,0
Umweltschutz,AG,EFZ,7,0,7,7,0,7,0,0,0
Umweltschutz,AG,EBA,0,0,0,0,0,0,0,0,0
Umweltschutz,AG,nReglementiert,0,0,0,0,0,0,0,0,0
Umweltschutz,TG,abt-total,0,0,0,0,0,0,0,0,0
Umweltschutz,TG,EFZ,0,0,0,0,0,0,0,0,0
Umweltschutz,TG,EBA,0,0,0,0,0,0,0,0,0
Umweltschutz,TG,nReglementiert,0,0,0,0,0,0,0,0,0
Umweltschutz,TI,abt-total,2,0,2,2,0,2,0,0,0
Umweltschutz,TI,EFZ,2,0,2,2,0,2,0,0,0
Umweltschutz,TI,EBA,0,0,0,0,0,0,0,0,0
Umweltschutz,TI,nReglementiert,0,0,0,0,0,0,0,0,0
Umweltschutz,VD,abt-total,2,0,2,1,0,1,1,0,1
Umweltschutz,VD,EFZ,2,0,2,1,0,1,1,0,1
Umweltschutz,VD,EBA,0,0,0,0,0,0,0,0,0
Umweltschutz,VD,nReglementiert,0,0,0,0,0,0,0,0,0
Umweltschutz,VS,abt-total,0,0,0,0,0,0,0,0,0
Umweltschutz,VS,EFZ,0,0,0,0,0,0,0,0,0
Umweltschutz,VS,EBA,0,0,0,0,0,0,0,0,0
Umweltschutz,VS,nReglementiert,0,0,0,0,0,0,0,0,0
Umweltschutz,NE,abt-total,0,0,0,0,0,0,0,0,0
Umweltschutz,NE,EFZ,0,0,0,0,0,0,0,0,0
Umweltschutz,NE,EBA,0,0,0,0,0,0,0,0,0
Umweltschutz,NE,nReglementiert,0,0,0,0,0,0,0,0,0
Umweltschutz,GE,abt-total,1,0,1,0,0,0,1,0,1
Umweltschutz,GE,EFZ,1,0,1,0,0,0,1,0,1
Umweltschutz,GE,EBA,0,0,0,0,0,0,0,0,0
Umweltschutz,GE,nReglementiert,0,0,0,0,0,0,0,0,0
Umweltschutz,JU,abt-total,0,0,0,0,0,0,0,0,0
Umweltschutz,JU,EFZ,0,0,0,0,0,0,0,0,0
Umweltschutz,JU,EBA,0,0,0,0,0,0,0,0,0
Umweltschutz,JU,nReglementiert,0,0,0,0,0,0,0,0,0
